PLAYER TEAM AGE GP W L MIN DEF RTG DREB DREB% %DREB STL STL% BLK %BLK OPP PTS
OFF TOV OPP PTS
2ND CHANCE OPP PTS
FB OPP PTS
PAINT DEF
WS




1 Mason Jones SAC 25 1 0 1 13.0 63.0 3.0 20.0 27.3 0.0 0.0 0.0 0.0 6.0 0.0 0.0 0.0 0.224
2 Wenyen Gabriel MEM 26 2 0 2 17.0 83.8 3.5 18.9 25.9 1.0 28.6 0.0 0.0 5.0 3.0 3.0 10.0 0.189
3 Donovan Mitchell CLE 27 47 32 15 35.7 107.1 4.5 12.0 17.5 1.8 29.5 0.5 13.3 11.7 9.7 9.7 34.3 0.175
4 Rudy Gobert MIN 31 62 43 19 33.9 106.2 9.2 25.7 36.8 0.6 12.7 2.1 50.8 11.8 9.0 9.2 30.8 0.171
5 OG Anunoby NYK 26 41 23 18 34.2 107.8 3.2 9.1 13.0 1.3 23.8 0.7 19.3 10.8 9.4 9.7 35.6 0.163
6 Anthony Edwards MIN 22 62 42 20 35.1 108.1 4.7 12.6 18.3 1.3 23.4 0.6 12.3 11.8 9.2 9.3 34.0 0.159
7 Max Strus CLE 27 60 39 21 32.2 107.8 3.9 11.3 16.7 0.9 16.4 0.5 14.3 11.1 8.8 9.5 30.8 0.151
8 Evan Mobley CLE 22 38 24 14 31.1 107.6 7.8 22.7 33.9 0.9 19.2 1.6 44.4 10.7 9.1 8.9 29.6 0.149
9 Jayson Tatum BOS 26 60 47 13 35.9 109.5 7.6 19.2 28.1 1.0 20.3 0.6 11.9 9.8 10.0 9.8 35.9 0.149
10 Franz Wagner ORL 22 57 34 23 33.1 108.6 4.5 13.9 20.1 1.0 18.3 0.4 11.8 10.1 7.8 9.5 31.8 0.147
11 Gabe Vincent LAL 27 5 2 3 25.5 103.7 0.6 2.3 3.2 1.2 25.0 0.0 0.0 9.8 8.6 4.4 19.2 0.146
12 Karl-Anthony Towns MIN 28 60 41 19 32.8 108.5 6.9 20.5 29.5 0.7 15.2 0.7 18.3 11.0 8.5 8.8 32.3 0.145
13 Fred VanVleet HOU 30 57 28 29 36.8 110.3 3.3 8.6 12.6 1.2 21.0 0.8 23.7 10.9 9.7 7.6 35.4 0.143
14 Trey Murphy III NOP 23 39 25 14 27.1 105.6 3.6 12.4 18.0 0.8 17.2 0.5 16.5 7.5 6.9 6.8 26.1 0.142
15 Derrick White BOS 29 59 47 12 32.2 109.0 3.3 9.3 13.5 1.0 22.9 1.2 27.1 8.6 9.2 8.6 32.3 0.141
16 Mike Conley MIN 36 60 42 18 28.9 107.2 2.5 8.3 12.1 1.1 25.0 0.2 5.7 10.5 7.9 8.0 28.1 0.138
17 Joel Embiid PHI 29 34 26 8 34.0 110.5 8.7 24.1 35.5 1.1 19.8 1.8 43.8 10.1 9.4 11.1 35.9 0.135
18 Jarrett Allen CLE 25 59 39 20 31.6 109.3 7.3 22.5 32.8 0.7 14.5 1.2 37.5 11.1 8.2 8.9 30.6 0.135
19 Shai Gilgeous-Alexander OKC 25 63 45 18 34.4 110.5 4.7 12.8 19.9 2.1 34.2 1.0 18.8 9.7 11.0 8.3 32.6 0.135
20 Bam Adebayo MIA 26 54 30 24 34.6 110.5 8.1 23.6 34.4 1.1 18.8 1.0 36.4 10.9 10.2 9.6 33.1 0.134
21 Naz Reid MIN 24 65 44 21 23.5 104.5 3.9 15.7 23.4 0.7 16.5 0.9 25.6 7.9 6.6 6.3 21.8 0.133
22 Marcus Smart MEM 30 20 7 13 30.2 109.2 2.4 7.3 10.5 2.1 37.6 0.3 6.5 10.9 8.6 9.8 27.5 0.133
23 Darius Garland CLE 24 40 24 16 33.1 110.0 1.9 5.5 8.3 1.3 24.4 0.1 3.0 11.7 9.5 8.8 31.6 0.132
24 Tari Eason HOU 22 22 12 10 21.8 103.1 4.9 20.3 29.8 1.4 36.9 0.9 33.3 6.4 6.5 3.9 20.4 0.132
25 T.J. Warren MIN 30 3 1 2 16.8 97.2 2.0 12.2 16.2 0.3 25.0 0.0 0.0 4.0 4.0 4.3 21.3 0.132
26 Ja Morant MEM 24 9 6 3 35.3 111.1 4.9 13.4 20.3 0.8 15.2 0.6 11.1 13.0 10.3 11.7 38.0 0.132
27 Jalen Williams OKC 22 58 40 18 31.6 109.8 3.5 10.3 16.1 1.1 19.7 0.5 11.6 9.0 10.4 8.2 31.4 0.131
28 Kawhi Leonard LAC 32 57 38 19 34.6 110.7 5.0 13.9 20.6 1.7 28.6 0.8 23.0 10.1 9.6 9.5 33.8 0.131
29 DeJon Jarreau MEM 26 1 0 1 28.1 108.5 10.0 40.0 52.6 3.0 42.9 0.0 0.0 6.0 5.0 10.0 14.0 0.127
30 Jrue Holiday BOS 33 58 45 13 33.2 110.7 4.3 11.8 17.2 0.9 20.4 0.7 16.6 9.5 9.4 9.1 32.1 0.127
31 Jaylen Brown BOS 27 58 44 14 33.4 111.1 4.4 11.9 17.3 1.1 24.3 0.5 10.7 9.5 9.5 9.7 33.6 0.126
32 Kristaps Porzingis BOS 28 46 35 11 29.8 109.5 5.4 16.0 23.1 0.6 16.5 1.8 39.4 8.2 8.7 8.9 28.8 0.126
33 Chet Holmgren OKC 21 64 45 19 30.1 109.9 6.2 18.7 29.5 0.6 13.4 2.5 52.3 8.5 10.4 7.8 29.0 0.124
34 Nikola Jokic DEN 29 62 43 19 34.2 111.5 9.3 27.0 38.5 1.2 23.4 0.9 27.1 11.1 8.2 10.3 36.4 0.123
35 Nickeil Alexander-Walker MIN 25 65 44 21 23.3 106.0 1.6 6.4 9.4 0.8 22.4 0.5 17.1 7.4 6.0 6.0 21.9 0.122
36 Dean Wade CLE 27 54 36 18 20.5 103.5 3.4 15.4 22.3 0.7 21.5 0.5 21.0 7.1 4.6 5.8 20.1 0.122
37 Kyle Anderson MIN 30 62 43 19 22.3 105.6 2.8 12.0 17.4 0.8 20.9 0.5 17.1 8.0 5.9 6.1 20.9 0.121
38 Alex Caruso CHI 30 55 27 28 27.5 109.0 2.8 10.0 15.2 1.6 33.6 1.1 36.9 8.7 7.8 7.2 24.1 0.121
39 Damian Lillard MIL 33 60 42 18 35.0 112.1 3.9 10.1 14.6 1.0 20.5 0.2 5.1 10.9 9.8 10.9 39.3 0.121
40 Brook Lopez MIL 35 62 41 21 31.2 110.8 3.9 11.2 15.9 0.6 15.1 2.6 69.7 9.8 9.0 9.7 33.9 0.119
41 Josh Hart NYK 29 63 36 27 31.8 110.9 6.2 19.6 28.6 0.9 18.0 0.3 11.2 9.2 7.7 8.6 30.4 0.119
42 Adama Sanogo CHI 22 3 0 3 3.5 9.1 1.3 33.3 50.0 0.0 0.0 0.0 0.0 0.7 0.0 0.7 0.7 0.118
43 Paul George LAC 33 57 38 19 34.0 111.8 4.8 13.9 20.5 1.6 27.4 0.4 12.1 9.8 9.2 9.3 33.4 0.118
44 Al Horford BOS 37 53 41 12 26.7 108.6 5.4 18.6 26.4 0.5 16.6 1.0 26.2 7.5 6.6 6.7 26.3 0.118
45 Aaron Gordon DEN 28 58 39 19 31.4 111.1 4.1 13.0 18.6 0.9 17.6 0.6 19.7 10.8 7.9 9.3 34.4 0.116
46 Jaden McDaniels MIN 23 55 36 19 29.3 110.0 2.2 7.2 10.4 0.9 20.3 0.5 17.4 9.7 8.0 7.4 28.4 0.116
47 Kentavious Caldwell-Pope DEN 31 58 41 17 31.8 111.3 1.9 6.0 8.8 1.3 27.4 0.5 14.5 10.4 8.4 9.3 33.9 0.116
48 Jimmy Butler MIA 34 45 23 22 34.2 112.3 3.6 10.6 15.5 1.4 25.5 0.4 13.7 11.2 10.0 10.1 33.4 0.115
49 Herbert Jones NOP 25 59 37 22 29.4 110.4 2.5 8.3 12.0 1.3 26.5 0.8 23.4 9.3 7.7 8.0 28.1 0.115
50 Zion Williamson NOP 23 53 32 21 30.7 111.4 3.9 12.1 18.1 0.9 15.9 0.6 18.0 10.6 8.9 9.5 30.2 0.113
51 Isaac Okoro CLE 23 55 35 20 26.9 109.5 2.1 7.4 11.0 0.9 20.9 0.6 19.4 9.6 6.4 7.0 26.3 0.113
52 Malik Beasley MIL 27 63 40 23 29.8 111.0 3.2 9.8 14.1 0.8 20.2 0.1 3.1 8.7 8.6 9.0 32.3 0.112
53 Giannis Antetokounmpo MIL 29 62 40 22 35.0 113.0 8.7 23.4 34.0 1.2 24.3 1.0 27.2 10.4 9.5 9.0 37.2 0.111
54 Tobias Harris PHI 31 58 35 23 34.1 112.7 5.2 15.1 22.5 1.1 17.9 0.6 12.3 9.6 9.5 10.9 36.7 0.111
55 Paolo Banchero ORL 21 63 36 27 34.9 113.0 5.7 17.2 25.1 1.0 16.7 0.6 15.1 11.8 9.3 10.6 35.7 0.111
56 Kevin Durant PHX 35 57 32 25 37.2 113.7 6.1 15.4 23.1 0.9 15.0 1.3 29.3 14.2 11.4 11.3 40.6 0.111
57 Tyler Herro MIA 24 36 19 17 33.6 112.7 4.8 14.1 20.8 0.8 15.4 0.1 3.4 11.8 10.1 10.6 35.9 0.111
58 Brandon Ingram NOP 26 58 35 23 33.2 112.3 4.4 13.1 18.7 0.8 14.6 0.6 17.9 10.8 8.6 9.7 32.6 0.110
59 Jordan Walsh BOS 20 4 4 0 8.3 78.3 2.3 22.0 29.0 0.5 28.6 0.3 33.3 2.0 0.8 3.3 5.0 0.109
60 Michael Porter Jr. DEN 25 63 44 19 31.7 112.2 5.7 17.8 25.5 0.5 10.6 0.7 22.0 9.9 7.8 9.3 33.5 0.107
61 Julius Randle NYK 29 46 29 17 35.4 113.8 7.0 19.8 28.6 0.5 9.9 0.3 9.0 11.7 8.8 11.7 35.7 0.106
62 CJ McCollum NOP 32 48 32 16 31.3 112.3 3.7 11.9 17.1 1.0 19.4 0.7 20.2 9.7 8.3 8.9 31.2 0.105
63 Duncan Robinson MIA 29 59 33 26 28.3 111.1 2.3 8.0 11.8 0.7 15.1 0.2 11.0 9.0 8.0 7.5 27.4 0.105
64 Jaren Jackson Jr. MEM 24 57 19 38 32.0 112.8 4.4 13.7 20.6 1.1 20.3 1.6 36.6 10.9 9.5 9.5 31.3 0.104
65 Tyrese Maxey PHI 23 55 35 20 37.4 114.4 3.2 8.5 12.9 1.0 16.3 0.5 10.4 10.6 11.1 12.9 41.0 0.103
66 DeMar DeRozan CHI 34 62 30 32 37.9 114.6 3.7 9.8 14.7 1.1 18.8 0.6 15.2 12.0 10.5 9.9 35.3 0.103
67 Jalen Brunson NYK 27 59 36 23 35.3 113.9 3.1 8.9 12.8 0.9 16.8 0.2 6.5 10.5 8.9 11.2 35.6 0.103
68 LeBron James LAL 39 57 31 26 35.1 113.8 6.2 16.8 24.9 1.2 22.2 0.6 13.8 12.3 11.1 11.5 37.3 0.103
69 Devin Booker PHX 27 50 31 19 35.8 114.0 3.9 10.1 15.4 0.9 18.1 0.4 9.3 12.5 10.9 10.1 36.2 0.103
70 Jamal Murray DEN 27 48 35 13 31.8 112.7 3.3 10.1 15.1 0.9 18.3 0.6 15.1 11.4 8.9 9.8 35.0 0.103
71 Jaime Jaquez Jr. MIA 23 58 34 24 29.4 111.9 2.8 9.4 13.7 1.1 26.8 0.2 10.4 9.6 8.5 7.9 28.8 0.102
72 Markelle Fultz ORL 25 27 15 12 22.3 108.2 2.0 9.3 13.5 1.1 24.2 0.3 20.9 6.9 5.8 6.0 22.2 0.102
73 Caris LeVert CLE 29 52 32 20 28.0 111.5 3.3 11.4 17.4 1.0 25.0 0.5 14.8 9.2 8.1 7.8 27.1 0.102
74 Sam Hauser BOS 26 62 49 13 20.7 106.8 2.7 12.0 17.4 0.4 13.8 0.3 10.1 6.0 5.6 4.7 20.3 0.102
75 Jose Alvarado NOP 25 43 29 14 17.2 103.8 1.8 9.7 14.9 1.1 31.0 0.3 18.7 5.5 4.5 4.8 15.8 0.101
76 Luguentz Dort OKC 24 62 43 19 28.4 111.9 2.7 9.0 14.0 0.9 19.5 0.7 16.8 8.3 9.3 7.6 26.9 0.100
77 Alperen Sengun HOU 21 63 29 34 32.5 113.2 6.4 19.3 28.1 1.2 24.1 0.7 27.7 9.3 9.2 7.3 31.8 0.100
78 Jabari Smith Jr. HOU 20 59 28 31 32.1 113.1 6.6 19.5 29.0 0.7 16.5 0.8 26.6 9.4 9.1 7.1 32.0 0.100
79 Vince Williams Jr. MEM 23 52 18 34 27.6 111.4 4.4 16.3 24.9 0.9 18.9 0.7 16.9 9.9 7.9 7.9 28.8 0.100
80 Dillon Brooks HOU 28 55 25 30 31.3 112.9 2.7 8.3 12.5 0.9 19.6 0.1 4.7 10.2 8.9 6.9 31.0 0.099
81 Robert Covington PHI 33 29 20 9 16.8 103.6 2.3 12.7 19.8 1.3 36.8 0.6 32.7 6.1 5.0 5.6 16.0 0.099
82 Wendell Carter Jr. ORL 24 38 20 18 26.2 110.7 4.8 19.5 27.5 0.5 10.3 0.6 26.9 9.2 6.3 7.8 24.6 0.099
83 De'Anthony Melton PHI 25 36 23 13 27.8 111.9 3.1 11.0 16.4 1.6 30.3 0.4 12.2 8.4 7.1 8.6 30.9 0.099
84 Mikal Bridges BKN 27 65 26 39 35.4 114.4 3.9 11.0 16.4 1.0 20.1 0.4 9.6 10.8 10.2 11.3 35.7 0.099
85 Victor Wembanyama SAS 20 56 13 43 28.7 112.2 8.1 27.2 39.3 1.3 28.0 3.4 70.7 11.2 7.8 8.4 31.4 0.098
86 Jonathan Isaac ORL 26 44 27 17 14.9 101.3 3.0 19.6 30.4 0.7 25.2 1.2 53.1 4.5 3.0 3.6 12.5 0.098
87 Jusuf Nurkic PHX 29 60 37 23 27.2 111.6 8.0 27.9 39.8 1.0 23.6 1.1 35.6 9.6 6.7 7.7 28.8 0.097
88 Royce O'Neale PHX 30 61 26 35 25.5 110.9 4.0 14.9 22.7 0.8 19.0 0.6 20.3 9.5 7.3 8.0 24.4 0.097
89 GG Jackson MEM 19 31 9 22 21.2 108.3 2.5 11.3 17.8 0.5 12.2 0.6 21.4 8.5 7.0 6.8 23.0 0.096
90 James Harden LAC 34 58 38 20 34.7 114.3 4.7 13.3 19.7 1.1 19.3 0.9 24.3 10.5 9.2 9.4 35.0 0.095
91 Chris Paul GSW 38 39 20 19 26.9 111.5 3.4 12.1 18.4 1.3 31.0 0.1 3.8 8.7 8.1 7.2 26.5 0.095
92 Ish Wainright PHX 29 7 1 6 6.6 76.7 1.3 17.6 23.1 0.3 28.6 0.1 25.0 2.1 0.3 2.4 4.0 0.095
93 De'Aaron Fox SAC 26 55 32 23 35.7 114.9 3.4 9.7 13.8 1.9 33.9 0.4 13.6 12.1 8.1 9.3 36.8 0.095
94 Coby White CHI 24 64 31 33 36.9 115.0 4.2 11.5 17.0 0.7 13.6 0.2 6.9 11.8 10.1 9.7 34.5 0.095
95 Bradley Beal PHX 30 35 21 14 32.6 113.9 3.2 9.6 14.6 0.9 17.7 0.3 8.8 12.4 10.1 10.4 34.5 0.095
96 Jeff Dowtin Jr. PHI 26 3 0 3 16.4 103.1 1.0 4.9 9.1 1.0 37.5 0.3 12.5 5.7 5.7 2.0 17.3 0.095
97 Desmond Bane MEM 25 37 14 23 34.5 114.6 3.6 10.4 15.3 1.0 19.7 0.5 12.5 13.2 10.0 10.2 32.3 0.094
98 Jalen Suggs ORL 22 58 33 25 26.6 112.0 2.6 10.1 14.4 1.4 30.3 0.6 21.3 10.0 6.6 8.2 27.0 0.093
99 Ivica Zubac LAC 26 51 32 19 26.2 111.4 6.2 23.0 33.1 0.2 5.8 1.2 46.6 8.0 6.8 7.4 24.2 0.093
100 Larry Nance Jr. NOP 31 46 27 19 18.8 106.9 3.6 18.5 27.9 1.0 28.1 0.4 22.8 6.5 5.2 5.3 18.2 0.093
101 Dorian Finney-Smith BKN 30 56 23 33 28.4 112.6 3.0 10.5 15.5 0.8 19.2 0.6 19.5 8.6 7.8 8.2 28.1 0.093
102 Matt Ryan NOP 26 19 11 8 18.4 107.1 1.7 8.3 13.4 0.3 11.1 0.1 2.7 8.0 6.4 5.5 20.0 0.093
103 Nikola Vucevic CHI 33 59 29 30 34.5 114.7 7.9 23.0 33.9 0.7 13.6 0.8 24.1 11.1 9.3 9.2 32.0 0.093
104 Isaiah Hartenstein NYK 25 58 35 23 25.0 111.3 5.1 20.0 28.8 1.1 26.5 1.1 45.7 7.1 6.1 7.7 24.4 0.093
105 Jonathan Kuminga GSW 21 62 32 30 25.8 111.7 3.5 12.6 18.5 0.7 17.6 0.5 20.0 8.8 7.1 7.9 27.0 0.092
106 Kyle Lowry PHI 37 45 24 21 28.3 112.4 2.8 10.3 15.2 1.0 23.2 0.4 16.7 9.8 7.3 8.8 27.5 0.092
107 Caleb Martin MIA 28 47 26 21 27.2 112.2 3.4 12.6 18.7 0.7 17.8 0.4 23.8 8.5 7.6 7.1 24.9 0.092
108 Brandin Podziemski GSW 21 55 28 27 26.8 112.1 4.2 15.0 21.7 0.8 21.8 0.2 8.3 9.5 7.9 8.0 27.1 0.091
109 Jalen Green HOU 22 64 29 35 30.8 113.7 4.3 13.5 19.8 0.8 17.5 0.3 12.1 9.2 8.7 7.3 31.1 0.091
110 Scotty Pippen Jr. MEM 23 8 1 7 22.6 109.8 2.4 10.4 16.1 1.0 29.6 0.5 16.0 9.3 7.0 8.5 20.8 0.091
111 Jae'Sean Tate HOU 28 54 23 31 16.9 105.6 2.3 13.1 18.6 0.7 22.1 0.2 12.3 5.1 4.8 3.7 16.0 0.091
112 Toumani Camara POR 23 60 18 42 24.1 111.1 3.0 12.9 19.6 1.0 23.6 0.4 21.5 9.4 6.9 8.5 25.8 0.090
113 Anthony Davis LAL 31 62 35 27 35.8 115.3 9.4 24.9 36.4 1.2 20.9 2.5 54.9 12.0 10.8 11.7 37.3 0.090
114 Naji Marshall NOP 26 52 34 18 18.9 107.9 2.7 13.4 20.2 0.7 19.9 0.2 12.2 6.3 5.2 5.8 17.8 0.089
115 Cole Anthony ORL 23 64 37 27 23.0 110.5 3.1 13.9 21.3 0.8 22.1 0.5 17.2 7.8 6.1 6.3 22.5 0.089
116 Zach LaVine CHI 29 25 10 15 34.9 115.3 4.8 13.4 20.9 0.8 16.5 0.3 10.3 9.8 11.2 9.8 30.7 0.088
117 Josh Giddey OKC 21 63 45 18 24.6 111.7 4.8 18.1 28.1 0.7 18.5 0.5 14.3 7.2 8.3 6.8 25.2 0.088
118 Norman Powell LAC 30 62 40 22 25.9 112.5 2.5 9.1 13.8 0.6 13.8 0.3 10.3 8.6 7.6 8.4 26.8 0.088
119 D'Angelo Russell LAL 28 61 36 25 31.9 114.5 2.6 7.6 11.4 0.8 16.6 0.5 12.2 9.7 10.7 10.2 35.3 0.087
120 Isaiah Joe OKC 24 60 42 18 18.4 107.7 1.9 9.7 15.5 0.6 16.8 0.3 12.5 6.3 5.6 4.0 16.3 0.087
121 Draymond Green GSW 34 39 22 17 26.5 112.8 5.7 20.1 29.1 0.8 20.3 0.9 37.8 9.5 6.9 8.5 25.7 0.087
122 Mitchell Robinson NYK 25 21 12 9 29.2 113.7 5.0 17.9 25.5 1.5 33.7 1.3 71.1 10.1 7.2 9.8 29.2 0.087
123 Grayson Allen PHX 28 58 34 24 33.6 115.0 3.3 9.3 14.0 0.9 17.4 0.6 16.1 12.8 10.1 9.8 36.4 0.087
124 Xavier Tillman BOS 25 38 17 21 19.7 108.8 2.9 14.7 21.8 1.1 29.5 1.0 37.4 7.4 5.6 6.3 20.0 0.087
125 Nic Claxton BKN 24 55 21 34 29.6 114.0 7.2 24.1 36.3 0.6 14.9 2.1 59.7 9.3 8.4 10.5 29.2 0.087
126 Dereon Seabron NOP 23 6 3 3 9.2 92.5 1.0 8.2 12.5 0.3 33.3 0.2 16.7 4.0 2.2 1.8 8.7 0.086
127 Payton Pritchard BOS 26 63 49 14 20.3 109.0 2.3 10.6 15.6 0.4 16.8 0.1 3.7 5.7 5.1 5.3 19.8 0.086
128 Jarred Vanderbilt LAL 24 29 14 15 20.0 109.4 3.3 16.4 24.1 1.2 29.5 0.2 8.1 7.8 5.9 7.0 19.9 0.086
129 Amen Thompson HOU 21 45 18 27 19.7 109.5 3.8 19.0 27.3 1.2 28.9 0.7 34.1 6.5 4.9 6.0 19.4 0.086
130 Gary Harris ORL 29 41 26 15 23.1 111.2 1.2 5.4 7.9 0.9 23.1 0.3 10.8 7.5 6.6 6.2 23.5 0.085
131 Eric Gordon PHX 35 53 31 22 29.5 114.0 1.8 5.5 8.7 0.9 20.7 0.5 12.0 11.9 9.6 8.5 31.4 0.085
132 Ryan Rollins MIL 21 10 1 9 6.6 82.0 0.9 11.8 20.9 0.8 36.4 0.3 20.0 1.5 1.8 1.6 4.8 0.085
133 Devin Vassell SAS 23 58 13 45 32.3 115.0 3.5 10.4 15.4 1.1 20.1 0.4 8.7 12.9 9.8 9.8 38.9 0.084
134 Anthony Black ORL 20 59 32 27 18.4 108.5 1.8 9.7 14.2 0.6 18.4 0.3 12.4 7.1 4.2 6.2 19.0 0.084
135 Kaiser Gates NOP 27 1 0 1 7.4 88.2 1.0 9.1 20.0 0.0 0.0 0.0 0.0 3.0 4.0 0.0 6.0 0.083
136 Scottie Barnes TOR 22 60 22 38 34.9 115.8 5.9 16.7 25.1 1.3 22.8 1.5 38.1 11.4 10.8 9.0 38.8 0.083
137 Keegan Murray SAC 23 59 34 25 32.9 115.2 4.0 12.7 17.9 1.1 19.6 0.7 28.5 11.4 7.1 7.8 34.3 0.083
138 Dennis Smith Jr. BKN 26 49 19 30 19.7 109.5 2.2 11.3 17.2 1.2 34.9 0.2 14.0 6.0 5.6 5.0 18.1 0.083
139 Jalen Johnson ATL 22 48 24 24 34.0 115.7 7.3 20.8 31.3 1.1 21.2 0.9 25.6 11.3 10.0 12.6 38.0 0.082
140 Aaron Holiday HOU 27 61 28 33 16.5 107.0 1.4 8.1 11.6 0.5 18.2 0.1 5.4 5.2 4.5 3.8 16.0 0.082
141 Dyson Daniels NOP 20 52 30 22 21.9 111.2 2.7 12.0 18.2 1.4 34.4 0.4 19.1 7.0 6.3 5.9 21.3 0.081
142 Reggie Jackson DEN 33 64 44 20 22.3 111.5 1.6 6.9 10.3 0.5 17.5 0.1 5.6 7.9 6.2 5.6 22.2 0.081
143 Nikola Jovic MIA 20 30 14 16 17.8 108.2 3.6 19.7 27.5 0.4 15.5 0.4 24.4 5.6 5.7 4.2 18.5 0.081
144 Khris Middleton MIL 32 43 27 16 26.3 113.4 3.7 12.8 18.8 0.9 25.7 0.3 9.8 7.4 8.1 7.0 28.2 0.080
145 Quentin Grimes DET 23 49 30 19 20.2 109.6 1.7 8.0 12.0 0.7 24.3 0.1 8.4 6.2 5.9 6.1 20.3 0.080
146 Monte Morris MIN 28 17 10 7 14.2 104.4 1.4 9.7 14.0 0.5 20.5 0.2 7.9 3.6 3.5 5.2 15.2 0.080
147 Immanuel Quickley TOR 24 59 26 33 28.7 114.3 3.3 11.4 17.0 0.7 15.6 0.1 4.9 8.4 7.9 7.8 29.4 0.080
148 Ayo Dosunmu CHI 24 62 31 31 27.4 114.0 2.0 7.3 11.0 0.9 20.2 0.5 15.6 8.8 7.6 7.5 26.0 0.080
149 Derrick Rose MEM 35 24 6 18 16.6 107.7 1.6 8.9 13.3 0.3 13.1 0.1 4.3 5.5 5.8 3.5 16.3 0.080
150 Ausar Thompson DET 21 63 10 53 25.1 113.1 4.3 17.3 25.2 1.1 31.8 0.9 33.1 9.8 6.9 7.7 26.3 0.080
151 Isaiah Stewart DET 22 41 7 34 30.9 115.0 5.1 16.5 23.8 0.4 10.6 0.8 23.4 12.8 8.8 8.1 33.8 0.079
152 Malcolm Brogdon POR 31 39 15 24 28.7 114.5 3.1 10.8 16.7 0.7 15.7 0.2 7.0 11.0 8.8 9.1 33.4 0.079
153 Kyrie Irving DAL 31 42 25 17 34.3 116.0 4.3 11.9 18.4 1.2 24.9 0.5 12.5 10.0 10.7 10.0 37.7 0.079
154 Ben Simmons BKN 27 15 7 8 23.9 113.0 5.9 24.1 33.5 0.8 22.2 0.6 26.5 8.1 5.7 8.3 25.5 0.079
155 Gary Payton II GSW 31 28 16 12 15.5 107.2 1.8 11.0 15.6 1.0 31.2 0.4 24.4 5.2 3.0 5.4 15.9 0.079
156 Tre Jones SAS 24 59 13 46 26.4 113.7 2.7 9.7 14.4 0.9 22.5 0.1 3.3 9.9 7.9 7.2 30.1 0.079
157 Deandre Ayton POR 25 41 11 30 31.8 115.4 7.7 25.2 38.2 1.1 20.2 0.8 28.3 12.2 8.9 10.4 36.0 0.079
158 Lamar Stevens MEM 26 31 19 12 12.3 101.9 2.1 14.3 23.4 0.4 18.8 0.5 33.3 5.1 4.1 3.6 11.4 0.078
159 Jonas Valanciunas NOP 31 64 39 25 24.9 113.0 6.9 27.1 38.4 0.4 10.8 1.0 35.7 7.8 6.4 7.5 23.6 0.078
160 Luka Doncic DAL 25 56 33 23 37.6 116.8 8.3 21.5 32.4 1.5 27.6 0.6 14.9 11.8 10.8 13.2 41.1 0.078
161 Tre Mann CHA 23 24 16 8 18.9 109.4 3.0 15.6 23.8 0.9 28.4 0.0 0.0 6.0 5.7 5.4 18.6 0.078
162 Shaedon Sharpe POR 20 32 8 24 33.1 116.0 3.7 11.6 18.6 0.9 15.9 0.4 12.4 12.2 10.3 11.5 39.2 0.077
163 Santi Aldama MEM 23 53 20 33 25.7 113.4 4.4 17.0 26.4 0.6 16.6 0.8 23.2 9.6 7.6 7.4 24.9 0.077
164 Jaylen Nowell MEM 24 9 3 6 17.3 108.8 1.2 6.7 10.8 0.3 10.3 0.0 0.0 4.0 5.6 4.4 18.2 0.077
165 Rui Hachimura LAL 26 52 29 23 25.5 113.5 2.9 10.9 16.2 0.7 17.4 0.3 11.0 7.8 7.7 8.0 27.8 0.077
166 Matt Hurt MEM 23 8 2 6 14.2 104.8 0.9 6.0 10.0 0.4 16.7 0.4 25.0 6.1 5.8 2.8 14.8 0.077
167 Cam Reddish LAL 24 40 22 18 22.2 112.0 1.7 7.6 11.1 1.1 26.6 0.3 12.2 8.8 6.6 7.4 23.5 0.077
168 Nicolas Batum PHI 35 43 26 17 24.5 113.2 2.8 11.1 16.8 0.7 17.7 0.7 20.7 7.2 7.0 6.9 26.8 0.076
169 Josh Richardson MIA 30 43 24 19 25.6 113.7 2.4 9.4 14.0 0.6 15.1 0.3 21.5 8.9 7.3 6.1 25.9 0.076
170 Cason Wallace OKC 20 64 45 19 20.4 111.0 1.6 7.5 12.1 0.8 19.4 0.4 15.3 6.8 6.9 4.9 20.8 0.076
171 Bogdan Bogdanovic ATL 31 62 28 34 29.6 115.0 2.7 9.1 13.4 1.3 26.4 0.3 12.3 9.5 8.0 9.6 31.6 0.076
172 Precious Achiuwa NYK 24 57 28 29 23.0 112.4 4.0 17.6 26.7 0.7 19.4 1.0 39.3 7.2 6.4 6.6 23.5 0.076
173 Trey Jemison MEM 24 13 2 11 17.5 108.9 2.3 13.7 19.9 0.4 13.5 0.8 50.0 7.8 4.0 6.1 17.7 0.076
174 Onuralp Bitim CHI 24 8 4 4 12.0 102.0 1.3 9.5 14.7 0.3 12.5 0.1 12.5 4.0 4.3 0.4 8.8 0.076
175 Haywood Highsmith MIA 27 48 28 20 19.8 110.8 1.9 9.6 14.2 0.9 26.1 0.5 34.7 7.3 5.8 5.6 18.8 0.076
176 Kevin Love MIA 35 47 26 21 17.5 109.3 5.1 29.1 43.1 0.3 14.4 0.2 22.5 5.8 3.9 4.2 17.2 0.075
177 Cam Whitmore HOU 19 38 16 22 17.8 110.0 3.0 16.0 23.2 0.6 17.8 0.3 14.5 5.7 4.6 5.1 17.6 0.075
178 Jakob Poeltl TOR 28 50 21 29 26.4 114.2 5.7 21.4 30.9 0.7 16.7 1.5 53.1 8.5 7.2 7.4 27.8 0.075
179 John Konchar MEM 27 49 16 33 20.0 111.1 3.1 16.2 23.9 0.8 25.0 1.0 30.9 7.9 5.2 5.4 20.0 0.074
180 Pascal Siakam IND 29 63 27 36 34.0 116.3 5.0 14.8 21.7 0.8 16.4 0.3 8.6 10.6 9.5 9.4 38.7 0.074
181 Vasilije Micic CHA 30 43 29 14 15.9 107.7 1.0 6.2 9.8 0.4 13.7 0.1 4.1 5.6 5.5 4.3 16.4 0.074
182 Goga Bitadze ORL 24 52 27 25 17.4 109.3 3.2 18.7 27.0 0.6 20.8 1.3 55.1 5.6 4.5 4.8 17.7 0.073
183 Donte DiVincenzo NYK 27 63 37 26 26.6 114.6 2.7 10.3 15.0 1.3 30.0 0.4 15.8 8.4 6.8 7.9 26.3 0.073
184 Christian Braun DEN 22 64 44 20 19.1 111.0 2.7 13.1 20.4 0.5 17.6 0.4 16.7 6.8 5.7 4.8 18.8 0.072
185 Dennis Schroder BKN 30 65 24 41 30.5 115.8 2.4 7.8 11.5 0.8 19.0 0.2 6.1 9.6 8.7 9.0 32.6 0.072
186 Evan Fournier DET 31 14 4 10 16.4 109.2 1.8 11.1 16.0 0.9 24.5 0.1 9.5 7.8 4.9 5.4 18.3 0.072
187 Danuel House Jr. PHI 30 34 21 13 15.0 107.7 1.2 8.1 12.2 0.4 13.8 0.1 10.6 4.2 4.2 6.1 15.1 0.072
188 Cameron Johnson BKN 28 49 19 30 27.7 115.0 3.4 12.5 18.4 0.8 22.9 0.3 8.8 7.2 8.1 9.0 27.3 0.072
189 Georges Niang CLE 30 64 41 23 21.7 112.6 3.2 14.3 21.2 0.3 10.1 0.2 10.2 7.7 5.9 6.2 20.7 0.071
190 Christian Wood LAL 28 50 28 22 17.4 109.9 4.3 22.6 33.0 0.3 13.1 0.7 30.0 6.6 5.3 6.0 17.1 0.071
191 Grant Williams CHA 25 60 30 30 27.4 115.2 2.9 10.4 16.0 0.6 14.7 0.6 20.8 8.7 8.1 9.1 31.2 0.070
192 Jeremy Sochan SAS 20 64 14 50 29.6 115.7 4.4 14.6 21.4 0.8 17.3 0.5 11.8 11.8 8.5 8.9 34.8 0.070
193 Stephen Curry GSW 35 59 33 26 32.8 116.6 3.8 11.3 16.5 0.8 17.5 0.4 12.8 12.5 8.8 11.3 35.1 0.070
194 Domantas Sabonis SAC 27 63 36 27 35.8 117.2 10.1 29.7 41.6 0.9 15.9 0.6 22.4 12.4 8.0 9.0 37.7 0.070
195 Russell Westbrook LAC 35 58 38 20 22.6 113.7 3.7 15.5 23.7 1.1 28.0 0.4 15.6 7.5 7.1 8.6 24.4 0.070
196 Spencer Dinwiddie LAL 30 60 27 33 29.4 115.6 2.4 7.8 11.7 0.7 20.2 0.2 6.1 8.3 8.5 9.0 30.2 0.069
197 Kenrich Williams OKC 29 52 38 14 14.3 107.2 2.1 14.2 21.6 0.5 19.3 0.1 5.7 4.8 4.2 3.4 13.6 0.069
198 Ziaire Williams MEM 22 51 20 31 20.3 112.4 2.8 13.8 21.5 0.7 19.7 0.2 7.2 7.8 6.4 6.6 21.3 0.069
199 Day'Ron Sharpe BKN 22 48 20 28 15.5 108.8 3.9 23.8 35.7 0.4 18.9 0.8 44.4 5.1 4.2 4.4 14.5 0.069
200 Cam Thomas BKN 22 50 18 32 29.8 116.2 2.5 8.5 12.8 0.7 17.6 0.2 7.5 9.3 8.2 10.5 31.0 0.068
201 RJ Barrett TOR 23 52 24 28 31.5 116.6 4.4 13.7 20.9 0.5 10.7 0.4 13.4 10.3 9.6 10.5 34.5 0.068
202 Austin Reaves LAL 25 66 36 30 31.6 116.5 3.4 10.5 15.5 0.9 18.4 0.2 5.8 10.9 9.4 11.0 33.7 0.068
203 Moritz Wagner ORL 26 63 36 27 18.3 111.2 3.0 16.9 25.9 0.5 16.2 0.3 15.3 6.4 4.5 5.6 18.2 0.068
204 Jordan McLaughlin MIN 27 39 23 16 9.2 99.6 0.8 9.1 13.1 0.7 34.2 0.2 15.4 2.7 2.4 2.7 8.5 0.067
205 Peyton Watson DEN 21 62 43 19 18.4 111.4 2.3 11.2 17.6 0.6 23.6 1.0 37.1 6.7 5.5 4.8 18.8 0.067
206 Moses Moody GSW 21 49 26 23 17.9 110.9 2.1 11.2 16.2 0.7 25.8 0.4 23.8 6.3 4.4 6.1 17.7 0.067
207 Patrick Williams CHI 22 43 19 24 27.3 115.5 2.8 10.5 15.2 0.9 22.3 0.8 29.7 8.9 7.3 8.4 26.5 0.067
208 Markquis Nowell TOR 24 1 0 1 3.5 62.5 0.0 0.0 0.0 1.0 50.0 0.0 0.0 0.0 0.0 0.0 2.0 0.067
209 Trey Lyles SAC 28 48 28 20 20.0 112.4 3.4 16.8 24.4 0.3 10.7 0.3 14.7 7.1 4.9 5.2 19.3 0.067
210 Seth Curry CHA 33 44 25 19 14.0 107.5 1.1 7.8 12.0 0.5 20.6 0.1 9.7 4.8 4.3 4.4 14.2 0.067
211 Jason Preston UTA 24 1 0 1 1.2 0.0 0.0 0.0 0.0 0.0 0.0 0.0 0.0 0.0 0.0 0.0 0.0 0.067
212 Kelly Oubre Jr. PHI 28 51 29 22 29.3 116.2 3.3 11.4 17.3 1.2 23.4 0.5 14.9 8.8 9.0 9.7 30.8 0.066
213 Patrick Beverley MIL 35 60 36 24 19.2 111.7 2.5 12.2 19.2 0.6 17.8 0.4 18.2 5.8 5.9 5.4 18.4 0.066
214 Sidy Cissoko SAS 19 6 1 5 5.3 83.8 1.0 17.1 22.2 0.5 37.5 0.0 0.0 2.0 1.7 2.0 5.0 0.066
215 Patrick Baldwin Jr. WAS 21 21 3 18 7.8 95.0 1.8 19.9 29.9 0.1 5.6 0.2 22.2 2.6 1.6 2.5 7.4 0.066
216 Ashton Hagans POR 24 12 2 10 16.1 109.3 1.6 10.7 17.1 0.6 25.9 0.6 31.8 7.0 3.8 4.3 13.3 0.066
217 Lauri Markkanen UTA 26 51 22 29 32.9 117.2 6.0 17.8 26.1 0.9 18.9 0.5 13.2 12.5 9.3 11.9 35.6 0.066
218 Josh Okogie PHX 25 54 33 21 17.1 110.9 1.4 8.1 12.4 0.9 29.0 0.4 19.6 7.0 5.3 5.3 18.1 0.065
219 Jerami Grant POR 29 53 17 36 33.9 117.4 2.9 8.8 13.8 0.8 15.9 0.6 19.8 12.4 10.2 11.5 39.5 0.065
220 Andrew Nembhard IND 24 51 30 21 23.8 114.5 1.4 5.9 9.2 1.0 23.8 0.1 2.7 7.9 7.4 6.9 27.3 0.064
221 Jamaree Bouyea SAS 24 6 0 6 9.5 100.0 1.3 15.7 25.0 0.0 0.0 0.0 0.0 3.2 2.0 3.3 9.0 0.064
222 Jaylin Williams OKC 21 52 37 15 12.6 106.2 2.8 21.2 31.8 0.4 17.5 0.4 30.3 3.9 3.4 2.7 11.0 0.064
223 Jae Crowder MIL 33 34 19 15 24.2 114.9 3.0 12.4 17.9 0.9 22.5 0.2 9.2 6.9 6.1 7.7 26.2 0.064
224 Terance Mann LAC 27 57 38 19 25.3 115.2 2.1 8.4 12.3 0.5 13.7 0.2 9.9 8.6 6.9 7.1 26.0 0.063
225 Walker Kessler UTA 22 52 25 27 23.3 114.5 4.9 19.3 29.2 0.5 15.7 2.7 73.2 10.0 7.5 9.2 23.7 0.063
226 Jamal Cain MIA 24 16 7 9 14.1 108.9 1.2 8.8 12.9 0.6 30.3 0.3 36.4 5.5 3.4 4.1 14.9 0.063
227 Kris Murray POR 23 43 9 34 16.8 111.0 1.8 11.2 17.6 0.8 28.5 0.2 14.5 6.7 4.4 6.1 16.8 0.063
228 Luke Kennard MEM 27 33 12 21 24.9 115.3 2.5 10.1 16.2 0.5 12.1 0.0 0.9 9.3 8.6 8.5 27.1 0.063
229 Tyrese Haliburton IND 24 52 29 23 32.1 117.3 3.3 9.9 15.1 1.0 21.7 0.6 14.8 10.1 10.5 10.0 41.8 0.062
230 David Roddy PHX 22 55 18 37 20.8 113.8 2.7 13.3 20.1 0.5 15.2 0.2 8.0 7.8 6.5 5.8 21.9 0.062
231 Miles McBride NYK 23 51 30 21 14.8 109.4 0.8 5.2 7.8 0.6 28.0 0.1 7.5 4.6 3.4 3.5 14.0 0.062
232 Lonnie Walker IV BKN 25 44 20 24 18.2 112.4 2.0 10.6 15.6 0.7 20.9 0.3 17.6 6.8 5.2 5.6 17.8 0.062
233 Kobe Bufkin ATL 20 9 6 3 9.9 102.6 1.3 11.9 19.0 0.3 23.1 0.1 7.1 2.8 2.6 3.1 10.2 0.061
234 Joe Ingles ORL 36 51 32 19 17.3 111.8 1.8 10.9 16.8 0.7 22.1 0.1 4.3 5.9 4.7 4.8 17.9 0.061
235 Aaron Wiggins OKC 25 61 44 17 14.6 109.6 1.6 9.9 15.9 0.6 22.2 0.2 10.8 4.0 5.3 3.4 14.1 0.061
236 Jock Landale HOU 28 38 16 22 9.3 101.8 1.1 10.7 14.9 0.2 16.1 0.4 36.6 3.3 2.4 2.8 8.2 0.061
237 Jevon Carter CHI 28 61 30 31 13.6 108.7 0.7 4.9 7.5 0.5 19.0 0.2 14.8 3.8 4.2 3.6 12.0 0.061
238 P.J. Tucker LAC 38 19 7 12 15.5 110.7 1.7 11.0 16.2 0.5 16.7 0.2 12.9 5.6 3.7 6.5 15.7 0.060
239 Dexter Dennis DAL 25 4 1 3 7.5 100.0 2.0 21.1 32.0 0.0 0.0 0.3 25.0 3.8 3.3 5.8 12.0 0.060
240 Matisse Thybulle POR 27 60 17 43 23.3 115.2 1.6 7.2 11.7 1.8 39.7 0.7 30.6 9.1 7.7 8.4 26.6 0.060
241 Bol Bol PHX 24 26 17 9 11.2 105.8 2.6 19.2 29.4 0.2 17.1 0.6 34.8 4.8 3.7 4.2 9.8 0.060
242 Mark Williams CHA 22 19 7 12 26.8 116.4 5.7 20.9 31.1 0.8 20.8 1.1 42.6 9.4 8.9 8.9 30.6 0.060
243 Max Christie LAL 21 52 28 24 15.8 111.3 2.1 12.2 17.7 0.3 14.9 0.3 16.2 6.1 4.9 5.5 16.3 0.059
244 Malik Monk SAC 26 62 36 26 26.2 116.3 2.5 10.0 14.7 0.7 18.6 0.6 26.2 9.2 6.4 6.5 26.5 0.059
245 Maxi Kleber DAL 32 27 14 13 21.8 114.7 2.9 13.3 19.5 0.3 11.7 0.7 38.0 7.7 5.6 6.7 23.4 0.059
246 Sam Merrill CLE 27 46 31 15 16.3 111.4 1.5 9.0 13.1 0.3 15.0 0.0 3.0 5.6 3.8 4.6 15.4 0.059
247 Keldon Johnson SAS 24 60 14 46 29.6 117.3 4.1 13.5 20.0 0.8 18.1 0.3 8.7 10.5 9.5 9.0 33.4 0.058
248 Kevin Huerter SAC 25 61 35 26 24.9 115.9 2.9 12.4 17.4 0.7 16.7 0.4 18.5 8.1 5.9 6.0 27.5 0.058
249 Jake LaRavia MEM 22 20 3 17 16.8 111.9 1.9 10.3 17.1 0.6 25.0 0.4 15.2 8.0 6.6 5.1 17.1 0.058
250 Myles Turner IND 27 61 34 27 27.3 116.7 5.5 19.9 29.5 0.5 14.0 1.8 51.6 8.7 7.7 7.5 33.9 0.058
251 Davis Bertans CHA 31 26 16 10 11.3 106.2 1.0 9.0 12.6 0.4 24.4 0.2 20.8 3.3 2.2 2.4 10.8 0.058
252 Mamadi Diakite SAS 27 3 2 1 5.3 84.8 0.7 11.8 16.7 0.0 0.0 0.3 50.0 0.0 1.7 1.3 4.0 0.057
253 Dante Exum DAL 28 38 22 16 19.0 113.6 2.2 10.9 17.0 0.5 19.0 0.1 7.8 4.6 5.4 5.4 19.1 0.057
254 Taurean Prince LAL 29 63 34 29 28.5 117.1 2.7 9.2 13.8 0.8 18.5 0.5 14.4 9.8 9.3 10.2 30.6 0.057
255 Trevelin Queen ORL 27 13 5 8 12.5 108.3 1.2 9.6 15.2 0.5 23.3 0.4 29.4 5.2 3.9 3.0 14.8 0.057
256 Saben Lee PHX 24 21 12 9 8.5 101.1 1.0 11.0 17.1 0.3 30.4 0.1 9.4 3.7 2.0 2.6 7.7 0.057
257 Brandon Miller CHA 21 57 14 43 32.1 117.9 3.4 10.9 16.2 0.9 19.4 0.5 17.5 11.2 9.4 8.7 36.9 0.057
258 Bismack Biyombo OKC 31 35 17 18 21.4 114.6 3.9 17.8 25.8 0.3 10.8 1.0 36.5 8.2 5.9 6.2 20.6 0.057
259 Simone Fontecchio DET 28 62 27 35 24.2 116.0 2.6 10.3 15.1 0.7 17.4 0.3 12.3 8.4 6.5 9.1 26.3 0.056
260 Luke Kornet BOS 28 45 34 11 14.7 110.5 2.1 13.3 19.3 0.4 19.3 1.0 55.0 4.6 3.9 4.3 14.0 0.056
261 Shake Milton NYK 27 43 28 15 12.9 109.8 1.3 9.6 13.8 0.4 20.5 0.1 8.6 4.7 3.9 4.2 13.3 0.056
262 Trae Young ATL 25 51 22 29 36.5 118.9 2.3 6.3 9.6 1.4 23.3 0.2 5.9 12.3 11.8 13.7 43.6 0.056
263 Klay Thompson GSW 34 60 30 30 29.6 117.5 3.0 9.7 14.4 0.6 15.2 0.5 18.8 10.7 8.2 9.3 32.3 0.056
264 Jordan Goodwin MEM 25 46 25 21 15.9 111.7 2.0 12.0 18.6 0.7 28.2 0.3 14.3 6.0 4.0 4.1 16.0 0.056
265 Miles Bridges CHA 25 53 13 40 37.4 118.9 6.6 18.2 27.0 1.0 20.1 0.5 15.1 12.7 10.5 11.0 42.0 0.056
266 Jeff Green HOU 37 60 27 33 16.3 112.2 1.5 9.0 13.6 0.2 6.5 0.4 24.3 5.1 4.3 3.8 16.7 0.055
267 Deni Avdija WAS 23 61 11 50 28.8 117.5 5.7 19.0 29.4 0.8 17.5 0.4 14.6 10.7 9.8 9.0 36.2 0.055
268 Otto Porter Jr. UTA 30 15 6 9 11.6 107.5 1.5 13.0 18.4 0.3 14.3 0.3 25.0 3.9 3.2 3.3 10.9 0.055
269 Derrick Jones Jr. DAL 27 59 33 26 23.7 116.0 2.4 9.6 14.8 0.8 23.2 0.7 26.8 7.8 6.9 8.2 27.1 0.055
270 Alex Len SAC 30 29 14 15 8.7 102.1 1.8 20.3 28.2 0.3 22.9 0.5 50.0 2.1 1.6 1.8 7.4 0.055
271 Aaron Nesmith IND 24 56 31 25 27.1 117.0 2.9 10.7 16.7 1.0 23.2 0.7 20.2 9.1 8.7 6.9 31.8 0.055
272 Oshae Brissett BOS 25 40 33 7 10.7 106.8 1.8 16.0 22.9 0.4 27.6 0.1 9.1 3.5 2.6 3.4 11.5 0.055
273 Cody Martin CHA 28 28 7 21 26.9 116.9 3.2 12.4 17.9 1.1 29.9 0.6 25.4 8.6 7.3 7.2 28.6 0.054
274 Gary Trent Jr. TOR 25 59 22 37 27.3 117.1 2.1 7.7 11.8 1.0 23.1 0.2 5.6 9.0 8.6 7.9 31.8 0.054
275 Paul Reed PHI 24 64 36 28 18.7 114.0 3.4 19.4 29.2 0.7 19.0 1.0 43.3 5.3 5.5 6.1 20.4 0.054
276 Tim Hardaway Jr. DAL 31 61 35 26 28.5 117.5 3.1 10.7 16.7 0.5 12.5 0.1 3.5 8.6 9.2 8.9 31.5 0.054
277 Drew Eubanks PHX 27 58 31 27 15.9 112.4 2.9 17.0 27.2 0.4 16.4 0.8 37.7 5.9 5.5 5.4 15.2 0.053
278 Robert Williams III POR 26 6 2 4 19.8 114.9 4.5 22.7 34.6 1.2 31.8 1.2 46.7 7.5 4.3 8.2 20.7 0.053
279 Cade Cunningham DET 22 53 6 47 33.8 118.6 3.7 11.2 16.1 0.8 19.1 0.4 11.0 14.3 9.3 9.8 36.9 0.053
280 Buddy Hield PHI 31 66 35 31 27.0 117.5 2.6 10.1 15.5 0.9 22.0 0.5 16.3 9.2 8.2 8.4 32.3 0.053
281 Jordan Hawkins NOP 21 55 33 22 19.5 114.7 2.1 10.2 15.6 0.3 10.3 0.1 6.5 6.7 6.0 6.1 19.5 0.053
282 Devonte' Graham SAS 29 13 4 9 8.5 102.9 1.2 14.5 21.9 0.3 22.2 0.1 5.9 1.2 2.6 2.7 8.9 0.052
283 Clint Capela ATL 29 56 26 30 25.3 117.0 5.8 22.4 32.8 0.5 13.8 1.5 58.9 8.6 7.6 9.6 29.0 0.052
284 Justin Holiday DEN 34 40 25 15 14.7 112.0 1.1 7.4 11.1 0.6 24.5 0.1 7.1 4.7 3.4 4.9 15.6 0.052
285 Lester Quinones GSW 23 29 17 12 12.2 109.3 1.6 13.0 17.7 0.2 14.3 0.1 4.4 4.4 2.7 4.0 13.2 0.051
286 Harrison Barnes SAC 31 63 36 27 29.2 118.0 2.0 7.3 10.3 0.7 14.7 0.2 7.9 10.1 6.6 7.5 31.7 0.051
287 Bones Hyland LAC 23 25 15 10 13.5 110.9 0.8 5.6 8.9 0.6 24.6 0.1 5.6 5.3 4.5 4.7 14.2 0.051
288 Dereck Lively II DAL 20 45 26 19 24.6 116.8 4.4 17.1 25.6 0.7 20.1 1.4 50.8 7.5 6.9 9.0 26.3 0.051
289 Kira Lewis Jr. UTA 22 19 10 9 8.0 102.4 0.5 5.4 8.8 0.3 27.3 0.1 10.0 3.0 2.4 1.5 8.2 0.051
290 Andre Drummond CHI 30 64 31 33 17.1 113.7 5.4 32.1 48.3 1.0 33.5 0.6 32.5 5.7 5.0 4.7 15.3 0.051
291 Chuma Okeke ORL 25 38 17 21 10.4 106.9 1.5 14.3 20.6 0.2 14.8 0.2 17.9 4.1 2.1 2.7 10.5 0.051
292 Delon Wright MIA 31 36 8 28 14.2 112.2 1.4 9.2 14.1 1.1 44.2 0.3 18.8 5.2 4.5 4.2 16.2 0.051
293 Dru Smith MIA 26 9 7 2 14.5 112.5 0.9 5.8 9.9 1.0 34.6 0.3 23.1 4.9 5.4 4.0 13.3 0.049
294 Jericho Sims NYK 25 37 23 14 13.8 111.1 2.1 15.1 23.4 0.2 10.6 0.5 41.5 4.5 3.9 3.0 13.4 0.049
295 Taylor Hendricks UTA 20 23 10 13 17.4 114.4 2.8 15.0 22.1 0.6 22.6 0.6 29.5 6.9 5.0 6.5 18.1 0.049
296 Hamidou Diallo WAS 25 2 1 1 2.4 50.0 0.0 0.0 0.0 1.0 100 0.0 0.0 0.0 0.0 0.0 1.0 0.049
297 Neemias Queta BOS 24 23 19 4 12.3 110.0 2.5 19.4 28.6 0.4 25.0 0.6 48.3 2.9 3.1 3.4 10.1 0.049
298 Daniel Theis LAC 31 48 34 14 17.2 114.3 2.5 14.3 22.5 0.4 13.6 0.9 40.2 5.3 5.6 5.5 18.7 0.048
299 TyTy Washington Jr. MIL 22 5 3 2 4.1 84.8 0.2 5.6 6.3 0.4 40.0 0.0 0.0 2.6 0.4 1.4 1.6 0.048
300 Marcus Morris Sr. PHI 34 37 22 15 17.2 114.1 2.5 14.5 22.1 0.4 12.6 0.3 17.2 5.1 5.1 5.9 17.5 0.048
301 Ousmane Dieng OKC 20 30 18 12 11.3 108.9 1.3 11.0 16.8 0.2 10.2 0.1 7.9 4.1 2.9 2.9 11.1 0.048
302 Jalen Duren DET 20 48 10 38 29.8 118.5 8.5 27.8 39.7 0.5 13.8 0.8 25.5 12.6 8.3 8.8 33.1 0.048
303 Caleb Houstan ORL 21 48 24 24 14.5 112.3 1.1 7.4 10.9 0.3 13.6 0.1 4.4 5.1 4.0 4.1 14.3 0.048
304 Cameron Payne PHI 29 60 35 25 16.3 114.2 1.2 7.1 10.8 0.5 19.4 0.1 5.9 4.2 4.9 4.2 16.9 0.047
305 Svi Mykhailiuk BOS 26 26 20 6 7.9 103.7 0.7 7.8 11.4 0.3 22.9 0.0 0.0 3.2 1.8 2.8 8.0 0.047
306 Saddiq Bey ATL 24 63 28 35 32.7 119.1 3.9 11.9 17.9 0.8 17.3 0.2 5.7 11.1 9.7 10.9 38.1 0.047
307 JT Thor CHA 21 49 12 37 12.6 111.4 1.6 12.4 18.1 0.2 11.0 0.4 36.2 4.5 3.5 3.4 13.3 0.046
308 Bennedict Mathurin IND 21 59 33 26 26.1 117.9 2.9 11.3 17.8 0.6 13.9 0.2 8.4 9.9 9.0 7.7 33.4 0.046
309 Bruno Fernando ATL 25 27 13 14 12.5 110.8 2.7 20.6 32.9 0.5 27.5 0.7 59.4 4.2 3.7 3.4 12.1 0.046
310 T.J. McConnell IND 31 54 29 25 17.7 115.1 2.2 12.7 19.7 1.1 35.6 0.1 5.5 6.5 5.4 5.2 21.7 0.046
311 Bobby Portis MIL 29 65 42 23 24.0 117.4 5.5 22.5 33.5 0.7 20.2 0.4 16.0 6.6 6.9 6.8 26.4 0.046
312 Mo Bamba PHI 25 42 22 20 11.4 109.8 2.4 20.6 31.9 0.3 15.9 1.0 62.5 3.2 3.1 4.2 10.9 0.046
313 Bilal Coulibaly WAS 19 60 11 49 27.0 118.1 3.2 11.5 18.6 0.9 18.6 0.8 25.5 9.7 10.0 8.5 34.0 0.046
314 Jabari Walker POR 21 57 16 41 22.1 116.9 4.4 21.3 34.4 0.6 17.6 0.4 17.1 9.0 6.8 8.5 25.2 0.046
315 Keyonte George UTA 20 57 24 33 25.6 117.9 2.6 9.8 14.4 0.5 14.8 0.1 2.6 10.4 7.3 10.7 29.0 0.046
316 Johnny Davis WAS 22 33 4 29 9.8 108.5 0.9 9.7 14.4 0.3 17.5 0.1 9.4 2.7 2.8 2.5 10.6 0.045
317 Killian Hayes DET 22 42 7 35 24.0 117.6 2.6 10.7 15.8 0.9 28.8 0.5 18.9 9.8 7.2 6.8 28.3 0.045
318 Isaiah Jackson IND 22 48 29 19 13.5 112.8 2.5 18.9 30.6 0.6 25.0 1.1 56.7 5.1 4.8 3.8 15.8 0.045
319 Onyeka Okongwu ATL 23 53 23 30 25.8 118.1 4.3 16.8 25.2 0.4 10.5 1.1 50.4 8.8 7.7 8.3 29.2 0.045
320 Dejounte Murray ATL 27 61 27 34 35.2 119.7 4.5 12.9 19.2 1.3 24.4 0.3 9.4 12.3 10.8 12.2 40.6 0.044
321 Taj Gibson DET 38 16 7 9 10.3 109.1 1.1 10.9 14.5 0.1 9.1 0.4 54.5 2.7 1.9 3.1 9.0 0.044
322 Dario Saric GSW 29 60 32 28 17.8 115.3 3.4 19.2 28.1 0.5 19.4 0.2 11.8 6.6 4.5 5.1 18.8 0.044
323 Sasha Vezenkov SAC 28 35 18 17 12.6 112.1 1.6 12.7 19.4 0.5 31.4 0.2 15.2 4.9 3.1 3.4 13.0 0.044
324 Torrey Craig CHI 33 35 14 21 20.6 116.8 2.9 14.9 22.1 0.6 16.4 0.5 25.4 5.7 5.6 5.4 19.5 0.043
325 Gui Santos GSW 21 17 11 6 8.7 106.7 1.7 17.9 23.4 0.2 16.7 0.1 10.0 3.2 2.2 3.1 9.2 0.043
326 Jules Bernard WAS 24 8 1 7 4.5 91.3 0.4 7.3 12.0 0.1 12.5 0.1 16.7 2.3 1.1 2.0 4.0 0.043
327 De'Andre Hunter ATL 26 40 19 21 28.3 118.8 3.3 11.6 17.9 0.8 16.7 0.3 10.6 9.7 9.2 9.1 32.3 0.043
328 Andrew Wiggins GSW 29 54 26 28 26.7 118.5 2.7 9.6 14.6 0.6 18.0 0.5 22.0 10.7 8.7 8.3 27.7 0.043
329 Pat Connaughton MIL 31 59 38 21 21.7 117.2 2.6 12.1 17.6 0.6 16.8 0.3 13.0 6.3 6.1 6.5 23.2 0.043
330 Alondes Williams MIA 24 2 2 0 4.7 95.2 0.5 11.1 12.5 0.0 0.0 0.0 0.0 4.5 0.5 4.0 6.0 0.042
331 Adam Flagler OKC 24 1 1 0 5.5 100.0 0.0 0.0 0.0 0.0 0.0 0.0 0.0 2.0 0.0 4.0 10.0 0.042
332 Pete Nance CLE 24 3 1 2 2.5 53.8 0.3 20.0 20.0 0.0 0.0 0.0 0.0 0.0 0.0 0.0 0.7 0.042
333 Orlando Robinson MIA 23 28 15 13 9.8 109.3 2.0 20.4 28.9 0.3 18.4 0.3 43.8 3.9 2.9 2.5 9.2 0.042
334 Rayan Rupert POR 19 22 5 17 9.5 109.0 1.0 12.3 19.2 0.2 13.5 0.0 0.0 4.2 2.4 3.8 9.0 0.042
335 Trayce Jackson-Davis GSW 24 50 27 23 13.5 113.1 2.5 17.3 25.6 0.3 16.7 0.9 54.1 5.0 4.1 3.8 14.0 0.042
336 Chris Boucher TOR 31 50 16 34 14.1 113.6 2.9 20.2 30.9 0.3 12.5 0.5 34.3 4.3 4.8 4.1 14.1 0.042
337 Nassir Little PHX 24 34 21 13 12.5 112.6 1.7 12.2 19.0 0.3 14.5 0.3 15.2 4.6 4.0 3.6 13.5 0.042
338 Dwight Powell DAL 32 52 30 22 14.4 114.1 2.0 13.5 21.0 0.4 20.2 0.4 42.2 4.4 4.6 4.7 14.8 0.042
339 Dalano Banton POR 24 36 21 15 12.5 112.4 1.7 13.5 19.4 0.3 15.7 0.3 19.1 4.8 3.3 4.6 12.6 0.042
340 Jaden Hardy DAL 21 56 31 25 14.4 114.2 1.6 10.6 16.8 0.3 14.5 0.1 5.6 5.1 4.4 4.9 15.6 0.041
341 Craig Porter Jr. CLE 24 40 26 14 13.7 113.3 1.9 13.9 19.1 0.5 27.9 0.3 24.0 5.6 3.1 3.7 12.9 0.041
342 Mouhamadou Gueye TOR 25 2 0 2 4.8 95.2 1.0 11.8 20.0 0.0 0.0 1.5 100 1.0 2.5 1.0 6.0 0.041
343 R.J. Hampton WAS 23 8 3 5 9.5 107.8 0.5 4.5 6.5 0.0 0.0 0.0 0.0 4.3 2.5 3.6 9.8 0.041
344 Jeremiah Robinson-Earl NOP 23 27 15 12 9.7 109.7 1.6 14.7 22.1 0.3 28.1 0.1 18.2 4.8 3.1 2.8 10.7 0.041
345 Nick Richards CHA 26 54 11 43 26.3 118.6 5.4 21.3 31.8 0.4 10.9 1.3 47.6 9.5 6.9 7.9 30.3 0.041
346 Ochai Agbaji TOR 23 63 29 34 19.2 116.7 1.7 8.4 12.8 0.5 22.1 0.5 20.4 7.4 6.5 6.2 20.9 0.041
347 Cody Zeller NOP 31 39 23 16 7.7 106.4 1.6 18.5 29.3 0.2 13.1 0.1 31.3 2.5 2.3 2.1 7.6 0.041
348 Obi Toppin IND 26 65 36 29 21.9 117.8 2.8 13.1 20.0 0.5 15.2 0.5 18.6 7.9 6.3 7.3 28.6 0.040
349 Justin Minaya POR 24 21 1 20 7.7 105.7 0.5 7.3 11.5 0.2 20.0 0.2 41.7 3.2 2.3 2.1 6.4 0.040
350 Tristan Thompson CLE 32 36 24 12 12.4 112.7 2.3 17.3 25.0 0.2 13.8 0.3 34.4 4.5 3.1 3.6 11.6 0.040
351 Filip Petrusev SAC 23 3 2 1 3.1 80.0 0.3 8.3 11.1 0.0 0.0 0.0 0.0 0.7 0.7 0.0 2.7 0.040
352 Collin Sexton UTA 25 64 28 36 25.4 118.7 1.7 6.5 9.7 0.8 20.3 0.2 7.0 9.9 6.9 9.4 27.2 0.040
353 Dalen Terry CHI 21 41 19 22 9.9 110.2 1.3 13.2 19.0 0.4 20.3 0.2 17.0 3.3 2.3 2.7 8.5 0.040
354 Oscar Tshiebwe IND 24 8 2 6 5.2 98.9 1.0 22.9 32.0 0.3 16.7 0.1 14.3 1.5 0.9 2.9 4.8 0.040
355 Julian Champagnie SAS 22 56 11 45 17.0 116.0 2.0 12.0 17.4 0.6 20.1 0.5 19.7 6.4 4.7 5.2 20.2 0.040
356 P.J. Washington DAL 25 56 16 40 29.8 119.4 4.1 13.9 20.9 0.9 20.4 0.7 22.0 10.4 8.6 8.6 32.2 0.039
357 Keita Bates-Diop BKN 28 49 29 20 13.3 113.8 1.6 11.7 18.0 0.5 27.0 0.4 22.7 5.0 3.3 4.2 13.3 0.039
358 Patty Mills MIA 35 21 9 12 11.0 112.3 0.9 8.4 11.9 0.4 25.7 0.0 5.3 3.6 3.1 3.1 12.1 0.039
359 Jordan Clarkson UTA 31 53 22 31 30.5 119.6 2.5 8.4 12.4 0.6 16.3 0.1 3.2 12.3 8.9 11.5 33.1 0.039
360 Duop Reath POR 27 49 14 35 18.3 116.6 2.3 13.7 21.4 0.5 17.1 0.6 38.7 6.7 5.7 6.7 21.0 0.039
361 Tosan Evbuomwan DET 23 6 0 6 15.0 114.9 1.3 9.4 15.4 0.2 10.0 0.2 12.5 6.7 4.3 4.7 15.7 0.039
362 Anthony Gill WAS 31 34 6 28 5.2 99.0 0.7 13.2 21.4 0.2 18.9 0.2 24.0 1.7 1.4 1.2 4.8 0.039
363 Admiral Schofield ORL 26 16 9 7 3.5 87.7 0.5 12.5 20.5 0.0 0.0 0.0 0.0 1.8 0.9 0.8 3.6 0.039
364 A.J. Lawson DAL 23 30 17 13 7.9 107.8 0.7 8.1 12.8 0.3 23.7 0.1 11.1 2.7 2.4 3.2 8.6 0.039
365 Kelly Olynyk TOR 32 62 29 33 20.9 117.7 3.7 16.7 25.9 0.9 29.1 0.3 14.4 9.4 6.9 7.2 22.6 0.039
366 Olivier Sarr OKC 25 14 7 7 6.8 104.0 1.8 23.6 33.3 0.0 0.0 0.5 53.8 3.6 1.8 2.2 4.9 0.038
367 Sandro Mamukelashvili SAS 24 35 8 27 6.4 103.6 1.1 17.3 25.5 0.2 16.2 0.2 38.1 2.1 2.0 1.3 5.8 0.038
368 Nate Hinton HOU 24 11 6 5 5.2 100.8 0.8 13.2 17.0 0.2 28.6 0.2 25.0 1.3 0.9 1.5 5.1 0.038
369 KJ Martin PHI 23 47 25 22 11.5 112.9 1.4 11.7 19.1 0.4 17.1 0.1 12.1 3.9 3.9 3.4 13.1 0.038
370 Terry Rozier MIA 29 47 14 33 34.0 120.2 3.5 10.9 16.2 1.0 21.4 0.3 11.0 11.4 10.4 10.6 36.3 0.038
371 Keyontae Johnson OKC 23 9 7 2 7.4 105.8 0.7 9.5 11.8 0.1 10.0 0.0 0.0 3.7 0.8 3.2 6.9 0.038
372 Zach Collins SAS 26 52 11 41 23.3 118.4 3.5 15.0 21.9 0.5 16.4 0.7 31.9 9.4 6.8 7.3 26.2 0.038
373 Cole Swider MIA 24 11 4 7 5.0 98.3 0.3 5.7 7.1 0.1 12.5 0.1 50.0 2.1 1.1 0.8 4.9 0.038
374 Mason Plumlee LAC 34 29 19 10 16.7 116.3 4.3 24.6 38.0 0.3 12.3 0.4 25.0 5.4 5.1 6.2 18.7 0.038
375 Marvin Bagley III WAS 24 44 4 40 21.2 117.8 3.5 16.9 24.7 0.4 13.1 0.6 34.6 8.2 6.1 6.6 25.6 0.038
376 Ibou Badji POR 21 18 5 13 11.3 112.8 1.6 14.6 22.8 0.1 9.1 1.1 62.5 4.8 3.9 3.8 10.7 0.038
377 Josh Green DAL 23 51 29 22 27.2 119.3 2.5 9.4 14.1 0.9 22.5 0.2 7.6 9.5 8.3 9.2 29.4 0.038
378 Scoot Henderson POR 20 44 15 29 27.0 119.3 2.0 8.0 13.0 0.6 12.8 0.2 9.4 10.8 8.1 10.0 30.8 0.037
379 Blake Wesley SAS 20 43 11 32 13.3 114.3 1.0 7.5 11.3 0.5 24.7 0.2 11.5 4.1 4.3 3.9 14.9 0.037
380 Jaden Ivey DET 22 59 10 49 28.3 119.5 2.3 8.1 11.6 0.7 21.8 0.6 19.9 11.7 8.2 8.1 32.3 0.037
381 Daniel Gafford DAL 25 57 16 41 24.7 119.0 5.0 18.7 30.0 0.9 23.8 2.0 56.3 8.2 9.0 7.9 29.2 0.037
382 LaMelo Ball CHA 22 22 7 15 32.3 120.2 3.8 12.2 17.9 1.8 33.3 0.2 6.8 10.5 8.6 10.8 36.0 0.037
383 Yuta Watanabe MEM 29 34 18 16 13.7 114.7 1.3 8.8 14.1 0.4 16.7 0.2 11.3 5.1 4.6 3.5 13.9 0.037
384 Garrison Mathews ATL 27 48 22 26 13.1 114.3 1.0 7.9 12.1 0.2 12.9 0.1 8.9 4.8 3.7 4.3 13.4 0.037
385 Juan Toscano-Anderson SAC 30 11 7 4 4.8 99.2 0.9 16.7 22.7 0.1 16.7 0.1 10.0 1.8 1.5 0.8 3.6 0.037
386 Johnny Juzang UTA 22 6 2 4 9.2 109.2 0.8 8.6 13.2 0.0 0.0 0.0 0.0 2.0 2.5 2.0 9.3 0.037
387 Amir Coffey LAC 26 51 36 15 18.9 117.5 1.5 7.7 12.0 0.5 19.2 0.2 7.4 7.3 5.1 7.1 21.4 0.036
388 Kevin Knox II DET 24 31 4 27 18.1 117.2 1.8 10.8 15.2 0.4 17.1 0.2 17.1 7.0 4.2 5.6 21.0 0.036
389 Nick Smith Jr. CHA 19 39 8 31 15.5 115.8 1.0 6.9 10.4 0.2 9.6 0.2 12.5 5.3 4.4 4.1 15.6 0.036
390 Kris Dunn UTA 29 56 25 31 18.4 117.4 2.1 10.7 16.0 1.1 35.5 0.4 21.5 6.9 5.0 7.4 19.5 0.036
391 Chris Duarte SAC 26 43 25 18 13.2 114.5 1.5 11.5 16.9 0.5 27.7 0.1 11.4 5.1 3.0 3.1 13.5 0.036
392 Furkan Korkmaz PHI 26 35 22 13 8.6 110.2 0.7 8.7 14.2 0.4 21.2 0.1 10.7 2.7 2.7 2.6 9.5 0.036
393 Talen Horton-Tucker UTA 23 41 11 30 19.6 117.7 2.0 9.9 15.4 0.9 30.5 0.4 13.8 8.1 6.0 5.9 19.9 0.036
394 Jaxson Hayes LAL 23 55 31 24 11.5 113.4 1.7 13.5 20.9 0.5 27.4 0.4 40.7 4.4 4.1 4.0 12.4 0.035
395 JD Davison BOS 21 3 3 0 2.0 73.3 0.3 10.0 14.3 0.0 0.0 0.0 0.0 0.0 1.0 0.7 2.7 0.035
396 Mike Muscala OKC 32 39 9 30 13.5 115.2 2.0 14.1 21.2 0.2 11.6 0.3 27.3 5.1 4.0 4.1 16.2 0.035
397 Kenneth Lofton Jr. PHI 21 17 5 12 6.3 106.3 0.9 15.5 23.9 0.2 18.8 0.2 16.7 2.0 2.1 1.7 6.2 0.034
398 Malachi Flynn DET 25 54 26 28 11.3 113.3 1.2 10.8 17.0 0.4 22.0 0.1 9.2 4.6 3.6 3.4 12.6 0.034
399 Keon Ellis SAC 24 38 23 15 12.0 114.0 0.9 8.4 12.0 0.6 28.8 0.4 30.4 4.3 2.9 2.7 12.5 0.034
400 MarJon Beauchamp MIL 23 45 29 16 13.1 115.0 1.6 12.0 18.4 0.3 12.9 0.1 10.5 4.6 4.5 3.7 14.0 0.034
401 Jerome Robinson GSW 27 16 12 4 3.9 94.1 0.1 3.0 4.0 0.0 0.0 0.2 21.4 0.9 0.4 1.7 3.3 0.034
402 Davion Mitchell SAC 25 53 31 22 13.6 115.3 0.9 6.7 9.5 0.2 11.6 0.1 5.6 5.1 3.4 3.1 14.3 0.034
403 Kevon Looney GSW 28 61 33 28 16.9 116.9 3.9 22.4 32.5 0.4 19.0 0.4 27.8 6.5 4.3 5.9 17.2 0.034
404 Terry Taylor CHI 24 24 10 14 6.7 106.6 0.8 10.4 16.4 0.2 14.3 0.1 11.8 2.1 2.4 1.8 5.9 0.034
405 Chimezie Metu PHX 26 37 22 15 12.1 114.2 2.3 18.8 28.6 0.5 26.4 0.2 18.8 4.8 3.4 3.3 11.5 0.034
406 Nate Williams HOU 25 12 4 8 6.5 106.0 0.3 3.4 5.0 0.2 15.4 0.0 0.0 1.2 1.9 1.5 6.5 0.034
407 Nathan Mensah CHA 25 25 3 22 12.3 114.5 1.4 12.7 19.4 0.2 14.3 0.6 50.0 4.3 3.6 4.2 11.8 0.034
408 Skylar Mays LAL 26 32 11 21 13.1 114.9 1.0 8.5 13.7 0.6 27.3 0.1 9.3 4.9 3.5 5.5 15.3 0.034
409 Bryce McGowens CHA 21 50 9 41 15.8 116.6 1.5 9.8 15.2 0.4 19.4 0.1 9.5 5.4 4.7 3.9 16.7 0.034
410 Trendon Watford BKN 23 47 19 28 11.5 113.9 1.8 15.7 23.4 0.3 19.0 0.3 26.7 4.3 3.4 3.5 10.3 0.034
411 Gradey Dick TOR 20 43 16 27 17.4 117.4 1.5 8.4 13.1 0.5 18.3 0.0 0.0 6.9 5.7 5.7 19.9 0.034
412 Anfernee Simons POR 24 40 10 30 34.5 120.7 3.1 9.7 14.7 0.5 9.7 0.1 4.0 13.8 10.0 11.9 39.6 0.033
413 Bruce Brown TOR 27 52 25 27 28.1 120.2 3.6 12.9 19.5 0.9 21.2 0.3 9.3 10.3 9.5 8.1 35.6 0.033
414 Justin Champagnie WAS 22 3 0 3 5.5 102.9 0.3 7.1 10.0 0.3 50.0 0.3 100 0.7 2.3 1.3 6.0 0.033
415 Troy Brown Jr. DET 24 44 28 16 11.2 114.0 1.6 13.7 20.0 0.2 14.1 0.0 3.6 4.5 3.1 3.5 12.9 0.032
416 Luka Samanic UTA 24 32 13 19 7.0 108.6 1.4 17.9 24.6 0.1 6.5 0.2 19.4 2.8 1.7 2.7 6.9 0.032
417 Richaun Holmes WAS 30 33 10 23 11.6 114.2 2.1 18.2 27.6 0.2 16.0 0.4 43.3 3.6 3.2 3.7 13.5 0.032
418 Leaky Black CHA 24 22 1 21 9.9 113.1 1.4 13.8 20.3 0.2 20.8 0.3 23.1 3.5 2.5 3.3 10.9 0.031
419 Jett Howard ORL 20 13 6 7 3.8 97.2 0.3 7.5 10.3 0.0 0.0 0.1 25.0 1.8 0.8 1.2 4.0 0.031
420 Collin Gillespie DEN 24 19 12 7 8.5 111.6 0.6 6.9 9.9 0.5 34.5 0.0 0.0 2.6 2.1 1.8 9.1 0.031
421 Reggie Bullock Jr. HOU 32 26 12 14 8.7 112.1 1.2 13.3 19.3 0.2 12.1 0.1 9.1 3.1 2.5 2.8 8.9 0.030
422 Armoni Brooks BKN 25 10 3 7 10.4 114.0 1.1 9.8 15.3 0.1 7.7 0.1 14.3 2.3 3.9 2.1 9.0 0.030
423 Gordon Hayward OKC 33 35 15 20 27.2 120.2 3.3 12.2 18.3 0.9 22.1 0.3 10.7 10.2 9.0 8.2 29.9 0.030
424 Joshua Primo LAC 21 2 2 0 5.1 104.5 0.0 0.0 0.0 0.0 0.0 0.5 50.0 4.0 3.5 1.0 9.0 0.030
425 Corey Kispert WAS 25 62 11 51 23.0 119.6 2.2 9.3 14.6 0.4 12.4 0.2 8.3 8.6 8.0 7.1 28.4 0.030
426 Jordan Poole WAS 24 62 11 51 29.3 120.6 2.2 7.2 11.4 1.1 25.4 0.4 11.2 9.7 10.7 9.4 37.0 0.030
427 Izaiah Brockington NOP 24 1 1 0 3.4 100.0 1.0 16.7 33.3 0.0 0.0 0.0 0.0 0.0 3.0 2.0 8.0 0.030
428 Ryan Arcidiacono NYK 29 20 15 5 2.3 80.0 0.4 13.8 21.6 0.1 20.0 0.0 0.0 0.8 0.7 0.2 2.2 0.030
429 Lindy Waters III OKC 26 27 18 9 6.9 108.6 0.9 12.8 19.1 0.1 7.7 0.1 22.2 2.0 1.8 2.4 5.9 0.029
430 Julian Phillips CHI 20 38 19 19 7.5 110.8 0.6 8.0 11.8 0.1 9.8 0.2 15.4 1.8 2.0 2.2 7.4 0.029
431 Jalen McDaniels TOR 26 36 10 26 9.0 112.9 1.2 12.5 19.6 0.4 24.1 0.1 10.8 3.8 3.5 2.3 10.1 0.029
432 Colby Jones SAC 21 17 7 10 7.1 109.3 0.9 12.8 18.5 0.2 28.6 0.1 7.1 2.9 1.9 1.7 6.2 0.029
433 Kendall Brown IND 20 8 4 4 3.6 95.0 0.0 0.0 0.0 0.0 0.0 0.0 0.0 1.1 0.5 1.5 3.0 0.029
434 Ricky Council IV PHI 22 21 8 13 9.3 113.8 1.3 13.8 20.9 0.1 6.5 0.0 0.0 2.9 2.7 3.1 10.9 0.029
435 Greg Brown III DAL 22 6 3 3 6.6 110.6 1.0 12.2 17.1 0.0 0.0 0.7 57.1 3.5 2.3 5.8 12.3 0.028
436 Jacob Gilyard BKN 25 37 10 27 17.7 118.4 0.9 5.7 9.3 0.7 27.0 0.1 7.5 6.2 5.5 4.7 18.5 0.028
437 Kessler Edwards SAC 23 39 24 15 4.9 104.6 0.6 13.4 19.2 0.1 15.4 0.1 20.0 1.7 1.0 1.0 4.9 0.028
438 Jaden Springer BOS 21 38 23 15 10.5 114.9 0.9 8.9 13.8 0.7 30.1 0.3 26.8 2.8 2.8 3.3 11.5 0.028
439 Eugene Omoruyi WAS 27 32 4 28 7.4 111.6 1.2 15.9 26.8 0.6 32.2 0.0 4.8 3.6 2.4 2.4 7.8 0.028
440 JaVale McGee SAC 36 39 23 16 8.0 112.1 1.9 23.0 34.7 0.2 23.1 0.5 46.3 3.7 2.1 2.4 8.1 0.028
441 Marcus Sasser DET 23 54 8 46 16.2 118.2 1.4 9.1 14.2 0.6 27.1 0.1 9.3 6.7 5.1 4.6 18.1 0.028
442 AJ Green MIL 24 42 29 13 9.6 113.7 0.9 9.6 14.3 0.1 4.7 0.0 6.5 3.2 3.0 1.7 8.2 0.028
443 Ben Sheppard IND 22 40 21 19 12.0 116.2 1.3 10.6 16.2 0.5 25.0 0.1 3.5 3.9 3.7 4.0 14.9 0.028
444 Alec Burks NYK 32 55 11 44 19.7 119.4 2.0 10.0 15.7 0.4 17.7 0.2 10.5 8.1 5.9 5.7 22.5 0.028
445 Jared Rhoden DET 24 6 1 5 7.1 110.9 0.7 10.0 14.8 0.0 0.0 0.3 33.3 4.3 3.0 1.7 6.7 0.027
446 Zeke Nnaji DEN 23 49 34 15 9.8 114.6 1.0 9.8 16.4 0.3 18.3 0.7 37.1 3.7 3.4 1.8 9.9 0.027
447 Thomas Bryant MIA 26 27 15 12 10.2 115.1 2.0 19.7 29.3 0.2 16.7 0.3 32.0 3.7 2.9 3.6 11.9 0.027
448 Malaki Branham SAS 20 59 12 47 20.8 119.6 1.6 7.9 12.0 0.4 13.6 0.1 4.0 8.3 6.7 6.4 24.1 0.027
449 Jalen Smith IND 23 45 26 19 17.8 118.9 3.8 21.9 34.4 0.2 8.3 0.6 35.0 6.6 6.1 5.8 21.8 0.026
450 Trent Forrest ATL 25 26 13 13 9.9 114.5 1.0 11.0 17.2 0.3 21.2 0.0 4.2 3.5 3.1 3.4 11.8 0.026
451 Jarace Walker IND 20 23 10 13 9.9 115.0 1.5 16.0 24.5 0.6 24.1 0.4 31.0 3.9 2.9 4.0 11.3 0.026
452 Charlie Brown Jr. NYK 27 8 2 6 4.7 105.1 0.1 2.7 3.8 0.0 0.0 0.3 40.0 1.8 0.5 0.8 3.0 0.026
453 Wesley Matthews ATL 37 24 6 18 10.6 115.7 1.2 10.7 17.3 0.4 25.6 0.3 23.1 2.7 4.4 3.5 11.0 0.026
454 Julian Strawther DEN 21 40 27 13 12.4 117.1 1.2 9.3 14.2 0.4 25.4 0.2 12.1 5.0 3.6 3.5 12.9 0.025
455 Dylan Windler ATL 27 11 6 5 3.2 97.4 0.4 8.5 13.8 0.0 0.0 0.0 0.0 1.0 1.4 1.1 3.1 0.025
456 Jalen Pickett DEN 24 21 15 6 5.2 106.8 0.5 8.9 13.3 0.1 30.0 0.0 0.0 1.8 1.3 1.2 4.8 0.025
457 DeAndre Jordan DEN 35 29 19 10 11.3 116.3 2.9 23.5 37.8 0.2 15.2 0.4 34.2 4.2 3.5 3.5 11.0 0.025
458 Marques Bolden CHA 25 4 2 2 3.9 102.9 0.8 14.3 23.1 0.0 0.0 0.0 0.0 1.3 0.8 1.8 4.0 0.025
459 Kyle Kuzma WAS 28 62 11 51 32.2 121.4 5.6 16.7 26.7 0.5 10.3 0.7 19.7 10.3 11.9 10.3 41.1 0.025
460 Ish Smith CHA 35 43 6 37 17.2 119.2 1.5 9.4 13.8 0.4 18.9 0.1 5.4 6.5 4.3 4.9 19.5 0.024
461 Jordan Ford SAC 25 6 2 4 3.6 100.0 0.3 10.0 14.3 0.0 0.0 0.0 0.0 0.3 1.2 0.0 3.3 0.024
462 Isaiah Mobley CLE 24 4 0 4 8.5 113.6 1.5 25.0 30.0 0.3 20.0 0.0 0.0 2.5 1.0 1.5 4.5 0.024
463 Olivier-Maxence Prosper DAL 21 33 19 14 7.9 113.8 1.3 16.0 23.8 0.2 14.7 0.1 15.8 2.4 2.5 3.2 8.7 0.024
464 Charles Bassey SAS 23 19 3 16 10.8 116.7 2.8 26.5 39.6 0.4 25.0 0.9 60.7 4.7 3.3 5.1 11.2 0.023
465 Dmytro Skapintsev NYK 25 2 0 2 1.1 60.0 0.0 0.0 0.0 0.0 0.0 0.0 0.0 0.0 0.0 0.0 1.0 0.023
466 Cory Joseph GSW 32 26 10 16 11.4 117.2 0.9 8.3 11.7 0.2 10.0 0.1 10.0 3.9 2.8 3.2 11.7 0.022
467 John Collins UTA 26 60 26 34 28.3 121.3 6.3 22.4 32.7 0.6 15.1 0.9 31.6 10.6 7.4 11.3 31.5 0.022
468 Landry Shamet WAS 26 46 6 40 15.8 119.2 1.0 6.5 9.7 0.5 22.9 0.2 17.2 5.2 4.7 4.6 19.4 0.022
469 DaQuan Jeffries NYK 26 13 8 5 2.6 95.8 0.4 12.5 18.5 0.0 0.0 0.0 0.0 0.6 0.9 0.0 2.0 0.022
470 Moses Brown POR 24 13 4 9 8.8 115.5 2.5 30.3 44.0 0.2 14.3 0.3 36.4 4.5 1.3 3.5 9.2 0.022
471 Leonard Miller MIN 20 7 6 1 3.7 105.4 1.3 36.0 52.9 0.1 12.5 0.1 33.3 1.0 0.4 1.7 4.0 0.021
472 Josh Minott MIN 21 22 16 6 2.9 101.4 0.4 14.1 21.4 0.1 25.0 0.1 42.9 0.7 0.8 1.0 3.1 0.020
473 Omer Yurtseven UTA 25 35 15 20 9.1 116.2 2.3 25.6 37.2 0.1 14.3 0.4 41.2 3.9 2.4 3.4 10.7 0.020
474 Jalen Wilson BKN 23 27 8 19 14.6 119.1 1.6 11.4 18.4 0.3 14.3 0.0 3.0 5.5 4.0 5.1 14.5 0.020
475 Daishen Nix MIN 22 11 8 3 3.3 103.8 0.1 2.9 5.0 0.2 25.0 0.0 0.0 0.5 1.1 1.3 3.3 0.020
476 Drew Peterson BOS 24 1 1 0 2.6 100.0 0.0 0.0 0.0 0.0 0.0 0.0 0.0 0.0 2.0 0.0 4.0 0.020
477 Braxton Key DEN 27 17 12 5 3.2 103.4 0.6 20.0 30.6 0.1 22.2 0.1 16.7 0.9 0.8 0.7 2.8 0.020
478 Maxwell Lewis LAL 21 23 11 12 3.3 104.1 0.1 2.4 3.5 0.1 25.0 0.0 0.0 1.9 1.3 1.1 3.7 0.020
479 Jay Huff DEN 26 13 10 3 2.7 101.3 0.7 24.3 40.9 0.1 16.7 0.0 0.0 1.1 0.8 0.3 3.5 0.020
480 Garrett Temple TOR 37 16 4 12 4.3 109.2 0.4 9.0 14.6 0.2 23.1 0.0 0.0 1.6 1.6 1.7 5.5 0.019
481 Malcolm Cazalon DET 22 1 0 1 2.6 100.0 0.0 0.0 0.0 0.0 0.0 0.0 0.0 0.0 2.0 0.0 6.0 0.019
482 Cedi Osman SAS 28 63 13 50 17.4 120.3 2.1 12.1 18.7 0.5 21.2 0.1 7.0 6.6 5.6 5.6 19.7 0.019
483 Hunter Tyson DEN 23 11 8 3 2.9 101.5 0.7 25.8 38.1 0.0 0.0 0.0 0.0 0.7 0.5 0.7 2.7 0.019
484 James Johnson IND 37 6 2 4 5.3 111.6 0.5 12.5 23.1 0.7 30.8 0.2 100 2.0 2.0 2.2 4.3 0.019
485 Damian Jones CLE 28 28 20 8 6.7 113.9 1.0 15.9 23.1 0.2 25.0 0.4 64.7 3.0 1.9 1.8 5.2 0.018
486 Stanley Umude DET 24 18 2 16 11.3 118.6 1.5 13.0 20.0 0.2 17.4 0.3 27.3 5.2 2.5 3.6 12.1 0.018
487 Jalen Hood-Schifino LAL 20 21 10 11 5.2 111.9 0.5 9.6 13.6 0.1 27.3 0.1 18.2 2.0 1.6 2.1 4.7 0.018
488 Brice Sensabaugh UTA 20 14 5 9 12.2 119.0 1.4 13.3 18.7 0.3 16.0 0.0 0.0 5.5 2.6 5.7 12.1 0.018
489 Thanasis Antetokounmpo MIL 31 27 18 9 4.7 110.4 0.1 3.0 4.6 0.2 22.7 0.1 30.8 2.4 1.7 1.8 3.7 0.018
490 Dominick Barlow SAS 20 26 5 21 13.5 119.3 2.1 16.3 24.4 0.4 20.8 0.5 38.2 3.0 4.8 3.3 16.2 0.018
491 Jared Butler WAS 23 22 2 20 8.1 116.5 0.6 7.3 11.5 0.4 31.0 0.1 15.4 2.8 1.9 2.4 7.7 0.018
492 Luka Garza MIN 25 15 11 4 3.3 107.8 0.4 12.5 16.2 0.0 0.0 0.0 0.0 1.3 1.0 1.3 4.1 0.017
493 Justin Jackson MIN 28 2 2 0 0.4 0.0 0.0 0.0 0.0 0.0 0.0 0.0 0.0 0.0 0.0 0.0 0.0 0.017
494 Danilo Gallinari MIL 35 41 13 28 13.6 119.7 2.0 15.2 23.1 0.2 14.1 0.1 15.2 4.1 4.2 3.1 16.1 0.017
495 Thaddeus Young PHX 35 25 6 19 15.1 120.2 2.0 13.3 21.4 0.8 31.1 0.1 10.0 4.3 5.2 4.4 18.1 0.017
496 Jalen Crutcher NOP 24 1 1 0 2.7 100.0 0.0 0.0 0.0 0.0 0.0 0.0 0.0 2.0 0.0 0.0 4.0 0.016
497 James Wiseman DET 22 44 5 39 14.7 120.3 2.8 19.2 30.3 0.2 9.5 0.6 37.1 6.1 5.1 4.6 16.7 0.016
498 Seth Lundy ATL 23 9 2 7 5.8 114.4 0.7 11.8 18.8 0.0 0.0 0.0 0.0 3.6 1.9 1.8 8.0 0.016
499 Tyus Jones WAS 27 64 11 53 29.2 122.3 2.5 8.3 13.1 1.1 24.1 0.3 8.0 10.0 10.7 9.9 38.1 0.015
500 Jordan Nwora TOR 25 35 13 22 10.8 119.4 1.5 14.2 22.0 0.4 18.6 0.1 9.5 3.5 3.7 3.8 13.1 0.015
501 Taze Moore POR 25 3 1 2 3.4 111.5 0.0 0.0 0.0 0.3 25.0 0.0 0.0 2.0 0.7 1.3 2.7 0.015
502 James Bouknight CHA 23 14 0 14 5.8 115.2 0.6 11.8 18.6 0.1 10.0 0.1 16.7 2.1 1.9 1.3 5.7 0.015
503 Joe Harris DET 32 16 4 12 10.6 119.4 0.6 5.7 9.6 0.2 13.6 0.1 8.7 4.7 4.1 2.6 12.3 0.014
504 Doug McDermott IND 32 52 14 38 14.7 120.6 0.8 5.4 8.0 0.2 10.8 0.0 2.2 5.0 4.7 4.6 15.6 0.014
505 Andre Jackson Jr. MIL 22 48 30 18 10.5 119.4 1.2 11.7 17.4 0.3 20.9 0.1 8.0 3.3 3.3 3.3 12.1 0.014
506 Brandon Williams DAL 24 12 7 5 4.9 114.7 0.3 6.3 9.1 0.1 14.3 0.1 12.5 1.7 1.8 2.0 6.0 0.014
507 E.J. Liddell NOP 23 8 3 5 2.9 109.8 0.6 21.7 35.7 0.3 33.3 0.3 66.7 1.4 1.4 0.8 3.3 0.012
508 Jermaine Samuels Jr. HOU 25 11 6 5 4.8 115.5 0.8 18.0 24.3 0.1 16.7 0.1 20.0 1.2 1.2 1.2 5.3 0.012
509 Wendell Moore Jr. MIN 22 15 11 4 3.0 112.0 0.4 13.0 18.8 0.3 50.0 0.1 25.0 1.2 0.8 1.4 3.7 0.012
510 Markieff Morris DAL 34 19 10 9 8.6 119.2 1.4 15.3 24.3 0.3 20.8 0.1 9.1 3.0 3.2 3.6 10.2 0.012
511 Boban Marjanovic HOU 35 9 5 4 5.3 116.8 1.8 32.7 47.1 0.0 0.0 0.1 20.0 2.8 1.3 3.0 5.3 0.012
512 Javon Freeman-Liberty TOR 24 6 1 5 9.8 120.0 1.5 14.1 23.1 0.0 0.0 0.2 14.3 4.0 4.7 2.7 8.7 0.012
513 Terquavion Smith PHI 21 12 4 8 5.8 117.9 0.2 3.0 4.8 0.6 38.9 0.0 0.0 2.2 2.3 1.8 6.8 0.012
514 Amari Bailey CHA 20 3 0 3 4.9 116.1 0.0 0.0 0.0 0.0 0.0 0.0 0.0 2.0 0.0 1.7 3.3 0.011
515 AJ Griffin ATL 20 18 8 10 7.4 119.5 0.7 10.1 14.5 0.1 4.0 0.1 7.7 2.6 1.6 2.2 8.8 0.010
516 Pat Spencer GSW 27 2 0 2 1.7 100.0 0.0 0.0 0.0 0.0 0.0 0.0 0.0 0.0 2.0 0.0 2.0 0.010
517 Danny Green PHI 36 2 1 1 9.2 120.5 1.0 11.1 15.4 0.5 50.0 0.0 0.0 4.0 2.5 2.5 9.0 0.010
518 Theo Maledon PHX 22 17 5 12 12.5 121.6 1.2 9.3 14.1 0.4 23.3 0.0 0.0 6.4 3.0 4.2 12.0 0.010
519 Robin Lopez MIL 35 16 10 6 4.0 115.9 0.1 3.0 5.0 0.1 10.0 0.2 75.0 1.6 1.9 1.3 3.6 0.009
520 Frank Ntilikina CHA 25 5 0 5 8.6 121.1 1.0 11.1 15.6 0.0 0.0 0.0 0.0 2.6 2.6 1.6 10.4 0.007
521 Jacob Toppin NYK 23 9 2 7 4.2 118.4 0.4 14.8 20.0 0.0 0.0 0.1 50.0 2.3 0.6 1.6 3.3 0.007
522 Chris Livingston MIL 20 16 10 6 4.3 119.7 0.8 20.0 27.7 0.1 28.6 0.0 0.0 2.1 1.5 1.6 3.9 0.005
523 Jontay Porter TOR 24 20 6 14 12.2 122.6 2.1 16.9 25.5 0.6 33.3 0.6 46.2 4.1 3.4 3.2 15.3 0.005
524 Harry Giles III LAL 25 19 8 11 4.6 120.3 0.8 16.1 26.8 0.1 11.1 0.2 37.5 1.6 1.5 1.9 4.3 0.005
525 Kobe Brown LAC 24 34 25 9 8.4 122.1 1.0 12.5 20.8 0.2 17.1 0.1 10.7 3.7 2.9 2.9 9.7 0.005
526 Moussa Diabate LAC 22 11 7 4 5.8 121.1 0.8 12.9 25.0 0.5 50.0 0.1 25.0 3.4 2.3 1.3 5.5 0.005
527 D.J. Carton TOR 23 4 2 2 8.9 122.8 0.5 4.3 9.5 0.3 20.0 0.0 0.0 3.5 7.5 0.5 10.5 0.004
528 Bojan Bogdanovic NYK 34 39 7 32 30.3 123.8 2.7 9.4 14.0 0.7 20.1 0.1 5.2 12.2 9.1 8.2 36.6 0.003
529 Shaquille Harrison MEM 30 3 1 2 2.0 121.4 0.7 40.0 50.0 0.0 0.0 0.3 100 0.0 0.3 1.0 2.7 0.002
530 Emoni Bates CLE 20 11 6 5 8.0 123.6 0.9 11.9 19.6 0.1 7.7 0.2 25.0 3.9 2.6 3.5 6.7 0.001
531 Aleksej Pokusevski CHA 22 11 9 2 6.2 123.6 0.9 15.9 22.7 0.2 28.6 0.2 28.6 2.9 0.9 2.7 6.4 0.001
532 Jalen Slawson SAC 24 5 3 2 3.7 123.7 0.8 20.0 40.0 0.0 0.0 0.2 50.0 2.4 1.8 1.0 6.0 0.000
533 Colin Castleton LAL 23 7 3 4 5.1 124.3 0.7 15.2 25.0 0.0 0.0 0.0 0.0 2.4 2.1 0.6 6.3 0.000
534 Vit Krejci ATL 23 4 2 2 12.5 124.2 0.5 5.4 7.4 0.8 37.5 0.3 20.0 6.3 3.3 5.5 15.5 0.000
535 Brandon Boston Jr. LAC 22 20 12 8 7.4 125.0 0.6 7.1 12.5 0.1 11.8 0.2 22.2 3.5 3.2 2.9 9.6 -0.002
536 Darius Bazley PHI 23 3 0 3 3.3 126.3 0.3 14.3 25.0 0.0 0.0 0.0 0.0 2.3 0.0 1.3 4.7 -0.002
537 Mouhamed Gueye ATL 21 2 2 0 2.2 127.3 0.0 0.0 0.0 0.5 50.0 0.0 0.0 1.5 0.0 0.0 3.0 -0.002
538 Usman Garuba GSW 22 3 2 1 2.6 129.4 0.0 0.0 0.0 0.3 100 0.0 0.0 1.0 1.3 1.7 2.7 -0.004
539 Udoka Azubuike PHX 24 14 10 4 7.7 126.0 1.5 18.3 29.2 0.1 8.3 0.4 30.0 4.3 3.1 2.0 7.1 -0.004
540 Lindell Wigginton MIL 25 3 3 0 2.5 131.3 0.0 0.0 0.0 0.0 0.0 0.0 0.0 2.7 1.7 3.3 4.0 -0.005
541 Javonte Smart PHI 24 1 1 0 0.7 150.0 0.0 0.0 0.0 0.0 0.0 0.0 0.0 0.0 3.0 0.0 0.0 -0.007
542 Noah Clowney BKN 19 9 4 5 9.1 127.1 1.0 13.0 22.5 0.2 15.4 0.1 16.7 2.7 4.4 2.9 8.7 -0.008
543 Isaiah Livers WAS 25 23 1 22 20.4 125.4 1.4 7.3 11.5 0.6 19.1 0.2 13.5 8.1 6.8 5.8 24.5 -0.008
544 Jordan Miller LAC 24 6 5 1 3.6 131.9 0.3 7.7 16.7 0.0 0.0 0.0 0.0 2.3 2.5 2.0 6.0 -0.008
545 Kevon Harris ORL 26 2 1 1 3.0 133.3 1.0 28.6 40.0 0.0 0.0 0.0 0.0 1.0 2.0 1.0 4.0 -0.010
546 D'Moi Hodge LAL 25 7 1 6 5.9 130.6 0.0 0.0 0.0 0.1 14.3 0.1 25.0 4.0 3.1 0.9 7.1 -0.011
547 Alex Fudge DAL 20 4 1 3 3.6 137.9 0.0 0.0 0.0 0.0 0.0 0.0 0.0 3.8 1.3 0.5 4.0 -0.013
548 Micah Potter UTA 25 2 1 1 3.6 146.2 2.0 66.7 100 0.0 0.0 0.0 0.0 1.5 3.0 3.0 2.0 -0.019
549 Xavier Moon LAC 29 2 2 0 5.8 137.5 1.0 18.2 25.0 0.0 0.0 0.0 0.0 5.5 1.0 2.0 9.0 -0.022
550 Jahmi'us Ramsey TOR 22 1 0 1 5.3 141.7 1.0 7.7 20.0 0.0 0.0 0.0 0.0 2.0 10.0 2.0 10.0 -0.029
551 Ty Jerome CLE 26 2 1 1 7.4 143.8 0.0 0.0 0.0 0.0 0.0 0.0 0.0 3.5 2.0 5.5 12.0 -0.044
552 Keon Johnson BKN 22 4 0 4 12.8 144.2 0.5 5.1 9.5 0.8 60.0 0.3 100 2.3 5.8 5.0 15.0 -0.073
553 Ron Harper Jr. TOR 23 1 1 0 3.7 188.9 0.0 0.0 0.0 0.0 0.0 0.0 0.0 5.0 5.0 1.0 10.0 -0.079
554 Dariq Whitehead BKN 19 2 1 1 12.0 153.7 2.0 19.0 28.6 0.0 0.0 0.5 50.0 1.5 7.0 3.5 14.0 -0.111