VS PLAYER TEAM GP W L MIN OPP
FGM OPP
FGA OPP
FG% OPP
3PM OPP
3PA OPP
3P% OPP
FTM OPP
FTA OPP
FT% OPP
OREB OPP
DREB OPP
REB OPP
AST OPP
TOV OPP
STL OPP
BLK OPP
BLKA OPP
PF OPP
PFD OPP
PTS +/-



















1 Reaves, Austin LAL 66 36 30 47.1 43.8 90.7 48.2 14.2 36.9 38.5 14.5 18.0 80.7 10.3 32.5 42.8 27.8 12.5 7.8 4.7 5.4 20.0 15.3 116.3 1.8
2 Alexander-Walker, Nickeil MIN 65 44 21 47.8 38.1 86.0 44.2 11.6 32.9 35.2 18.2 23.5 77.2 10.3 31.1 41.4 23.8 14.6 7.4 4.2 6.3 19.0 20.1 105.9 -5.9
2 Bridges, Mikal BKN 65 26 39 48.5 41.8 88.6 47.2 12.8 33.5 38.1 17.8 22.1 80.7 10.2 35.4 45.6 25.2 12.7 6.7 4.8 5.5 18.6 18.9 114.2 2.0
2 Portis, Bobby MIL 65 42 23 47.4 43.6 89.4 48.7 12.4 34.0 36.5 18.0 22.2 80.9 10.0 32.5 42.4 27.4 12.1 6.1 4.1 4.6 18.4 20.4 117.5 0.4
2 Reid, Naz MIN 65 44 21 47.8 37.6 86.6 43.5 11.3 33.1 34.0 17.6 22.6 78.1 10.7 31.4 42.1 23.4 14.8 7.1 5.0 6.9 19.2 19.5 104.2 -6.7
2 Toppin, Obi IND 65 36 29 45.5 44.0 86.3 51.0 9.8 27.0 36.2 19.8 25.0 79.3 9.8 30.2 39.9 23.6 13.2 6.8 5.1 5.8 18.5 21.1 117.6 -2.1
7 Anthony, Cole ORL 64 37 27 49.0 40.0 84.8 47.2 11.5 33.5 34.4 18.4 24.3 75.5 10.0 30.4 40.4 23.6 14.8 7.7 4.9 5.6 22.0 22.1 109.9 -1.6
7 Braun, Christian DEN 64 44 20 48.7 40.1 90.1 44.6 12.2 32.6 37.5 19.4 25.0 77.3 12.2 32.4 44.6 24.6 12.0 6.8 6.4 6.7 18.7 21.1 111.8 2.5
7 Drummond, Andre CHI 64 31 33 49.3 41.1 87.2 47.1 15.1 40.2 37.7 16.8 20.9 80.4 10.5 29.6 40.1 27.2 14.4 7.0 6.0 5.7 23.0 19.2 114.1 0.0
7 Green, Jalen HOU 64 29 35 47.8 41.1 87.8 46.9 12.8 35.6 35.8 18.0 24.3 74.2 10.5 34.6 45.1 25.3 12.4 6.9 6.1 4.0 19.6 19.8 113.0 1.1
7 Holmgren, Chet OKC 64 45 19 46.9 39.6 89.0 44.5 13.4 36.8 36.3 18.2 22.7 79.8 12.7 31.2 43.9 25.8 14.3 6.4 5.4 7.4 18.9 18.2 110.8 -8.3
7 Jackson, Reggie DEN 64 44 20 48.0 40.0 87.4 45.8 11.8 31.4 37.6 18.8 24.4 76.8 11.3 31.8 43.1 25.3 11.8 7.1 4.6 5.4 18.7 20.3 110.6 -1.9
7 Jones, Tyus WAS 64 11 53 46.0 46.3 90.7 51.1 11.9 31.4 38.0 17.5 22.5 77.8 12.2 35.8 48.0 29.9 13.1 7.1 5.2 5.5 15.8 18.5 122.1 11.3
7 Niang, Georges CLE 64 41 23 48.5 40.5 88.0 46.1 12.6 34.8 36.3 18.5 23.9 77.4 10.1 32.5 42.6 24.9 12.3 7.4 4.5 4.8 18.5 19.9 112.2 -2.2
7 Reed, Paul PHI 64 36 28 49.1 42.0 85.9 48.9 12.2 33.5 36.3 19.1 24.4 78.2 10.9 33.4 44.4 26.7 15.9 6.4 7.1 5.8 17.8 21.9 115.3 -1.4
7 Sexton, Collin UTA 64 28 36 46.7 43.2 87.9 49.1 14.3 35.1 40.8 17.6 22.6 78.2 10.2 29.5 39.6 28.9 12.6 7.6 7.2 5.3 19.4 18.6 118.3 0.1
7 Sochan, Jeremy SAS 64 14 50 47.1 44.4 90.6 49.1 12.0 33.3 36.1 15.3 19.3 79.4 10.4 33.4 43.8 27.9 12.6 8.8 4.6 6.3 16.5 16.6 116.3 8.1
7 Valanciunas, Jonas NOP 64 39 25 48.5 41.7 89.3 46.7 14.6 39.5 37.0 15.2 19.7 77.3 9.6 30.8 40.4 28.6 12.7 6.6 5.3 5.5 18.9 18.6 113.2 -5.7
7 Wallace, Cason OKC 64 45 19 47.3 40.1 87.4 45.9 12.6 34.1 37.0 18.6 23.6 79.0 12.8 32.0 44.8 26.3 16.4 7.3 5.1 6.6 17.4 19.6 111.4 -3.6
7 White, Coby CHI 64 31 33 49.2 41.7 88.1 47.3 14.7 40.2 36.5 17.0 21.8 78.1 10.0 33.4 43.4 28.9 13.5 6.7 4.9 4.5 19.0 18.9 115.0 0.1
21 Banchero, Paolo ORL 63 36 27 48.8 41.4 85.4 48.5 11.8 31.8 37.2 18.3 23.6 77.4 9.2 32.3 41.5 25.0 15.1 8.4 5.0 5.3 21.4 20.4 113.0 1.1
21 Barnes, Harrison SAC 63 36 27 47.2 43.6 86.3 50.5 13.4 32.8 41.0 17.4 21.4 81.1 8.2 34.4 42.6 29.0 13.4 7.2 4.5 3.2 17.6 18.5 118.0 3.4
21 Beasley, Malik MIL 63 40 23 46.7 42.3 92.4 45.8 11.6 33.5 34.5 14.9 19.0 78.3 10.5 33.5 44.1 25.9 11.4 6.5 4.1 5.6 19.1 17.1 111.1 -8.5
21 Bey, Saddiq ATL 63 28 35 47.0 44.2 89.1 49.7 13.4 34.5 38.8 17.2 21.6 79.7 10.8 31.1 42.0 27.9 12.9 7.8 5.8 4.4 19.6 18.2 119.1 0.4
21 DiVincenzo, Donte NYK 63 37 26 49.1 42.6 88.3 48.3 14.1 35.8 39.2 15.6 20.3 76.7 10.1 30.8 40.9 27.8 13.4 6.8 5.2 4.6 19.4 18.2 114.9 -2.0
21 Giddey, Josh OKC 63 45 18 46.8 40.6 88.6 45.9 13.1 36.0 36.4 16.9 21.7 78.0 12.3 32.2 44.5 27.6 14.5 6.8 5.4 7.2 18.0 17.9 111.3 -7.7
21 Gilgeous-Alexander, Shai OKC 63 45 18 46.9 39.2 87.0 45.0 13.0 36.4 35.8 19.2 24.1 79.4 11.9 32.2 44.1 25.9 15.5 6.0 5.0 6.9 19.4 19.1 110.5 -11.5
21 Hart, Josh NYK 63 36 27 49.9 41.5 88.8 46.7 13.4 35.9 37.3 14.7 19.7 74.8 10.2 31.1 41.3 25.6 13.7 6.9 5.9 4.4 20.0 17.7 111.1 -4.6
21 Osman, Cedi SAS 63 13 50 45.8 43.6 86.6 50.4 13.3 33.7 39.7 19.2 24.7 77.7 10.6 34.4 45.1 26.4 12.8 7.9 4.5 5.3 18.0 19.3 119.8 13.3
21 Porter Jr., Michael DEN 63 44 19 48.8 41.6 88.3 47.1 11.3 31.4 35.8 16.8 21.4 78.4 10.2 31.4 41.6 26.5 12.1 7.2 4.7 5.0 18.7 17.3 111.2 -8.6
21 Prince, Taurean LAL 63 34 29 47.0 44.0 91.4 48.2 14.4 37.1 38.7 14.6 18.1 80.5 11.0 33.8 44.8 28.4 12.5 7.0 5.1 5.5 19.2 15.6 117.0 3.4
21 Pritchard, Payton BOS 63 49 14 49.5 41.5 90.9 45.7 12.5 35.8 34.9 14.9 19.7 75.8 10.9 31.3 42.2 24.6 11.7 6.0 4.0 6.3 17.6 18.0 110.4 -10.4
21 Sabonis, Domantas SAC 63 36 27 47.7 42.8 86.0 49.7 13.4 32.7 41.0 18.0 21.9 81.9 8.3 32.8 41.2 28.7 13.6 7.4 4.7 3.4 17.9 19.2 116.9 0.0
21 Sengun, Alperen HOU 63 29 34 48.3 41.3 88.1 46.8 12.9 35.8 36.1 17.3 23.3 74.3 10.6 34.4 45.0 25.4 13.0 7.2 5.9 3.9 19.4 19.4 112.8 -1.2
21 Thompson, Ausar DET 63 10 53 47.5 41.2 86.9 47.4 11.8 32.2 36.8 20.3 25.2 80.8 9.2 32.3 41.4 26.5 13.1 9.0 5.5 5.3 17.9 21.3 114.7 6.9
21 Wagner, Moritz ORL 63 36 27 48.2 40.5 84.1 48.1 11.9 34.1 34.9 18.1 23.9 75.7 9.1 29.1 38.2 24.7 14.9 7.6 4.8 4.9 22.2 21.5 111.0 -2.2
37 Anderson, Kyle MIN 62 43 19 47.6 38.0 85.2 44.6 11.4 33.1 34.5 18.6 23.2 79.9 9.6 30.7 40.3 23.7 14.3 7.4 4.9 6.4 20.7 19.7 106.0 -3.3
37 Antetokounmpo, Giannis MIL 62 40 22 46.8 42.3 90.3 46.9 12.5 34.7 36.0 16.3 20.2 80.9 9.8 32.0 41.8 25.2 11.6 6.1 4.1 5.0 20.7 18.8 113.4 -7.3
37 Bogdanovic, Bogdan ATL 62 28 34 46.8 42.2 86.5 48.8 13.7 36.4 37.7 16.1 20.8 77.5 10.1 32.3 42.3 26.7 13.8 7.1 5.3 3.9 18.8 16.9 114.2 -3.7
37 Davis, Anthony LAL 62 35 27 47.1 43.5 91.2 47.7 14.3 36.5 39.2 14.2 17.5 80.8 10.2 32.6 42.8 28.0 12.9 7.6 4.8 5.9 19.3 14.9 115.4 -0.6
37 DeRozan, DeMar CHI 62 30 32 48.9 41.4 87.3 47.4 14.6 39.9 36.5 17.3 22.0 78.5 10.0 34.0 44.1 28.1 13.8 6.3 4.8 4.9 19.5 18.8 114.6 2.1
37 Dort, Luguentz OKC 62 43 19 47.2 40.1 88.0 45.5 13.7 37.5 36.6 18.6 23.6 78.7 12.0 31.9 43.9 26.7 15.3 6.4 4.9 6.7 19.1 19.3 112.5 -8.1
37 Dosunmu, Ayo CHI 62 31 31 48.8 41.0 87.9 46.7 14.0 39.3 35.7 18.0 23.0 78.4 10.7 34.0 44.7 27.9 14.0 6.6 5.4 5.3 17.8 19.7 114.1 3.0
37 Edwards, Anthony MIN 62 42 20 48.8 39.4 88.6 44.5 11.2 33.0 33.9 17.6 22.3 78.8 10.5 30.0 40.5 24.6 13.5 7.7 4.7 6.4 19.6 19.1 107.7 -9.1
37 Gobert, Rudy MIN 62 43 19 49.5 39.4 89.8 43.9 11.9 33.5 35.6 15.5 19.6 78.8 10.7 29.5 40.2 25.1 13.6 8.0 5.0 6.2 21.0 18.7 106.2 -8.6
37 Hauser, Sam BOS 62 49 13 48.5 40.3 91.6 44.0 11.5 35.4 32.4 15.2 19.5 77.6 11.6 32.6 44.1 24.3 11.2 6.2 4.0 6.7 16.9 17.5 107.2 -12.1
37 Jokic, Nikola DEN 62 43 19 48.7 42.0 89.1 47.1 11.1 31.7 35.0 15.9 20.1 79.2 9.9 30.9 40.7 27.0 12.5 7.5 4.3 4.8 18.7 16.5 111.0 -11.0
37 Kispert, Corey WAS 62 11 51 45.8 44.6 89.4 49.9 12.2 33.7 36.2 17.4 22.3 77.9 11.5 35.2 46.7 27.9 12.5 7.8 6.0 4.2 18.2 19.1 118.8 10.4
37 Kuminga, Jonathan GSW 62 32 30 46.8 40.5 88.0 46.0 11.9 35.0 34.0 18.7 23.6 79.0 10.9 31.9 42.8 25.5 13.3 7.7 4.9 4.4 18.0 19.5 111.5 -3.2
37 Kuzma, Kyle WAS 62 11 51 46.3 46.1 91.6 50.3 12.1 32.3 37.6 17.5 22.6 77.8 12.6 36.1 48.7 29.3 13.2 6.7 5.2 5.4 15.9 18.8 121.8 11.7
37 Lopez, Brook MIL 62 41 21 46.5 42.1 91.9 45.8 11.4 32.9 34.5 14.9 18.7 79.9 10.3 33.2 43.5 25.6 10.8 6.9 4.4 5.6 19.9 16.8 110.5 -7.7
37 Monk, Malik SAC 62 36 26 47.0 41.1 84.2 48.8 13.1 32.2 40.6 20.8 25.7 80.7 9.2 31.3 40.5 26.3 13.0 7.5 4.9 4.1 19.6 20.6 116.0 0.3
37 Poole, Jordan WAS 62 11 51 45.5 45.1 89.6 50.4 12.0 32.1 37.6 18.0 23.0 78.2 11.8 35.5 47.3 28.9 13.1 7.1 5.0 5.2 16.8 19.0 120.3 10.8
37 Powell, Norman LAC 62 40 22 47.6 40.7 88.1 46.2 12.1 34.7 35.0 19.0 24.4 77.8 11.1 32.2 43.3 25.4 13.4 6.7 4.9 5.8 20.8 20.5 112.5 -5.3
37 Watson, Peyton DEN 62 43 19 48.8 40.3 90.9 44.4 11.3 31.8 35.7 21.2 27.2 77.9 12.9 31.8 44.7 24.4 11.5 7.5 5.5 7.2 18.1 21.7 113.1 2.4
56 Avdija, Deni WAS 61 11 50 45.6 44.4 89.5 49.6 11.8 32.3 36.6 17.2 22.2 77.6 11.5 34.5 45.9 28.4 13.1 7.7 5.5 4.8 17.4 19.1 117.8 7.7
56 Carter, Jevon CHI 61 30 31 48.6 38.8 84.5 45.9 13.9 38.1 36.6 17.5 22.4 77.8 10.8 33.8 44.6 26.0 16.8 6.7 6.0 5.2 18.9 19.3 109.0 -0.6
56 Hardaway Jr., Tim DAL 61 35 26 46.8 43.4 88.9 48.8 13.2 35.8 37.0 16.7 22.0 75.7 11.5 33.7 45.2 27.4 13.1 6.7 3.7 3.9 22.0 18.3 116.7 -0.1
56 Holiday, Aaron HOU 61 28 33 47.0 37.9 83.6 45.3 11.2 33.1 33.8 20.0 27.3 73.5 10.2 33.1 43.3 22.4 14.1 7.4 5.8 4.3 19.9 21.9 107.0 -2.6
56 Huerter, Kevin SAC 61 35 26 47.5 42.9 86.4 49.7 12.6 32.0 39.4 17.6 21.1 83.1 8.4 33.6 42.0 28.6 13.4 6.6 3.8 3.9 17.3 19.2 116.0 -1.7
56 Looney, Kevon GSW 61 33 28 47.8 43.0 89.7 47.9 13.9 38.0 36.8 16.8 20.9 80.1 9.9 30.6 40.5 27.1 11.2 8.0 4.3 3.7 18.9 19.2 116.7 1.8
56 Murray, Dejounte ATL 61 27 34 47.0 44.6 89.2 49.9 13.8 35.0 39.5 16.6 21.0 79.2 10.9 32.4 43.3 28.1 13.4 7.8 5.8 4.4 19.2 18.0 119.5 2.6
56 Russell, D'Angelo LAL 61 36 25 46.5 43.3 91.2 47.5 13.0 34.8 37.4 14.1 17.3 81.5 11.0 32.5 43.5 27.3 12.8 7.3 4.8 5.9 18.2 15.4 113.7 -2.4
56 Turner, Myles IND 61 34 27 46.8 44.4 88.7 50.0 10.4 28.1 37.2 17.7 22.9 77.3 9.9 32.5 42.4 24.9 12.3 5.8 5.3 6.0 17.9 19.3 116.9 -4.2
56 Wiggins, Aaron OKC 61 44 17 48.3 41.0 90.9 45.1 14.0 38.0 36.7 16.6 21.9 75.5 12.9 32.0 44.8 26.7 15.5 7.0 5.5 6.5 18.6 17.9 112.5 -2.3
66 Barnes, Scottie TOR 60 22 38 47.5 43.6 89.5 48.7 13.3 35.1 37.8 15.4 19.3 79.9 10.4 33.2 43.6 28.2 13.5 6.5 5.5 5.2 17.7 17.6 115.8 3.3
66 Camara, Toumani POR 60 18 42 48.3 40.9 85.4 47.9 11.4 32.8 34.7 18.6 23.3 79.9 10.3 33.3 43.6 26.8 15.8 9.1 6.7 4.0 18.3 20.3 111.9 5.1
66 Collins, John UTA 60 26 34 47.3 45.1 89.1 50.6 14.4 35.0 41.2 16.8 21.6 77.8 9.8 31.0 40.8 30.1 11.9 8.1 6.7 4.9 19.4 19.0 121.5 6.9
66 Conley, Mike MIN 60 42 18 49.1 40.0 89.3 44.7 11.4 31.9 35.8 15.4 19.8 77.8 10.8 30.2 41.0 24.9 13.6 8.1 5.0 5.9 21.6 18.8 106.7 -6.8
66 Coulibaly, Bilal WAS 60 11 49 46.5 44.8 89.2 50.2 11.2 31.2 35.8 17.8 23.0 77.3 11.9 35.5 47.4 27.8 14.3 7.9 5.5 5.3 17.8 19.6 118.6 11.1
66 Green, Jeff HOU 60 27 33 47.5 40.1 86.4 46.4 11.5 34.5 33.4 20.4 27.0 75.8 10.8 33.1 43.8 22.9 13.6 7.0 5.5 5.2 21.4 22.1 112.2 4.0
66 Joe, Isaiah OKC 60 42 18 45.7 36.4 81.3 44.7 12.8 35.1 36.4 20.0 25.2 79.4 11.6 31.3 42.9 23.8 16.5 6.1 4.4 5.6 21.2 19.8 105.5 -12.9
66 Johnson, Keldon SAS 60 14 46 46.3 43.3 88.0 49.2 12.8 33.6 38.0 18.0 23.1 77.7 10.3 34.0 44.4 26.2 12.7 7.7 4.7 5.4 17.3 18.6 117.4 8.5
66 Lillard, Damian MIL 60 42 18 46.6 42.7 91.6 46.6 11.4 33.0 34.5 15.4 19.4 79.6 10.0 32.9 42.9 26.1 11.5 6.6 4.3 5.2 20.1 17.6 112.2 -8.1
66 Nurkic, Jusuf PHX 60 37 23 47.7 42.3 90.5 46.7 12.4 34.0 36.5 14.4 18.8 76.6 9.8 29.4 39.2 26.1 12.0 7.9 4.6 5.3 19.9 17.5 111.4 -10.0
66 Saric, Dario GSW 60 32 28 47.8 41.8 87.3 47.9 12.9 35.0 36.9 17.9 22.6 79.4 10.3 31.5 41.8 25.4 13.0 8.2 4.8 3.4 19.0 19.7 114.5 0.5
66 Strus, Max CLE 60 39 21 48.0 39.7 88.2 45.0 12.3 33.5 36.8 16.3 20.5 79.4 10.4 32.7 43.1 24.5 14.5 7.8 5.6 4.9 19.3 17.3 108.0 -6.4
66 Tatum, Jayson BOS 60 47 13 48.3 41.5 92.3 44.9 13.0 37.1 35.1 13.5 17.6 76.5 11.0 32.6 43.5 24.5 11.9 6.4 3.1 6.4 17.8 16.3 109.4 -11.7
66 Thompson, Klay GSW 60 30 30 46.9 43.0 89.1 48.2 13.1 35.9 36.6 17.9 22.3 80.5 10.5 32.1 42.7 26.9 11.8 7.3 4.7 3.9 18.3 19.1 117.1 1.7
66 Thybulle, Matisse POR 60 17 43 48.2 42.6 86.1 49.5 11.8 32.2 36.6 18.3 23.3 78.3 10.9 33.2 44.1 27.5 16.1 8.7 6.6 5.0 18.1 20.4 115.3 7.4
66 Towns, Karl-Anthony MIN 60 41 19 48.7 39.9 87.9 45.4 11.4 32.0 35.5 16.9 21.4 78.8 10.1 30.4 40.5 24.8 13.3 7.2 4.7 5.4 20.5 19.1 108.0 -8.5
82 Allen, Jarrett CLE 59 39 20 48.5 40.7 88.6 45.9 12.1 33.5 36.1 16.4 20.4 80.5 9.9 32.1 42.0 25.1 13.8 7.7 5.4 4.8 19.5 16.9 109.9 -6.4
82 Black, Anthony ORL 59 32 27 47.9 39.6 84.5 46.9 11.4 31.3 36.4 18.1 23.2 78.1 8.8 30.9 39.7 23.7 15.0 9.0 5.0 6.4 20.5 20.2 108.8 0.5
82 Branham, Malaki SAS 59 12 47 46.3 45.1 89.1 50.5 13.4 33.4 40.1 16.1 20.1 80.1 10.4 33.9 44.3 28.0 13.4 9.1 4.8 5.6 17.0 16.4 119.6 12.1
82 Brunson, Jalen NYK 59 36 23 49.3 42.2 88.1 47.9 13.3 34.6 38.4 15.6 20.8 74.9 10.1 30.6 40.7 27.0 13.2 6.9 5.1 4.0 21.4 18.2 113.3 -6.9
82 Connaughton, Pat MIL 59 38 21 46.8 43.6 88.3 49.3 13.7 36.1 37.9 16.2 20.5 78.8 9.5 33.0 42.4 26.7 12.1 6.4 4.0 4.2 20.5 19.1 117.0 0.5
82 Curry, Stephen GSW 59 33 26 46.6 42.2 88.6 47.6 12.8 35.9 35.5 18.5 22.8 81.3 10.7 31.2 41.9 26.0 12.0 8.1 4.4 4.0 18.4 19.0 115.7 -2.2
82 Ivey, Jaden DET 59 10 49 47.0 43.1 87.4 49.4 12.0 31.0 38.6 20.9 25.3 82.7 8.9 31.2 40.1 26.3 10.9 8.3 6.2 4.8 18.4 21.7 119.2 6.7
82 Jones Jr., Derrick DAL 59 33 26 46.9 43.1 90.0 47.9 12.6 35.2 35.7 16.8 21.3 78.9 11.3 33.6 45.0 28.3 12.9 7.6 3.6 5.0 19.2 18.0 115.6 1.2
82 Jones, Herbert NOP 59 37 22 48.3 40.4 88.1 45.8 13.4 39.3 34.2 16.8 21.7 77.6 9.7 31.9 41.6 27.0 14.1 6.2 5.0 5.7 18.4 19.5 111.0 -5.7
82 Jones, Tre SAS 59 13 46 46.3 42.6 88.9 47.9 12.1 33.0 36.6 16.1 20.3 79.1 11.1 32.2 43.3 26.3 13.1 8.1 4.4 6.4 18.4 16.6 113.2 1.6
82 Mathurin, Bennedict IND 59 33 26 46.2 43.9 87.4 50.2 10.3 28.4 36.2 19.6 25.2 77.9 11.4 31.3 42.7 23.5 14.0 6.4 6.1 5.0 18.9 21.4 117.8 2.8
82 Murray, Keegan SAC 59 34 25 47.7 42.5 86.0 49.4 13.2 32.6 40.4 17.2 21.2 81.0 8.0 32.3 40.3 28.3 13.7 7.3 4.8 3.5 17.3 19.0 115.4 -1.2
82 Robinson, Duncan MIA 59 33 26 48.8 40.6 86.5 46.9 13.4 36.7 36.4 16.2 21.1 76.6 9.5 33.3 42.8 26.6 13.9 6.4 4.8 3.7 19.6 19.2 110.7 -1.9
82 Smith Jr., Jabari HOU 59 28 31 48.1 41.0 88.4 46.4 12.6 35.3 35.7 18.4 24.6 75.0 11.3 34.7 46.0 25.0 12.7 6.7 6.1 4.3 19.2 20.5 113.0 1.6
82 Trent Jr., Gary TOR 59 22 37 47.9 44.6 90.6 49.2 12.9 34.7 37.1 15.3 18.9 80.9 10.7 33.6 44.3 27.9 13.0 6.5 5.2 4.8 16.8 18.1 117.3 3.2
82 Vucevic, Nikola CHI 59 29 30 49.1 41.3 87.7 47.1 14.7 40.2 36.5 17.3 22.3 77.6 9.8 35.6 45.3 28.5 13.8 6.5 4.7 4.7 17.2 19.1 114.7 2.8
82 White, Derrick BOS 59 47 12 47.6 41.2 92.1 44.7 13.0 37.2 34.9 13.5 17.9 75.7 10.9 32.6 43.5 24.3 12.1 6.4 3.5 6.7 18.3 16.2 108.9 -13.6
99 Allen, Grayson PHX 58 34 24 47.8 43.3 91.6 47.3 12.9 35.4 36.4 15.6 20.5 76.4 11.4 30.1 41.5 26.6 12.0 7.7 4.8 5.6 20.5 18.3 115.1 -3.8
99 Brown, Jaylen BOS 58 44 14 47.7 42.2 92.8 45.4 13.5 38.1 35.5 13.3 17.7 75.5 10.9 32.6 43.5 25.3 11.8 7.0 3.4 6.7 18.5 16.4 111.2 -9.5
99 Caldwell-Pope, Kentavious DEN 58 41 17 48.8 41.7 89.3 46.7 10.8 31.1 34.8 16.7 20.7 80.7 10.7 30.9 41.5 26.4 13.1 7.3 4.1 5.1 19.0 16.8 110.9 -11.0
99 Eubanks, Drew PHX 58 31 27 48.1 40.7 89.8 45.3 14.2 38.2 37.0 17.5 22.7 77.0 12.8 30.8 43.7 25.1 13.3 8.1 4.7 6.8 21.1 18.1 113.0 5.8
99 Gordon, Aaron DEN 58 39 19 48.6 42.1 88.5 47.6 11.0 31.3 35.1 15.3 19.6 77.7 10.1 31.4 41.5 26.8 13.1 7.2 4.2 5.0 18.6 16.2 110.5 -8.6
99 Harden, James LAC 58 38 20 49.2 42.3 90.4 46.7 13.2 36.1 36.5 16.2 20.6 78.8 11.1 30.7 41.8 27.3 13.2 7.0 3.9 5.2 20.0 18.4 113.9 -7.7
99 Harris, Tobias PHI 58 35 23 48.2 41.2 87.8 46.9 11.6 33.0 35.0 18.8 23.3 80.9 10.7 33.4 44.1 26.0 13.7 5.8 6.5 6.4 18.7 19.9 112.8 -5.4
99 Hartenstein, Isaiah NYK 58 35 23 48.5 40.9 87.9 46.5 12.8 34.7 36.9 16.2 20.8 78.1 9.9 30.2 40.1 26.3 13.1 6.7 5.3 4.6 19.6 18.6 110.8 -7.7
99 Holiday, Jrue BOS 58 45 13 48.4 42.0 93.3 45.0 13.8 38.4 36.0 13.4 17.5 76.6 11.3 32.8 44.1 25.3 11.6 6.4 3.5 6.4 17.7 16.3 111.3 -9.1
99 Ingram, Brandon NOP 58 35 23 48.5 41.2 87.7 46.9 13.5 38.6 34.9 16.7 21.5 77.5 9.5 31.5 41.0 27.4 13.4 6.8 5.1 4.9 18.2 19.2 112.4 -4.8
99 Jaquez Jr., Jaime MIA 58 34 24 48.8 41.3 88.7 46.6 13.6 38.2 35.5 16.0 21.0 76.3 9.6 33.4 43.0 27.1 13.4 7.0 5.1 3.6 20.1 18.7 112.3 -0.7
99 Suggs, Jalen ORL 58 33 25 47.9 40.8 84.1 48.6 12.0 31.4 38.0 18.6 23.8 78.0 8.1 31.7 39.8 25.0 15.1 8.9 4.6 5.0 21.0 20.4 112.2 0.4
99 Vassell, Devin SAS 58 13 45 46.6 43.8 90.0 48.7 11.6 32.4 35.8 15.7 19.9 79.0 11.0 33.6 44.6 27.1 12.8 8.6 4.5 6.3 17.0 16.4 115.0 6.2
99 Westbrook, Russell LAC 58 38 20 47.0 41.7 88.3 47.2 12.5 35.4 35.4 18.4 23.8 77.4 10.5 31.5 42.0 26.1 13.2 7.1 5.1 4.8 19.6 20.8 114.3 -2.3
99 Williams, Jalen OKC 58 40 18 46.8 39.9 88.1 45.3 13.0 36.1 36.0 17.5 22.3 78.7 12.3 32.0 44.4 26.5 15.2 6.4 5.3 6.9 18.0 18.7 110.4 -7.9
114 Durant, Kevin PHX 57 32 25 47.5 42.8 91.1 47.0 12.8 35.5 36.2 15.1 19.9 75.8 11.0 29.5 40.5 26.3 12.4 8.4 4.7 5.6 20.4 17.4 113.5 -4.9
114 George, Keyonte UTA 57 24 33 47.2 44.3 90.1 49.1 13.8 35.3 39.1 15.0 19.7 76.2 10.4 31.1 41.5 29.5 11.6 8.8 6.1 6.2 20.1 17.2 117.3 6.3
114 George, Paul LAC 57 38 19 48.9 41.3 89.0 46.4 12.8 35.5 36.1 16.3 20.6 79.2 10.6 30.9 41.5 26.7 14.1 7.1 4.4 5.2 20.4 18.5 111.7 -10.0
114 Jackson Jr., Jaren MEM 57 19 38 48.1 41.4 87.1 47.5 13.9 35.4 39.2 16.6 20.9 79.6 10.0 36.2 46.1 26.2 15.3 7.5 6.8 6.5 19.9 19.4 113.2 6.4
114 James, LeBron LAL 57 31 26 47.2 43.3 91.6 47.3 13.7 37.0 37.1 13.3 16.7 79.7 11.1 31.8 42.9 27.6 13.0 8.1 4.5 5.7 19.6 14.7 113.7 -2.7
114 Leonard, Kawhi LAC 57 38 19 48.8 40.8 89.3 45.7 12.4 35.2 35.2 16.7 21.2 78.5 11.2 31.0 42.2 26.1 14.0 7.2 4.3 5.2 19.0 17.9 110.6 -8.4
114 Mann, Terance LAC 57 38 19 49.1 43.2 90.6 47.7 13.2 36.0 36.8 15.7 20.0 78.6 10.9 29.6 40.5 27.6 12.0 6.9 3.8 4.5 17.9 18.0 115.3 -2.5
114 Miller, Brandon CHA 57 14 43 48.6 44.0 88.8 49.6 12.6 34.9 36.2 17.7 21.8 80.9 10.5 35.1 45.6 28.1 13.5 6.9 5.0 4.7 17.6 19.0 118.3 9.4
114 VanVleet, Fred HOU 57 28 29 48.2 39.7 87.1 45.6 11.8 34.8 34.1 18.9 25.1 75.1 10.5 34.3 44.8 23.7 13.6 6.9 5.5 4.6 19.9 20.7 110.2 -3.1
114 Wagner, Franz ORL 57 34 23 48.6 39.9 85.1 46.9 12.1 33.3 36.4 16.6 21.7 76.6 8.8 31.3 40.1 23.6 15.5 7.9 5.4 5.2 22.2 20.3 108.6 -3.3
114 Walker, Jabari POR 57 16 41 48.7 42.8 85.8 50.0 11.3 32.9 34.4 20.1 25.8 78.2 10.7 31.6 42.3 26.6 14.3 8.4 6.5 4.8 18.3 21.5 117.2 8.4
125 Capela, Clint ATL 56 26 30 46.9 44.1 89.7 49.2 13.3 34.0 39.0 16.1 20.4 79.2 11.1 32.5 43.6 27.3 13.0 7.9 6.1 4.7 18.0 17.4 117.5 2.6
125 Champagnie, Julian SAS 56 11 45 46.4 44.5 88.3 50.4 12.6 31.9 39.5 14.5 18.5 78.4 9.6 33.0 42.6 28.3 13.7 8.7 4.6 7.4 17.5 15.5 116.1 5.5
125 Doncic, Luka DAL 56 33 23 47.3 43.4 89.7 48.3 13.5 36.0 37.5 16.3 21.0 77.9 11.1 33.3 44.4 27.9 13.5 7.1 3.5 5.0 20.8 17.9 116.6 -3.3
125 Dunn, Kris UTA 56 25 31 46.5 42.8 88.7 48.3 14.1 36.1 39.0 17.7 22.2 79.7 10.2 29.4 39.6 29.4 12.7 7.9 5.9 4.8 16.6 19.7 117.5 -2.0
125 Finney-Smith, Dorian BKN 56 23 33 48.8 41.6 89.3 46.6 12.8 34.5 37.0 17.1 20.8 82.3 10.1 35.6 45.7 24.7 12.8 6.3 4.4 5.2 17.9 18.1 113.1 0.8
125 Hardy, Jaden DAL 56 31 25 46.3 41.7 85.3 48.8 12.5 33.1 37.7 18.1 23.6 76.6 11.0 34.0 45.0 25.3 14.9 7.6 4.0 4.1 20.0 19.1 113.9 4.7
125 Nesmith, Aaron IND 56 31 25 46.9 43.4 87.7 49.4 11.3 30.2 37.4 19.5 24.7 78.9 10.9 30.9 41.8 24.0 13.7 6.5 5.9 5.8 18.3 21.1 117.5 -2.3
125 Wembanyama, Victor SAS 56 13 43 46.1 42.8 88.7 48.2 12.6 34.0 37.1 14.0 17.9 78.1 10.1 32.6 42.7 27.5 13.4 9.1 4.1 7.8 18.6 15.0 112.1 4.4
133 Brooks, Dillon HOU 55 25 30 48.2 41.1 89.0 46.3 12.9 36.0 35.8 18.2 24.4 74.5 10.9 34.1 45.0 25.0 13.4 7.4 6.1 4.1 18.9 20.8 113.4 1.6
133 Caruso, Alex CHI 55 27 28 48.4 39.7 86.8 45.8 14.3 40.1 35.8 15.6 19.8 78.6 10.0 33.7 43.7 26.8 15.6 7.4 4.9 5.4 19.4 17.8 109.4 -0.9
133 Claxton, Nic BKN 55 21 34 48.6 42.2 89.5 47.1 13.7 34.3 40.0 17.0 20.9 81.0 10.4 36.5 47.0 25.6 13.1 6.7 4.5 5.9 17.9 18.6 115.0 6.9
133 Fox, De'Aaron SAC 55 32 23 46.7 41.9 85.4 49.1 13.5 33.0 40.9 17.7 21.7 81.4 8.7 32.6 41.3 27.3 13.6 7.1 4.8 3.9 18.8 19.0 115.0 -2.7
133 Hawkins, Jordan NOP 55 33 22 47.4 41.6 88.2 47.1 13.6 38.3 35.4 16.7 21.4 77.8 11.5 33.5 45.0 27.4 13.2 6.3 5.6 4.1 18.6 18.7 113.4 -0.1
133 Hayes, Jaxson LAL 55 31 24 46.9 43.2 92.7 46.7 13.7 39.2 35.0 14.0 18.4 76.2 13.0 31.5 44.5 27.0 12.5 7.6 4.6 4.0 17.7 17.1 114.2 4.7
133 Maxey, Tyrese PHI 55 35 20 48.2 41.7 87.5 47.6 11.5 32.3 35.8 19.1 24.1 79.0 11.2 32.7 43.9 26.3 13.6 5.7 6.0 6.1 18.6 20.7 113.9 -5.6
133 McDaniels, Jaden MIN 55 36 19 49.3 40.6 89.2 45.5 11.9 32.9 36.0 17.3 22.0 78.8 10.7 30.6 41.3 25.1 13.7 7.8 5.1 5.3 20.3 19.5 110.4 -4.4
133 Okoro, Isaac CLE 55 35 20 48.9 41.3 89.8 46.0 11.9 34.1 35.0 16.5 21.3 77.3 10.0 34.0 43.9 25.5 13.7 7.1 5.2 5.3 19.3 18.1 110.9 -2.7
133 Podziemski, Brandin GSW 55 28 27 47.4 40.5 87.8 46.1 12.5 35.9 34.7 18.0 22.7 79.5 10.8 30.1 41.0 25.2 13.0 7.1 5.2 4.3 18.7 18.8 111.5 -6.9
143 Adebayo, Bam MIA 54 30 24 49.0 40.9 87.9 46.5 13.4 37.7 35.5 15.2 19.1 79.3 9.8 34.9 44.7 26.3 14.3 6.3 4.7 3.7 19.1 17.5 110.3 0.2
143 McConnell, T.J. IND 54 29 25 46.2 42.4 84.1 50.4 10.2 28.5 35.8 20.2 26.2 77.2 9.9 29.7 39.5 24.3 14.8 6.3 5.6 5.3 18.6 22.3 115.2 -0.9
143 Okogie, Josh PHX 54 33 21 47.8 40.8 87.6 46.6 12.4 35.0 35.5 18.0 22.5 79.8 11.2 28.8 39.9 25.8 14.9 8.9 5.5 5.8 22.8 18.6 112.0 -1.2
143 Richards, Nick CHA 54 11 43 49.0 45.1 90.1 50.1 13.6 35.7 38.0 15.3 19.6 78.2 11.0 34.2 45.3 30.3 13.7 7.7 5.5 4.9 17.6 18.6 119.1 13.3
143 Sasser, Marcus DET 54 8 46 46.7 41.8 84.2 49.7 11.6 30.0 38.7 23.0 28.8 79.7 10.2 32.9 43.1 24.6 13.3 8.2 5.8 4.6 19.2 21.5 118.2 7.1
143 Tate, Jae'Sean HOU 54 23 31 47.6 38.1 84.2 45.3 11.2 34.3 32.6 19.7 26.3 74.8 9.4 34.0 43.4 22.3 15.3 7.8 5.6 4.2 19.8 21.5 107.1 -3.6
143 Wade, Dean CLE 54 36 18 48.2 39.1 87.8 44.5 10.3 31.9 32.2 15.7 20.2 78.0 8.9 32.7 41.6 23.6 14.1 7.5 5.2 5.2 19.7 16.9 104.2 -7.7
143 Wiggins, Andrew GSW 54 26 28 47.4 42.8 90.5 47.3 13.7 37.0 37.0 19.2 23.7 81.1 11.7 31.6 43.3 26.4 12.2 8.3 4.4 4.0 18.6 20.3 118.6 3.3
151 Aldama, Santi MEM 53 20 33 49.0 41.5 88.7 46.9 13.8 35.6 38.7 16.8 21.4 78.8 11.2 36.1 47.3 26.9 14.1 7.5 6.3 6.7 19.0 18.9 113.7 8.1
151 Bridges, Miles CHA 53 13 40 48.4 44.1 88.6 49.8 13.8 36.0 38.2 16.8 20.7 81.3 10.1 35.9 46.0 28.9 13.4 7.0 5.3 4.4 16.7 17.7 118.8 11.4
151 Clarkson, Jordan UTA 53 22 31 47.4 44.0 88.7 49.6 14.1 34.9 40.5 17.2 22.3 76.9 10.1 30.7 40.8 28.9 11.9 8.4 6.2 5.5 20.2 18.7 119.3 4.7
151 Cunningham, Cade DET 53 6 47 47.6 42.7 87.3 48.9 11.8 31.3 37.8 21.7 25.9 83.6 9.3 31.1 40.5 26.1 11.7 9.0 6.4 4.8 17.6 22.3 118.9 8.5
151 Gordon, Eric PHX 53 31 22 47.8 42.1 91.3 46.1 13.0 35.6 36.4 17.0 21.9 77.8 11.9 29.3 41.2 25.9 12.6 8.0 4.4 6.4 21.0 18.5 114.1 -2.2
151 Grant, Jerami POR 53 17 36 48.8 43.7 88.0 49.7 11.2 32.3 34.7 18.6 23.8 78.1 10.8 34.1 44.8 28.4 14.2 8.5 6.1 4.7 18.5 20.4 117.2 9.2
151 Horford, Al BOS 53 41 12 48.3 41.2 91.2 45.1 12.7 37.2 34.0 13.4 17.3 77.0 9.7 32.5 42.2 23.9 11.3 6.5 3.4 6.7 17.4 16.3 108.3 -10.9
151 Mitchell, Davion SAC 53 31 22 47.1 41.3 84.7 48.7 12.4 31.8 39.0 19.4 24.2 80.2 8.2 32.6 40.8 27.5 11.9 7.2 2.9 3.5 16.7 20.4 114.3 8.1
151 Okongwu, Onyeka ATL 53 23 30 46.5 43.8 87.0 50.4 13.8 35.9 38.3 16.9 22.2 76.1 10.1 32.2 42.3 27.8 14.0 7.4 5.3 4.0 20.6 18.4 118.4 -0.1
151 Williamson, Zion NOP 53 32 21 47.0 40.2 86.8 46.2 13.4 38.6 34.7 17.7 22.4 79.0 10.2 31.5 41.7 27.0 13.5 6.6 5.5 5.3 18.1 18.5 111.4 -3.2
161 Bitadze, Goga ORL 52 27 25 49.3 40.3 86.5 46.6 11.6 31.4 37.0 17.4 23.0 75.7 9.9 32.1 42.0 23.6 14.3 8.1 5.1 6.9 21.7 21.2 109.7 -3.8
161 Christie, Max LAL 52 28 24 46.0 41.3 90.4 45.7 13.7 36.6 37.6 14.6 18.2 80.3 10.3 32.1 42.4 26.9 12.1 7.9 4.5 5.5 18.8 15.9 111.0 1.7
161 Collins, Zach SAS 52 11 41 46.9 44.3 89.8 49.3 12.9 33.7 38.4 17.5 22.9 76.3 9.9 34.3 44.1 27.4 11.4 8.8 4.3 4.4 16.4 18.9 119.0 12.6
161 Daniels, Dyson NOP 52 30 22 48.1 40.8 87.8 46.5 14.1 39.8 35.6 16.6 20.9 79.4 10.6 31.4 42.0 25.9 15.3 6.5 4.4 4.6 19.2 19.0 112.4 -3.9
161 Hachimura, Rui LAL 52 29 23 46.8 43.3 91.2 47.5 13.3 36.6 36.4 12.6 15.6 81.2 10.7 32.1 42.9 27.1 13.1 7.0 5.0 5.1 18.5 14.1 112.6 -2.9
161 Haliburton, Tyrese IND 52 29 23 46.1 44.1 88.9 49.6 9.8 27.8 35.2 19.4 24.5 78.9 10.8 32.3 43.2 23.6 12.4 6.4 5.2 6.2 17.8 20.3 117.3 -5.0
161 Hield, Buddy IND 52 29 23 45.9 43.6 86.1 50.7 10.4 27.4 38.1 20.7 25.9 80.1 10.8 30.3 41.1 23.8 13.4 7.1 5.0 5.9 17.2 20.9 118.4 -3.1
161 Kessler, Walker UTA 52 25 27 47.4 43.1 91.7 47.0 14.8 37.4 39.5 13.6 18.6 72.7 11.9 30.1 42.1 28.7 12.1 8.9 6.0 7.4 19.4 16.7 114.5 2.3
161 LeVert, Caris CLE 52 32 20 47.8 40.0 87.0 45.9 12.2 33.3 36.7 18.9 23.8 79.6 10.0 32.6 42.6 24.7 13.5 7.5 4.8 5.3 19.3 19.2 111.0 -3.7
161 Marshall, Naji NOP 52 34 18 47.4 39.2 86.9 45.1 13.4 39.0 34.3 17.0 22.0 77.4 10.8 30.9 41.7 26.4 14.9 6.7 5.8 4.3 19.2 18.7 108.7 -8.4
161 Powell, Dwight DAL 52 30 22 46.9 40.9 85.5 47.8 12.7 34.0 37.3 20.1 25.8 77.9 11.4 32.4 43.8 26.2 14.7 7.4 3.8 2.8 22.5 19.6 114.6 -3.3
161 Williams Jr., Vince MEM 52 18 34 48.5 41.2 86.8 47.5 12.4 34.0 36.5 16.6 21.5 77.5 10.9 34.5 45.4 26.0 15.6 8.2 5.7 6.8 20.7 19.1 111.5 3.1
161 Williams, Jaylin OKC 52 37 15 47.5 37.5 83.5 44.9 12.9 34.9 36.9 18.2 23.7 76.8 10.7 32.6 43.3 26.2 16.7 7.0 5.1 4.8 18.9 19.2 106.0 -10.0
161 Williams, Kenrich OKC 52 38 14 47.6 39.5 86.7 45.6 12.6 34.9 36.2 16.9 21.7 78.1 10.9 30.6 41.5 26.8 16.5 6.7 5.3 6.7 19.0 19.5 108.6 -8.7
175 Agbaji, Ochai UTA 51 25 26 47.4 43.2 91.5 47.2 13.9 36.7 37.8 16.2 21.3 76.1 11.9 30.6 42.6 28.1 11.5 9.2 6.1 6.8 19.4 19.1 116.5 5.7
175 Coffey, Amir LAC 51 36 15 47.0 43.4 88.9 48.7 13.0 34.5 37.7 17.1 22.0 77.9 10.9 30.6 41.5 27.3 12.1 7.6 5.2 5.3 18.1 18.9 116.9 1.2
175 Green, Josh DAL 51 29 22 47.5 44.0 88.9 49.6 13.9 35.3 39.4 18.3 24.0 76.5 11.0 32.7 43.6 28.4 13.3 7.4 4.1 4.1 20.5 19.7 120.3 2.3
175 Ingles, Joe ORL 51 32 19 47.8 40.1 82.9 48.4 11.3 32.2 35.1 18.7 24.1 77.8 9.4 28.8 38.2 23.5 15.2 8.2 4.2 5.0 21.8 21.5 110.3 -4.8
175 Markkanen, Lauri UTA 51 22 29 46.8 43.4 88.7 48.9 14.1 35.4 39.9 16.4 20.8 78.8 9.8 29.4 39.2 29.0 12.1 8.2 6.7 5.1 19.4 18.0 117.3 -1.5
175 McBride, Miles NYK 51 30 21 50.1 41.1 88.3 46.6 12.8 36.6 35.1 14.8 19.6 75.7 10.9 34.4 45.2 26.4 13.8 7.3 6.1 4.4 17.0 17.4 109.9 5.2
175 Nembhard, Andrew IND 51 30 21 47.2 42.8 87.5 48.9 11.0 29.0 38.0 18.4 23.4 78.6 11.1 32.6 43.7 23.7 14.6 6.9 5.5 5.8 17.3 20.1 115.0 -0.1
175 Oubre Jr., Kelly PHI 51 29 22 48.3 41.9 87.0 48.1 12.6 34.6 36.5 20.5 26.1 78.5 11.2 34.5 45.8 26.8 14.3 5.7 7.0 5.6 18.3 22.1 116.8 2.2
175 Schroder, Dennis TOR 51 18 33 48.0 42.8 88.8 48.2 13.4 35.1 38.1 16.8 20.5 82.2 10.1 33.1 43.2 27.5 12.6 6.5 5.3 4.5 19.3 18.5 115.8 0.9
175 Williams, Ziaire MEM 51 20 31 48.1 41.8 87.9 47.5 13.3 34.9 38.0 17.1 22.2 77.2 12.0 36.0 48.0 26.2 15.4 8.1 6.5 5.8 20.4 18.6 114.0 11.5
175 Young, Trae ATL 51 22 29 45.8 44.2 88.0 50.2 13.1 34.0 38.5 17.6 22.2 79.3 10.7 31.6 42.3 27.7 13.6 7.4 5.1 4.6 20.5 18.0 119.0 2.8
175 Zubac, Ivica LAC 51 32 19 49.2 41.4 90.5 45.7 13.4 36.7 36.5 14.9 18.5 80.3 10.6 30.8 41.4 27.4 13.1 8.2 4.0 4.9 19.0 16.6 111.0 -6.8
187 Booker, Devin PHX 50 31 19 47.7 41.9 90.8 46.1 13.4 36.9 36.3 16.5 21.4 77.2 11.3 30.2 41.5 25.5 11.7 7.2 4.0 5.8 21.0 18.2 113.6 -6.5
187 Boucher, Chris TOR 50 16 34 48.4 41.6 88.4 47.1 13.6 36.7 37.1 17.2 21.9 78.7 11.5 31.4 42.9 27.3 14.9 6.3 4.9 4.8 19.8 19.4 114.1 -1.9
187 Fontecchio, Simone UTA 50 25 25 46.7 43.1 88.7 48.5 13.3 35.0 38.1 16.4 21.0 78.1 9.9 30.6 40.6 28.7 12.5 7.7 6.7 5.5 19.7 17.8 115.8 -0.4
187 Jackson-Davis, Trayce GSW 50 27 23 47.1 40.4 87.4 46.2 12.5 34.4 36.4 18.7 24.5 76.1 10.8 31.6 42.3 25.9 12.5 7.7 4.8 5.9 17.4 19.6 111.9 -1.6
187 McGowens, Bryce CHA 50 9 41 48.2 42.5 87.1 48.7 13.6 34.6 39.2 17.6 21.7 81.1 10.8 35.6 46.4 28.2 14.1 7.8 4.8 4.5 18.5 18.8 116.1 11.5
187 Olynyk, Kelly UTA 50 25 25 47.1 42.1 88.5 47.6 14.0 36.8 38.1 18.2 24.0 75.9 11.7 28.6 40.3 27.1 12.4 9.0 6.0 5.6 19.8 20.2 116.5 2.7
187 Poeltl, Jakob TOR 50 21 29 47.7 43.9 90.4 48.6 14.4 35.8 40.2 12.0 15.6 76.6 9.7 32.5 42.1 28.4 13.5 6.8 5.4 5.2 18.0 16.3 114.2 0.6
187 Thomas, Cam BKN 50 18 32 47.7 42.0 87.7 48.0 13.3 34.0 39.1 18.2 21.9 83.0 9.9 34.7 44.6 26.3 12.5 6.4 4.7 5.1 18.1 19.2 115.6 3.9
187 Wood, Christian LAL 50 28 22 47.2 40.1 89.7 44.8 13.5 37.5 36.1 16.0 19.8 80.4 9.9 30.7 40.6 25.1 12.5 8.5 3.8 5.9 21.0 16.8 109.7 -0.2
196 Johnson, Cameron BKN 49 19 30 48.5 42.1 87.8 48.0 13.2 32.5 40.7 16.2 20.5 79.3 10.1 35.6 45.7 26.1 12.2 6.4 5.1 5.3 18.0 18.1 113.8 1.4
196 Konchar, John MEM 49 16 33 48.5 41.1 85.7 47.9 13.4 34.4 39.0 16.2 21.1 77.0 9.1 34.8 43.9 27.0 15.6 8.3 6.7 7.5 17.9 18.7 111.8 6.8
196 Moody, Moses GSW 49 26 23 47.1 40.4 87.7 46.1 12.9 34.7 37.3 16.2 21.0 76.9 10.3 32.0 42.4 25.5 13.0 8.1 5.7 4.5 18.9 19.7 110.0 -2.6
196 Nnaji, Zeke DEN 49 34 15 49.1 41.0 88.6 46.3 13.3 32.0 41.7 21.8 29.1 74.8 13.3 34.2 47.6 23.9 13.2 7.2 5.7 9.1 19.2 23.4 117.2 15.2
196 O'Neale, Royce BKN 49 20 29 47.8 40.0 87.4 45.8 12.9 36.0 35.9 20.2 24.7 81.8 10.3 33.5 43.9 24.5 13.2 6.8 4.4 5.3 18.5 20.6 113.2 0.9
196 Reath, Duop POR 49 14 35 49.0 43.1 85.7 50.3 11.2 32.2 34.8 20.2 25.2 80.3 10.5 33.0 43.5 27.1 15.0 8.5 6.0 4.1 18.2 21.9 117.7 4.8
196 Smith Jr., Dennis BKN 49 19 30 49.0 39.0 85.3 45.7 12.9 36.1 35.7 20.2 24.9 81.3 9.4 32.7 42.2 23.6 14.8 6.4 5.7 4.4 17.5 21.6 111.1 0.9
196 Thor, JT CHA 49 12 37 47.8 39.7 84.9 46.7 11.6 32.9 35.1 20.5 25.5 80.6 9.7 34.6 44.4 24.9 13.4 6.9 5.1 4.5 17.4 19.9 111.4 4.6
204 Dinwiddie, Spencer BKN 48 19 29 48.4 42.8 91.0 47.0 13.0 34.0 38.3 17.2 21.1 81.9 10.6 36.2 46.8 26.0 11.1 6.1 4.3 6.0 18.6 18.2 115.8 0.9
204 Duren, Jalen DET 48 10 38 47.7 42.9 89.3 48.1 12.4 33.0 37.4 20.9 25.5 81.9 9.4 31.9 41.3 26.5 10.8 8.8 6.5 5.2 17.4 22.0 119.1 8.2
204 Highsmith, Haywood MIA 48 28 20 49.1 41.0 87.7 46.8 14.4 38.6 37.3 15.5 20.2 76.7 9.8 34.0 43.8 28.6 14.5 7.9 4.6 3.7 19.0 17.5 111.9 1.1
204 Houstan, Caleb ORL 48 24 24 49.8 41.0 88.3 46.4 12.3 35.7 34.4 17.8 22.9 77.6 10.7 33.9 44.5 23.9 12.9 6.6 4.0 4.9 19.4 20.9 112.0 2.0
204 Jackson Jr., Andre MIL 48 30 18 46.8 43.2 87.0 49.7 12.6 31.8 39.7 20.5 25.4 80.7 9.8 30.8 40.6 26.3 11.8 7.4 3.9 4.6 17.0 23.1 119.6 5.4
204 Jackson, Isaiah IND 48 29 19 45.7 40.9 83.5 49.0 10.1 28.4 35.6 21.5 28.1 76.4 11.6 29.0 40.6 22.2 15.9 7.8 4.9 6.4 19.1 22.9 113.4 0.5
204 Johnson, Jalen ATL 48 24 24 46.2 43.0 88.7 48.5 13.8 36.4 37.9 16.0 20.4 78.2 10.7 32.0 42.7 27.2 13.5 7.7 5.2 4.8 19.6 16.5 115.8 1.8
204 Lyles, Trey SAC 48 28 20 47.5 39.8 85.9 46.3 13.1 33.9 38.5 19.9 24.4 81.7 9.3 30.1 39.4 25.0 12.7 7.7 5.0 4.7 20.4 20.5 112.6 -5.7
204 Mathews, Garrison ATL 48 22 26 47.1 42.0 86.5 48.6 14.8 36.9 40.0 16.4 22.1 73.9 10.9 34.4 45.2 27.2 15.2 7.4 5.8 3.4 20.1 19.8 115.2 5.3
204 McCollum, CJ NOP 48 32 16 47.8 41.1 87.1 47.2 13.2 37.4 35.4 16.0 20.4 78.3 9.7 32.0 41.7 27.3 13.4 6.4 5.6 5.3 17.7 18.3 111.5 -4.8
204 Murray, Jamal DEN 48 35 13 49.0 42.5 90.2 47.1 11.4 32.1 35.6 16.4 21.4 77.0 11.2 29.9 41.2 27.0 12.4 7.4 5.0 6.4 18.2 17.3 112.8 -6.9
204 Roddy, David MEM 48 15 33 47.7 41.5 85.8 48.4 13.0 34.4 37.8 18.0 23.3 77.2 9.8 35.3 45.1 26.3 14.5 8.1 6.7 5.7 18.2 19.9 113.9 9.1
204 Sharpe, Day'Ron BKN 48 20 28 48.5 39.0 87.9 44.4 12.1 35.3 34.3 19.6 25.0 78.2 10.7 29.3 39.9 24.0 12.9 7.7 6.0 5.3 19.8 20.9 109.7 -5.6
217 Beverley, Patrick PHI 47 27 20 48.3 39.7 88.0 45.1 11.9 34.8 34.2 20.2 25.7 78.5 11.8 33.6 45.4 25.4 14.4 6.2 5.6 5.9 21.0 22.0 111.4 0.8
217 Love, Kevin MIA 47 26 21 48.5 40.2 86.7 46.4 12.7 36.8 34.4 17.0 22.0 77.0 9.1 34.3 43.4 27.0 13.4 6.8 5.7 2.4 20.9 18.3 110.1 -4.9
217 Martin, Caleb MIA 47 26 21 49.5 40.9 88.1 46.4 14.2 38.9 36.4 16.2 20.2 80.2 9.7 33.2 42.9 27.4 13.9 6.4 5.6 3.2 20.2 18.3 112.2 -1.8
217 Mitchell, Donovan CLE 47 32 15 47.9 39.2 87.2 45.0 11.4 32.0 35.6 16.5 21.1 78.3 10.5 32.4 42.9 23.4 14.6 7.4 5.0 5.2 19.2 17.5 106.4 -10.4
217 Payne, Cameron MIL 47 30 17 46.9 42.0 88.5 47.5 10.8 32.8 33.0 20.9 25.4 82.4 12.0 31.4 43.3 24.8 12.4 6.6 4.0 4.5 18.7 23.1 115.8 0.9
217 Theis, Daniel LAC 47 33 14 48.0 41.4 88.2 46.9 12.1 35.6 34.0 18.9 24.8 76.1 12.0 33.0 44.9 25.1 13.7 5.3 5.2 5.9 17.5 22.0 113.7 -3.0
217 Watford, Trendon BKN 47 19 28 48.4 40.2 85.9 46.8 14.6 38.3 38.1 19.1 24.3 78.6 9.7 30.0 39.7 25.8 12.9 7.9 5.6 4.0 18.9 20.0 114.1 1.2
217 Williams, Grant DAL 47 24 23 47.6 44.1 88.9 49.6 12.3 33.8 36.5 17.3 23.0 75.5 10.7 35.1 45.8 28.0 13.5 6.9 3.6 4.7 20.6 19.2 117.9 4.4
225 McDermott, Doug SAS 46 10 36 46.3 44.3 90.0 49.3 15.1 35.5 42.5 15.4 21.0 73.5 11.6 33.7 45.3 27.4 11.6 8.1 3.7 5.8 19.7 17.6 119.2 10.3
225 Merrill, Sam CLE 46 31 15 48.5 39.4 86.2 45.8 12.7 33.9 37.3 18.0 22.9 78.6 9.4 34.0 43.3 23.4 12.3 6.6 5.0 4.3 19.0 19.3 109.6 -0.6
225 Nance Jr., Larry NOP 46 27 19 47.7 38.9 86.5 45.0 12.2 38.5 31.8 17.7 21.6 81.8 10.9 32.2 43.2 25.0 15.6 7.4 5.3 4.4 18.2 17.6 107.7 -4.6
225 Porzingis, Kristaps BOS 46 35 11 47.3 41.0 92.9 44.1 13.4 37.6 35.7 13.3 17.5 75.7 11.4 32.3 43.7 25.3 11.3 6.5 3.2 7.4 18.9 15.7 108.7 -12.7
225 Randle, Julius NYK 46 29 17 48.5 41.9 88.1 47.6 13.3 34.9 38.0 16.2 20.9 77.4 10.3 29.9 40.2 27.1 13.0 7.0 5.2 4.0 21.1 18.1 113.3 -6.5
225 Shamet, Landry WAS 46 6 40 46.2 44.2 86.2 51.3 11.6 32.0 36.3 18.8 24.5 76.9 10.0 35.5 45.4 27.4 12.5 7.3 5.9 3.7 18.0 20.2 118.8 9.5
231 Beauchamp, MarJon MIL 45 29 16 46.4 41.2 87.2 47.3 11.1 32.9 33.7 21.3 26.1 81.6 10.1 31.6 41.7 25.2 12.4 7.0 5.5 4.5 17.9 21.6 114.8 1.2
231 Butler, Jimmy MIA 45 23 22 49.2 41.3 87.9 47.0 13.5 36.8 36.6 16.4 21.2 77.6 9.7 33.6 43.3 27.0 14.1 6.9 5.2 3.7 20.3 18.2 112.6 -3.6
231 Gafford, Daniel WAS 45 9 36 46.2 45.1 92.0 49.0 12.6 32.6 38.7 17.7 23.1 76.8 13.3 35.4 48.7 29.8 13.7 6.7 5.0 6.8 15.9 18.8 120.5 7.3
231 Grimes, Quentin NYK 45 29 16 49.3 40.8 89.2 45.7 12.2 35.9 34.0 15.6 21.5 72.5 11.1 33.7 44.9 25.1 13.3 7.3 6.6 4.0 19.2 19.0 109.4 -0.3
231 Kornet, Luke BOS 45 34 11 49.3 41.8 91.6 45.6 13.8 37.6 36.6 14.3 18.6 76.8 12.0 31.6 43.6 25.8 11.9 6.5 4.5 6.0 16.4 16.7 111.6 -6.1
231 Lively II, Dereck DAL 45 26 19 47.4 44.0 91.1 48.4 14.4 37.0 39.0 13.8 18.5 74.8 11.1 31.7 42.8 29.2 13.2 6.7 4.1 5.5 19.2 16.8 116.3 -5.3
231 Martin, KJ PHI 45 23 22 47.0 41.0 84.6 48.5 11.4 34.0 33.4 21.3 27.2 78.3 12.9 31.8 44.7 26.9 16.7 6.6 6.3 5.1 19.5 23.1 114.7 2.9
231 Smith, Jalen IND 45 26 19 47.0 44.6 88.5 50.4 11.9 29.6 40.2 20.0 25.2 79.4 11.1 31.3 42.4 25.5 13.7 7.2 5.7 4.7 16.4 21.9 121.0 2.5
231 Thompson, Amen HOU 45 18 27 46.2 38.4 83.2 46.2 12.3 33.0 37.1 21.2 27.3 77.5 9.8 33.2 43.0 23.7 15.0 7.8 6.7 4.7 18.3 21.1 110.3 2.8
240 Henderson, Scoot POR 44 15 29 48.2 43.5 86.9 50.1 12.3 34.5 35.7 20.5 24.9 82.5 10.9 33.5 44.4 28.4 14.9 9.0 6.5 4.3 19.6 21.3 119.8 10.6
240 Isaac, Jonathan ORL 44 27 17 48.7 36.7 83.4 43.9 11.8 34.3 34.4 17.1 22.9 74.7 9.6 28.3 37.9 22.5 16.7 7.6 5.5 7.1 22.8 21.0 102.2 -9.4
240 Walker IV, Lonnie BKN 44 20 24 47.2 38.8 83.9 46.3 12.0 33.7 35.5 21.4 26.3 81.6 9.6 31.6 41.2 23.4 13.7 7.7 4.2 4.4 16.9 20.7 111.0 -4.4
240 Washington, P.J. CHA 44 9 35 48.0 43.9 87.0 50.5 14.0 35.2 39.7 18.9 24.3 77.9 10.1 35.4 45.5 28.0 13.6 6.5 4.9 4.8 18.5 19.8 120.7 10.8
240 Wiseman, James DET 44 5 39 46.0 43.4 85.7 50.7 11.8 29.7 39.7 22.5 27.7 81.3 10.1 32.9 43.0 27.0 13.1 9.0 5.3 5.0 19.9 20.5 121.2 13.8
245 Alvarado, Jose NOP 43 29 14 48.1 36.8 85.8 42.9 12.7 37.5 33.9 19.0 24.2 78.5 10.7 31.2 41.9 24.5 16.1 6.6 5.1 4.9 20.4 19.5 105.3 -13.0
245 Burks, Alec DET 43 7 36 46.5 43.3 87.2 49.7 11.5 30.2 38.1 20.8 25.9 80.3 10.2 32.7 42.8 25.8 11.3 8.1 5.7 5.2 19.8 20.0 118.9 9.6
245 Dick, Gradey TOR 43 16 27 47.0 43.6 88.5 49.3 12.3 35.4 34.7 17.7 22.1 80.3 11.6 34.2 45.8 26.7 14.1 8.4 5.2 3.5 18.9 18.8 117.2 10.8
245 Duarte, Chris SAC 43 25 18 48.5 42.3 87.7 48.2 13.2 35.2 37.5 18.4 22.9 80.3 10.0 33.0 43.0 26.3 13.6 7.0 5.0 3.8 18.4 20.1 116.2 3.5
245 Middleton, Khris MIL 43 27 16 46.6 41.9 91.0 46.1 11.2 32.6 34.4 17.8 22.0 80.9 11.1 31.8 42.8 23.7 10.6 6.5 4.1 5.4 19.3 19.1 112.9 -7.5
245 Murray, Kris POR 43 9 34 48.5 39.7 82.4 48.3 11.8 32.2 36.6 19.4 25.7 75.3 10.1 32.0 42.2 25.5 17.2 9.3 6.1 4.2 18.8 20.2 110.7 2.7
245 Richardson, Josh MIA 43 24 19 48.6 41.6 87.4 47.5 13.8 38.2 36.0 16.6 21.7 76.3 9.6 33.9 43.5 27.7 13.6 7.4 4.7 2.9 20.1 19.4 113.5 4.7
245 Smith, Ish CHA 43 6 37 47.8 44.1 85.7 51.4 13.6 34.7 39.3 17.9 22.7 79.2 8.3 37.3 45.6 29.4 13.5 6.8 5.4 4.8 16.7 18.1 119.8 18.1
245 Wesley, Blake SAS 43 11 32 45.9 41.9 84.9 49.4 11.9 32.0 37.3 17.9 23.5 76.5 10.5 34.5 45.0 24.5 13.9 7.2 5.4 4.9 16.7 18.5 113.7 8.5
245 Williams, Patrick CHI 43 19 24 49.1 42.2 87.4 48.3 14.2 38.6 36.7 16.3 21.5 75.7 9.6 33.2 42.7 29.3 13.5 6.9 5.7 4.6 17.8 19.3 114.9 0.6
255 Bamba, Mo PHI 42 22 20 48.9 38.0 85.6 44.4 11.9 35.7 33.3 22.2 28.1 79.2 12.6 36.2 48.8 25.2 14.5 6.8 5.9 6.6 18.9 22.5 110.1 2.6
255 Green, AJ MIL 42 29 13 47.9 39.3 85.7 45.8 13.8 38.4 36.0 20.8 24.8 83.7 10.6 31.4 42.0 24.3 13.0 7.8 3.5 3.7 15.3 22.0 113.1 -1.1
255 Hayes, Killian DET 42 7 35 46.9 43.8 88.3 49.6 11.5 30.7 37.4 18.8 23.0 81.6 9.4 33.4 42.9 26.5 11.9 8.1 5.7 4.9 17.3 20.3 117.9 11.4
255 Irving, Kyrie DAL 42 25 17 47.3 43.1 90.1 47.8 12.8 35.8 35.8 17.3 22.6 76.5 11.3 33.4 44.7 28.8 12.7 6.7 4.0 5.0 19.1 18.0 116.2 -3.8
259 Ayton, Deandre POR 41 11 30 48.9 43.8 88.7 49.4 11.5 32.7 35.0 16.5 20.9 78.8 10.8 33.5 44.3 28.5 14.3 8.9 6.4 4.2 17.5 18.6 115.5 7.5
259 Harris, Gary ORL 41 26 15 48.6 41.1 85.0 48.4 11.7 32.2 36.2 17.2 22.5 76.5 9.2 30.4 39.6 24.2 14.8 7.6 5.1 5.2 22.8 21.7 111.0 -2.3
259 Horton-Tucker, Talen UTA 41 11 30 47.8 43.1 90.1 47.8 15.1 38.9 38.9 16.1 21.7 74.2 11.5 30.8 42.3 28.0 12.9 8.0 5.7 6.5 19.2 20.4 117.4 4.2
259 Stewart, Isaiah DET 41 7 34 47.8 42.3 88.4 47.9 11.0 30.8 35.8 19.7 24.0 81.9 9.6 31.0 40.6 25.3 11.6 8.6 6.1 5.2 17.4 21.6 115.3 4.0
259 Terry, Dalen CHI 41 19 22 48.4 38.6 83.0 46.5 14.1 35.2 40.1 18.4 23.7 77.8 9.0 30.4 39.4 25.4 15.7 6.1 4.8 5.6 20.5 21.4 109.8 -2.9
264 Batum, Nicolas PHI 40 24 16 48.4 41.7 88.4 47.2 11.4 32.7 34.8 19.0 23.7 80.1 11.0 32.3 43.4 26.1 13.6 5.5 5.8 6.6 19.0 20.3 113.8 -6.9
264 Brissett, Oshae BOS 40 33 7 47.6 40.6 88.5 45.8 10.8 35.9 30.1 16.9 22.1 76.8 10.1 31.3 41.5 26.0 11.3 6.8 3.9 4.9 18.7 19.5 108.9 -7.0
264 Garland, Darius CLE 40 24 16 48.4 40.1 87.8 45.7 12.3 33.3 37.0 16.8 21.6 78.0 11.3 31.7 43.0 24.8 13.7 8.1 5.7 4.9 19.4 18.5 109.4 -4.2
264 Goodwin, Jordan PHX 40 23 17 48.4 39.5 87.9 45.0 12.4 35.3 35.1 17.2 22.7 75.6 11.1 29.8 40.9 24.1 12.7 8.8 5.0 7.4 21.5 18.7 108.6 1.9
264 Holiday, Justin DEN 40 25 15 48.0 41.6 86.0 48.4 12.1 31.5 38.4 17.0 22.7 74.7 9.6 32.1 41.7 26.2 13.6 7.3 4.3 5.7 18.2 19.4 112.3 -2.0
264 Hunter, De'Andre ATL 40 19 21 47.0 44.3 88.8 49.8 13.7 36.3 37.8 17.0 21.2 79.9 11.7 32.1 43.8 27.6 14.4 7.4 4.9 4.7 19.2 18.1 119.2 1.7
264 Porter Jr., Craig CLE 40 26 14 49.2 40.6 86.8 46.8 13.8 36.8 37.4 18.2 22.0 82.8 8.4 30.5 38.9 24.8 11.4 7.2 4.2 4.5 17.4 17.8 113.2 0.5
264 Reddish, Cam LAL 40 22 18 46.6 42.7 88.2 48.4 13.5 34.9 38.6 12.8 16.6 76.9 10.0 32.4 42.5 26.5 14.8 8.9 4.4 5.2 18.7 15.9 111.6 0.4
264 Sheppard, Ben IND 40 21 19 45.5 42.5 83.0 51.1 10.4 27.9 37.4 21.3 28.1 75.7 9.5 31.2 40.7 23.7 13.7 6.6 5.6 5.4 17.7 22.0 116.6 -0.8
264 Simons, Anfernee POR 40 10 30 48.9 44.8 88.1 50.9 12.6 34.2 36.7 18.2 23.0 78.9 10.3 33.9 44.2 29.1 13.6 8.3 6.1 3.5 16.8 20.4 120.4 10.8
264 Strawther, Julian DEN 40 27 13 47.1 41.7 88.0 47.3 13.3 32.9 40.3 19.5 24.8 78.9 11.5 34.3 45.8 26.0 11.4 6.6 6.3 5.5 17.6 21.5 116.1 10.8
275 Bates-Diop, Keita PHX 39 23 16 48.4 41.0 88.6 46.2 13.6 35.0 38.9 18.4 23.3 79.1 11.3 29.9 41.2 24.6 11.9 8.5 5.4 7.5 21.1 18.2 113.9 3.4
275 Brogdon, Malcolm POR 39 15 24 48.2 43.0 88.5 48.6 10.5 33.1 31.7 17.7 22.4 78.9 11.0 32.8 43.8 27.2 13.7 8.0 6.0 4.9 18.5 19.8 114.2 3.5
275 Edwards, Kessler SAC 39 24 15 46.8 39.8 84.2 47.2 10.6 34.8 30.5 17.0 21.7 78.4 8.4 34.3 42.7 22.7 14.8 7.7 4.7 4.9 18.0 15.8 107.2 8.4
275 Green, Draymond GSW 39 22 17 46.2 40.0 87.3 45.9 13.6 37.4 36.3 18.5 23.2 79.6 10.3 31.9 42.2 25.6 13.0 7.5 4.6 4.4 18.6 18.5 112.1 -3.8
275 McGee, JaVale SAC 39 23 16 45.1 39.0 83.0 46.9 12.6 31.1 40.7 18.5 24.7 74.7 9.6 30.1 39.7 22.8 12.1 8.4 3.3 6.0 18.0 21.1 109.0 0.4
275 McLaughlin, Jordan MIN 39 23 16 45.9 35.1 78.1 45.0 10.6 30.4 34.7 17.4 23.4 74.5 9.2 35.1 44.3 21.1 18.3 7.4 4.5 5.0 18.7 18.6 98.2 -3.7
275 Murphy III, Trey NOP 39 25 14 47.9 38.4 87.2 44.0 12.8 38.5 33.2 15.6 19.9 78.4 10.3 32.1 42.4 25.5 14.3 6.8 5.5 5.5 18.6 17.7 105.2 -11.4
275 Paul, Chris GSW 39 20 19 47.7 39.8 88.3 45.1 12.1 35.8 33.9 19.1 23.6 80.9 11.4 32.5 43.9 24.6 13.5 7.0 4.3 3.5 18.5 20.6 110.9 -3.0
275 Siakam, Pascal TOR 39 15 24 47.8 43.3 89.1 48.6 13.1 33.5 39.2 15.7 19.3 81.7 9.4 33.3 42.7 27.2 13.0 6.7 5.1 4.7 19.1 18.4 115.5 -0.3
275 Smith Jr., Nick CHA 39 8 31 49.5 42.1 86.4 48.7 13.6 35.2 38.5 18.9 24.1 78.3 11.5 38.6 50.2 27.7 14.4 6.4 5.9 4.6 16.7 19.9 116.6 14.4
275 Zeller, Cody NOP 39 23 16 45.9 38.1 84.0 45.3 12.6 37.6 33.6 17.4 23.7 73.1 11.6 33.0 44.6 25.3 16.3 5.0 5.9 2.4 19.5 19.9 106.1 -8.8
286 Carter Jr., Wendell ORL 38 20 18 49.1 40.4 84.8 47.6 12.2 32.6 37.5 17.2 21.1 81.5 8.6 31.6 40.2 24.4 15.6 8.9 4.3 3.8 20.0 19.4 110.3 0.1
286 Ellis, Keon SAC 38 23 15 47.5 40.8 84.1 48.5 12.7 31.8 39.8 20.4 24.2 84.4 9.0 30.3 39.3 26.0 13.6 7.4 5.2 4.8 17.5 19.1 114.6 -2.0
286 Exum, Dante DAL 38 22 16 46.8 41.2 87.8 46.9 13.7 36.3 37.9 17.2 22.0 77.9 11.2 32.2 43.5 26.2 13.9 5.4 3.7 4.2 20.5 18.7 113.3 -9.3
286 Landale, Jock HOU 38 16 22 46.5 34.6 83.2 41.5 9.9 32.7 30.2 23.0 29.2 78.7 10.2 32.3 42.5 21.0 13.2 8.2 6.2 5.4 19.5 21.9 102.0 -6.7
286 Milton, Shake MIN 38 27 11 46.2 39.9 86.0 46.4 11.8 33.1 35.5 16.6 21.0 78.9 10.4 32.4 42.8 25.9 13.5 7.2 6.2 6.0 20.7 18.5 108.1 2.6
286 Mobley, Evan CLE 38 24 14 47.6 39.3 89.0 44.1 12.1 32.8 37.0 16.7 21.6 77.3 11.5 33.0 44.4 24.3 13.4 8.0 5.1 5.3 18.1 17.9 107.5 -1.6
286 Okeke, Chuma ORL 38 17 21 49.5 39.7 85.5 46.4 10.0 33.9 29.5 17.9 24.0 74.5 8.6 35.4 44.1 22.3 12.8 7.1 3.8 4.9 18.8 21.5 107.3 5.8
286 Phillips, Julian CHI 38 19 19 47.6 37.3 80.5 46.3 11.6 36.3 31.9 25.5 31.6 80.9 9.2 33.4 42.7 26.9 13.8 6.4 6.4 6.6 19.5 22.7 111.8 -2.2
286 Whitmore, Cam HOU 38 16 22 46.1 39.1 84.1 46.5 12.6 34.4 36.6 19.9 26.8 74.4 10.1 33.0 43.1 24.1 13.9 8.0 6.3 5.2 18.6 21.6 110.7 2.4
295 Bane, Desmond MEM 37 14 23 47.7 40.4 86.4 46.8 14.3 35.8 39.9 18.8 23.6 79.5 9.7 33.7 43.4 25.6 14.0 7.9 7.0 6.0 18.7 20.3 113.9 5.5
295 Brown Jr., Troy MIN 37 28 9 47.4 40.5 89.9 45.0 10.9 30.2 36.0 19.4 24.3 80.0 10.8 30.4 41.2 24.1 11.2 7.2 5.3 5.8 20.1 21.1 111.3 -0.1
295 Gilyard, Jacob MEM 37 10 27 49.2 42.7 86.6 49.3 13.9 34.8 40.0 18.7 23.5 79.5 11.7 37.3 49.0 28.3 15.0 8.0 7.4 5.0 16.6 19.5 118.1 11.7
295 Lowry, Kyle MIA 37 21 16 49.0 41.2 85.6 48.1 13.5 36.6 36.9 16.0 20.9 76.7 8.7 33.6 42.4 26.3 15.3 7.6 5.4 3.5 20.5 18.8 111.9 -0.6
295 Metu, Chimezie PHX 37 22 15 47.4 40.7 86.0 47.3 14.8 39.4 37.6 16.9 22.1 76.6 10.2 28.4 38.6 24.2 14.2 7.2 4.2 5.1 19.8 18.6 113.1 3.9
295 Morris Sr., Marcus PHI 37 22 15 48.6 40.4 85.4 47.3 11.7 33.2 35.2 21.5 27.4 78.6 10.6 33.6 44.2 25.0 13.8 5.4 5.7 4.9 20.9 23.2 114.1 0.7
295 Sims, Jericho NYK 37 23 14 51.5 43.1 93.2 46.3 13.3 38.0 35.0 12.0 16.6 72.1 13.3 32.2 45.5 27.1 13.3 8.1 6.4 4.1 17.5 16.4 111.6 3.1
302 Curry, Seth DAL 36 21 15 46.7 38.7 85.4 45.3 12.4 35.9 34.5 14.5 19.7 73.6 11.0 33.4 44.5 23.7 15.3 7.1 4.3 5.0 22.6 18.7 104.2 -8.7
302 Herro, Tyler MIA 36 19 17 48.5 42.8 89.9 47.6 13.4 37.4 35.7 14.0 18.3 76.4 10.5 35.3 45.8 27.6 13.9 7.1 5.0 3.5 18.1 16.7 112.9 0.9
302 McDaniels, Jalen TOR 36 10 26 47.3 41.9 88.1 47.6 11.6 33.6 34.6 16.9 21.5 78.4 12.2 33.0 45.3 25.6 13.8 8.6 5.2 5.4 18.8 19.7 112.4 9.0
302 Melton, De'Anthony PHI 36 23 13 47.4 41.5 87.0 47.7 11.5 31.4 36.7 17.3 21.7 79.7 10.4 32.2 42.6 26.3 14.3 6.1 5.9 6.2 19.5 18.3 111.8 -10.1
302 Thompson, Tristan CLE 36 24 12 49.0 39.7 87.9 45.1 14.1 38.1 36.9 20.3 26.3 77.4 9.9 28.6 38.5 23.0 11.8 7.7 4.0 3.5 22.3 21.6 113.7 -4.7
307 Beal, Bradley PHX 35 21 14 47.7 43.1 89.8 48.0 13.9 36.2 38.3 14.0 18.7 74.7 10.6 30.3 40.9 27.7 13.4 7.9 4.6 4.8 17.9 17.3 114.1 -2.3
307 Craig, Torrey CHI 35 14 21 49.2 42.2 87.3 48.4 15.7 40.1 39.3 18.2 22.3 81.7 10.4 34.8 45.2 29.7 14.4 5.5 4.4 4.3 19.5 19.4 118.3 8.5
307 Korkmaz, Furkan PHI 35 22 13 45.9 38.9 81.3 47.8 10.6 33.2 31.8 21.3 28.0 76.0 12.4 31.5 44.0 26.3 17.2 6.7 4.4 4.3 23.4 20.8 109.6 -6.9
307 Mamukelashvili, Sandro SAS 35 8 27 45.0 36.4 79.7 45.7 12.9 33.4 38.6 17.3 21.3 81.1 9.3 34.8 44.1 22.9 17.1 6.6 6.0 4.2 19.7 15.9 103.0 -5.2
307 Vezenkov, Sasha SAC 35 18 17 46.8 40.1 84.5 47.5 12.2 31.3 39.1 20.8 26.6 78.0 9.7 32.6 42.3 25.3 13.8 7.5 3.9 4.9 17.7 22.0 113.3 -0.2
307 Yurtseven, Omer UTA 35 15 20 47.1 43.4 87.7 49.5 11.6 32.8 35.3 16.9 21.5 78.6 8.8 32.8 41.6 29.4 10.5 8.6 5.2 5.1 17.2 19.2 115.3 11.4
313 Brown, Kobe LAC 34 25 9 48.2 43.7 89.0 49.0 13.9 38.1 36.4 20.5 27.6 74.2 12.2 30.8 43.0 29.3 12.5 6.6 6.1 4.7 17.8 22.7 121.7 11.3
313 Crowder, Jae MIL 34 19 15 47.1 43.3 89.1 48.7 12.8 33.8 37.8 15.9 19.6 81.3 9.5 35.7 45.2 27.4 12.8 5.8 3.6 4.3 20.0 17.8 115.4 2.6
313 Embiid, Joel PHI 34 26 8 47.6 41.2 89.6 45.9 11.4 32.9 34.5 17.2 21.6 79.8 10.8 32.3 43.1 25.9 13.3 5.7 5.4 5.6 20.7 18.4 111.0 -9.6
313 Gill, Anthony WAS 34 6 28 44.5 36.0 80.7 44.7 11.4 35.0 32.6 17.0 22.3 76.1 12.2 28.9 41.1 22.6 20.1 9.1 4.8 6.3 20.8 16.2 100.5 -19.0
313 House Jr., Danuel PHI 34 21 13 47.3 38.6 84.3 45.8 11.1 33.6 33.1 19.7 25.3 77.7 11.6 33.6 45.2 24.1 15.8 6.2 5.8 4.4 21.7 22.7 108.1 -1.9
313 Little, Nassir PHX 34 21 13 47.4 40.1 88.4 45.3 11.2 33.4 33.7 21.4 28.4 75.3 11.8 31.6 43.4 22.9 12.5 9.5 4.9 7.3 18.2 20.2 112.8 8.7
313 Tillman, Xavier MEM 34 14 20 47.7 39.8 84.4 47.1 12.7 34.2 37.3 17.0 21.7 78.4 10.1 36.0 46.1 25.4 16.9 8.4 5.8 6.3 17.6 19.8 109.3 6.9
320 Brown, Bruce IND 33 19 14 46.0 44.6 86.8 51.5 10.2 26.1 39.0 20.9 25.9 80.9 9.3 29.4 38.7 25.3 12.2 6.4 5.5 5.8 17.7 20.6 120.4 -3.8
320 Davis, Johnny WAS 33 4 29 45.1 40.6 82.5 49.2 11.5 32.2 35.8 16.8 21.9 76.6 9.3 36.4 45.7 25.1 16.8 7.5 8.2 4.4 18.2 18.2 109.4 6.1
320 Kennard, Luke MEM 33 12 21 48.3 42.6 87.8 48.5 12.9 33.2 38.7 17.3 22.2 77.8 12.2 34.9 47.1 26.8 14.5 8.8 5.3 6.3 19.3 19.1 115.4 8.9
320 Prosper, Olivier-Maxence DAL 33 19 14 45.4 41.5 85.5 48.6 13.6 34.7 39.2 15.5 20.4 76.1 9.9 36.0 45.9 23.4 12.6 6.1 4.9 3.3 19.9 16.4 112.2 9.1
320 Wright, Delon WAS 33 6 27 46.4 42.3 87.6 48.3 11.1 32.3 34.4 16.3 21.4 76.2 10.9 36.0 46.9 26.6 13.8 7.5 7.6 4.4 18.3 19.8 111.9 5.0
325 Achiuwa, Precious NYK 32 20 12 51.4 42.0 89.0 47.1 13.8 35.7 38.8 13.6 19.1 71.2 10.5 32.6 43.1 25.6 14.4 7.0 6.1 5.8 19.5 17.2 111.4 -4.3
325 Omoruyi, Eugene WAS 32 4 28 44.7 42.0 82.8 50.8 12.7 35.6 35.6 18.2 23.9 76.2 11.7 33.9 45.6 26.5 19.3 10.0 7.0 4.0 18.2 21.4 115.0 15.7
325 Samanic, Luka UTA 32 13 19 45.1 38.5 88.5 43.5 13.2 39.5 33.3 17.8 21.5 83.0 9.7 32.2 41.9 25.5 11.7 6.7 4.9 6.3 18.0 18.4 107.9 2.4
325 Sharpe, Shaedon POR 32 8 24 48.4 43.3 87.7 49.4 11.0 32.1 34.1 19.4 23.8 81.4 10.9 34.3 45.2 26.3 15.4 8.6 6.5 4.4 19.1 21.0 117.0 11.2
325 Springer, Jaden PHI 32 17 15 48.3 42.6 85.1 50.1 12.5 35.6 35.3 20.2 26.8 75.6 11.7 33.2 44.8 27.1 16.5 6.1 7.2 5.0 21.1 21.5 118.1 8.5
330 Flynn, Malachi TOR 31 12 19 48.0 43.6 89.7 48.6 12.3 33.8 36.5 15.8 20.7 76.1 11.4 34.0 45.4 27.1 14.5 6.5 4.8 5.1 18.0 18.6 115.3 6.8
330 Jackson, GG MEM 31 9 22 48.1 40.6 89.1 45.5 12.1 36.1 33.6 15.3 19.6 78.0 12.9 34.4 47.2 25.4 14.6 8.6 6.1 6.1 19.2 17.2 108.6 5.0
330 Knox II, Kevin DET 31 4 27 46.4 43.1 84.1 51.3 11.3 29.2 38.5 18.9 24.6 76.8 6.5 32.9 39.4 27.2 12.2 7.9 5.9 3.4 18.8 19.6 116.4 7.0
333 Biyombo, Bismack MEM 30 14 16 48.6 41.5 89.0 46.6 14.3 35.7 40.2 18.2 23.3 78.2 10.0 32.4 42.4 27.1 12.6 8.2 6.4 6.2 17.7 20.5 115.5 4.2
333 Dieng, Ousmane OKC 30 18 12 48.4 40.5 89.7 45.2 13.8 38.8 35.4 15.0 19.5 77.2 11.2 34.2 45.4 27.5 14.8 8.2 5.0 5.4 18.5 15.6 109.9 -0.9
333 Jovic, Nikola MIA 30 14 16 48.8 41.6 90.0 46.2 12.2 37.8 32.2 13.0 17.0 76.3 10.0 34.7 44.7 27.7 13.6 6.1 5.3 4.1 17.4 16.9 108.3 -8.6
333 Lawson, A.J. DAL 30 17 13 44.6 39.6 85.1 46.6 12.1 34.3 35.2 15.8 22.3 71.2 10.6 33.4 44.0 22.6 14.2 7.7 4.2 5.1 18.7 17.5 107.2 -5.1
333 Micic, Vasilije OKC 30 23 7 49.5 38.6 88.4 43.7 10.8 32.1 33.8 15.1 20.1 74.8 13.2 30.4 43.6 24.4 18.5 7.5 6.6 5.9 18.8 18.4 103.2 -15.1
333 Quickley, Immanuel NYK 30 16 14 48.5 39.4 86.3 45.7 12.7 36.1 35.3 17.7 22.2 79.4 9.0 30.3 39.3 23.8 13.5 6.1 5.5 3.3 21.8 20.1 109.2 -8.2
333 Rozier, Terry CHA 30 7 23 48.3 45.0 88.6 50.8 13.7 33.3 41.3 18.8 23.3 80.5 11.4 34.9 46.4 29.3 13.6 6.8 4.7 4.9 17.4 18.9 122.6 13.2
340 Jordan, DeAndre DEN 29 19 10 49.4 41.5 92.6 44.9 13.0 34.0 38.2 20.4 27.2 75.0 12.8 32.6 45.5 27.2 9.4 6.9 6.3 5.7 17.4 23.6 116.5 10.3
340 Len, Alex SAC 29 14 15 46.9 35.6 80.4 44.2 10.6 32.6 32.6 19.7 25.1 78.5 8.0 32.2 40.2 21.4 14.3 5.6 5.8 5.6 16.2 20.5 101.5 -15.8
340 Plumlee, Mason LAC 29 19 10 47.7 44.0 91.5 48.1 12.8 33.4 38.3 14.6 18.7 77.9 12.6 31.0 43.6 27.7 12.9 7.2 4.7 4.7 21.2 18.2 115.5 -4.1
340 Quickley, Immanuel TOR 29 10 19 47.6 45.2 92.3 48.9 14.6 37.8 38.7 12.8 16.6 77.2 11.6 34.4 46.0 29.9 13.4 6.6 5.1 5.5 17.5 17.1 117.7 5.0
340 Quinones, Lester GSW 29 17 12 47.0 40.5 86.1 47.1 11.7 34.5 33.8 15.3 19.8 77.2 8.1 29.6 37.7 25.6 11.7 7.8 5.2 6.0 17.8 18.6 108.0 -1.2
340 Vanderbilt, Jarred LAL 29 14 15 46.4 40.2 85.6 47.0 13.2 36.6 36.2 16.5 20.0 82.5 9.0 30.2 39.2 25.7 15.8 9.0 5.5 4.9 18.8 15.5 110.2 -3.4
340 Watanabe, Yuta PHX 29 17 12 47.6 40.3 88.0 45.8 13.3 33.5 39.8 20.2 26.7 75.7 13.9 31.5 45.5 25.2 14.1 8.6 5.6 6.8 19.2 18.8 114.2 4.5
347 Bogdanovic, Bojan DET 28 3 25 47.0 45.9 88.8 51.7 12.0 30.9 39.0 20.8 25.1 83.1 9.1 32.3 41.3 26.9 10.3 8.4 5.5 3.8 18.0 21.0 124.8 12.8
347 Jones, Damian CLE 28 20 8 49.6 39.4 84.0 46.8 16.2 38.6 42.1 16.0 19.9 80.0 9.3 34.0 43.4 26.3 13.0 6.4 4.0 4.5 17.8 18.6 110.9 18.9
347 Martin, Cody CHA 28 7 21 48.9 43.6 89.1 48.9 14.1 37.2 38.0 15.2 18.8 81.3 9.9 35.9 45.7 29.3 13.5 7.3 6.1 4.6 16.4 17.8 116.6 10.2
347 Payton II, Gary GSW 28 16 12 45.3 38.4 82.7 46.4 12.2 34.8 35.0 18.6 22.9 80.9 8.1 31.6 39.7 24.3 15.5 7.5 4.3 4.3 19.0 19.0 107.5 -5.4
347 Robinson, Orlando MIA 28 15 13 48.9 40.1 85.5 46.9 14.5 35.1 41.4 15.8 20.7 76.1 8.5 29.3 37.8 27.3 14.0 9.9 5.7 2.8 21.6 20.7 110.5 -3.9
352 Antetokounmpo, Thanasis MIL 27 18 9 47.0 34.6 81.4 42.5 12.3 35.7 34.4 28.6 34.2 83.7 11.5 27.1 38.7 23.8 14.1 11.5 4.8 4.8 10.8 21.2 110.0 8.9
352 Anunoby, OG TOR 27 11 16 47.7 42.7 89.0 48.0 12.8 33.5 38.3 14.1 17.9 79.0 10.0 32.3 42.3 27.0 13.7 6.5 5.7 4.7 17.8 18.2 112.4 -2.0
352 Bryant, Thomas MIA 27 15 12 48.5 45.3 89.4 50.7 13.4 35.1 38.2 13.1 17.6 74.0 9.7 33.3 43.0 30.7 14.1 7.6 5.1 4.4 15.9 17.6 117.1 7.4
352 Fernando, Bruno ATL 27 13 14 48.1 40.2 87.4 46.0 14.3 39.4 36.2 16.1 21.4 75.3 12.6 32.7 45.2 26.7 15.7 6.6 4.4 4.6 19.3 17.4 110.8 3.7
352 Fultz, Markelle ORL 27 15 12 48.2 40.4 84.4 47.9 11.4 32.4 35.2 15.8 19.3 81.8 8.9 31.4 40.2 25.7 16.7 8.7 4.5 3.4 20.4 18.3 108.0 0.2
352 Kleber, Maxi DAL 27 14 13 47.0 43.1 88.4 48.8 13.0 35.0 37.2 15.6 20.1 77.4 9.7 33.5 43.2 26.7 12.7 7.4 4.2 4.0 22.2 17.3 114.9 -1.4
352 Robinson-Earl, Jeremiah NOP 27 15 12 47.2 41.0 89.4 45.9 12.5 38.6 32.2 17.5 24.2 72.4 12.3 31.6 43.9 25.3 11.9 8.3 3.8 4.0 19.0 20.0 111.9 6.9
352 Waters III, Lindy OKC 27 18 9 48.2 36.4 84.4 43.1 13.2 39.0 34.0 21.8 27.5 79.2 10.6 36.6 47.3 24.2 12.2 8.3 2.6 4.7 13.8 20.3 107.8 3.1
352 Wilson, Jalen BKN 27 8 19 49.0 42.8 86.2 49.7 14.7 37.7 38.9 17.6 22.2 79.2 9.7 31.1 40.8 26.3 13.7 7.6 5.1 4.1 18.9 18.9 117.9 5.5
361 Bagley III, Marvin DET 26 2 24 47.3 43.2 85.5 50.6 13.0 31.4 41.3 19.7 24.2 81.2 8.7 30.4 39.1 26.3 12.2 8.3 5.3 4.1 17.2 20.6 119.1 7.3
361 Barlow, Dominick SAS 26 5 21 47.0 44.2 86.3 51.2 13.3 32.5 40.9 16.0 21.2 75.3 10.3 33.4 43.8 28.7 14.0 5.6 5.5 4.6 17.4 18.0 117.6 3.1
361 Barrett, RJ TOR 26 9 17 47.3 44.9 91.4 49.1 14.8 37.4 39.5 13.9 17.8 78.0 11.0 34.4 45.4 30.1 13.9 6.6 5.7 5.0 17.6 17.2 118.5 5.4
361 Barrett, RJ NYK 26 15 11 47.8 43.4 89.8 48.3 12.5 35.6 35.2 16.4 21.3 76.9 11.2 31.5 42.7 26.6 12.8 6.9 5.4 3.6 19.7 19.9 115.8 1.1
361 Bol, Bol PHX 26 17 9 46.7 37.5 89.9 41.7 13.0 39.6 32.8 17.3 23.6 73.5 13.1 29.3 42.5 24.5 12.3 7.9 4.5 7.4 18.9 18.1 105.3 -3.4
361 Bullock Jr., Reggie HOU 26 12 14 47.6 42.2 89.9 46.9 13.7 38.0 36.1 15.2 20.5 74.2 10.1 31.2 41.4 24.3 10.8 8.4 6.3 4.6 16.9 18.6 113.3 3.8
361 Covington, Robert PHI 26 18 8 49.2 38.4 87.3 44.0 12.0 36.7 32.6 18.7 24.5 76.1 12.9 31.2 44.1 25.5 15.8 8.0 6.6 5.3 18.4 21.6 107.4 -6.9
361 Forrest, Trent ATL 26 13 13 48.4 43.9 85.5 51.3 11.1 31.6 35.1 15.6 21.7 72.2 11.9 35.2 47.1 28.4 15.3 8.1 5.3 4.5 15.1 16.8 114.5 12.1
361 Gallinari, Danilo WAS 26 5 21 46.1 44.9 88.9 50.5 11.4 32.5 35.1 16.4 20.7 79.2 11.0 36.0 47.1 28.4 11.7 7.9 4.8 2.8 20.5 17.6 117.6 9.2
361 Joseph, Cory GSW 26 10 16 46.7 40.9 81.8 50.0 13.3 33.2 40.0 21.0 28.8 73.1 7.7 31.8 39.5 27.2 12.3 7.0 6.2 4.7 17.1 21.2 116.1 1.9
361 Mykhailiuk, Svi BOS 26 20 6 47.8 36.9 85.6 43.1 9.7 36.0 27.1 20.4 27.6 73.9 13.5 30.2 43.6 24.1 13.2 7.0 4.4 5.1 15.3 20.6 103.9 -7.7
372 Achiuwa, Precious TOR 25 8 17 47.3 43.7 89.9 48.6 12.0 33.3 36.0 14.9 19.3 77.5 10.9 33.9 44.8 27.9 12.4 6.7 4.4 4.5 17.6 17.1 114.4 5.7
372 Hayward, Gordon CHA 25 7 18 47.9 44.2 89.0 49.7 13.6 34.8 39.2 18.1 23.2 78.2 11.4 33.0 44.4 27.6 13.8 7.3 5.3 5.4 18.0 19.1 120.2 8.0
372 Hyland, Bones LAC 25 15 10 47.5 40.5 87.9 46.1 11.7 33.1 35.3 16.8 22.7 73.9 12.4 32.9 45.3 24.3 13.4 7.6 5.9 5.1 18.5 21.3 109.4 2.5
372 LaVine, Zach CHI 25 10 15 49.0 41.1 88.9 46.2 15.3 42.0 36.5 17.6 22.7 77.5 11.9 36.2 48.1 28.3 14.1 6.2 4.2 4.4 17.8 19.4 115.1 5.2
372 Mensah, Nathan CHA 25 3 22 48.4 40.8 83.4 48.9 13.9 35.5 39.1 20.5 25.6 80.2 9.8 37.6 47.4 27.2 15.2 7.9 6.0 4.4 18.0 21.3 116.0 21.0
377 Banton, Dalano BOS 24 18 6 47.8 38.0 88.5 42.9 11.2 36.0 31.0 17.9 24.0 74.4 12.3 30.7 43.0 24.9 10.9 7.3 5.6 5.9 18.4 19.8 105.0 -5.6
377 Matthews, Wesley ATL 24 6 18 47.4 42.7 91.2 46.8 14.2 34.9 40.6 20.0 24.4 81.7 12.3 37.3 49.6 26.7 13.8 5.0 6.0 4.9 20.5 22.0 119.6 9.3
377 Muscala, Mike WAS 24 4 20 46.8 45.3 90.9 49.8 13.4 35.9 37.5 16.2 20.6 78.5 12.2 37.1 49.3 30.3 12.5 8.4 4.8 3.7 19.4 17.9 120.2 18.6
377 Rose, Derrick MEM 24 6 18 47.3 39.8 87.3 45.6 12.9 36.0 35.9 15.3 20.1 75.9 10.1 36.1 46.2 26.5 15.3 7.2 6.5 5.6 19.0 18.6 107.8 3.9
377 Siakam, Pascal IND 24 12 12 47.6 45.1 88.9 50.7 11.0 29.7 36.9 16.7 21.6 77.5 10.5 33.4 43.9 24.2 12.8 5.7 5.6 4.7 18.7 18.8 117.8 -0.7
377 Taylor, Terry CHI 24 10 14 47.8 37.6 85.5 43.9 15.1 40.8 37.0 15.1 22.5 67.1 12.7 34.6 47.3 26.6 14.8 5.0 5.9 5.0 17.5 17.2 105.3 -1.5
383 Hendricks, Taylor UTA 23 10 13 46.6 41.7 88.5 47.2 14.1 35.3 39.8 17.0 22.2 76.4 10.3 30.5 40.8 28.1 12.9 7.7 5.5 5.1 14.8 19.1 114.5 3.3
383 Holmes, Richaun DAL 23 9 14 46.7 41.2 83.0 49.6 11.4 31.6 36.3 17.4 25.6 67.7 10.1 36.3 46.4 23.1 13.6 6.3 4.9 2.4 21.1 20.3 111.2 6.7
383 Lewis, Maxwell LAL 23 11 12 44.6 38.2 84.7 45.1 8.8 32.9 26.8 18.2 24.1 75.6 12.9 35.3 48.2 20.6 10.6 8.2 4.1 4.7 14.7 18.8 103.5 29.4
383 Livers, Isaiah DET 23 1 22 46.4 45.5 87.3 52.1 12.6 30.6 41.1 22.3 27.2 81.8 10.4 33.4 43.8 26.1 12.5 7.7 5.3 3.7 18.9 21.1 125.8 19.7
383 Queta, Neemias BOS 23 19 4 49.3 39.6 89.2 44.4 14.7 41.0 35.7 17.1 22.2 77.2 12.6 29.0 41.5 23.9 12.0 5.9 4.4 5.1 17.6 20.1 111.0 -18.2
383 Walker, Jarace IND 23 10 13 45.1 40.4 78.5 51.5 11.2 26.3 42.4 22.3 28.7 77.8 8.8 28.5 37.3 24.7 16.7 7.4 3.2 5.8 17.7 21.3 114.3 0.4
383 Young, Thaddeus TOR 23 6 17 49.3 46.1 91.4 50.4 13.5 37.6 36.0 16.9 20.4 82.8 12.7 31.8 44.5 29.9 13.7 6.1 5.9 3.9 18.5 17.6 122.5 4.1
390 Ball, LaMelo CHA 22 7 15 46.7 43.6 85.8 50.8 14.8 35.8 41.3 19.1 24.2 78.8 8.7 33.4 42.1 28.2 13.5 6.4 4.5 3.9 19.7 21.2 121.0 9.1
390 Black, Leaky CHA 22 1 21 48.4 41.6 87.8 47.3 11.8 36.4 32.3 18.7 23.6 79.2 10.4 36.0 46.4 27.6 10.4 7.8 4.9 5.8 16.7 16.7 113.6 8.7
390 Butler, Jared WAS 22 2 20 46.6 42.7 85.1 50.2 16.5 37.7 43.8 16.5 23.0 71.6 11.0 35.6 46.6 28.3 15.7 6.5 5.5 3.4 19.4 17.8 118.3 7.1
390 Eason, Tari HOU 22 12 10 47.5 35.3 83.9 42.1 8.6 32.8 26.2 24.6 32.0 76.9 10.1 30.7 40.8 19.5 14.3 6.6 5.8 5.6 22.0 23.9 103.9 -8.7
390 Minott, Josh MIN 22 16 6 42.2 33.3 70.0 47.6 6.7 23.3 28.6 23.3 33.3 70.0 7.3 34.7 42.0 20.7 16.0 6.7 5.3 4.7 19.3 19.3 96.7 -4.0
390 Rupert, Rayan POR 22 5 17 47.3 37.2 76.7 48.5 11.5 31.8 36.2 23.0 28.0 82.3 9.9 33.6 43.6 23.9 19.0 9.7 7.7 3.8 16.9 20.1 109.0 6.3
396 Baldwin Jr., Patrick WAS 21 3 18 44.8 35.1 81.6 43.0 9.6 32.9 29.2 14.8 22.7 65.1 11.2 35.3 46.6 22.5 18.6 8.8 7.4 4.9 19.2 19.2 94.5 -12.9
396 Council IV, Ricky PHI 21 8 13 45.9 41.1 84.7 48.5 11.7 34.3 34.2 20.0 23.7 84.2 10.1 33.3 43.4 26.8 14.6 6.8 6.8 5.6 22.8 17.1 113.8 6.8
396 Hood-Schifino, Jalen LAL 21 10 11 46.4 39.1 85.5 45.8 14.0 38.3 36.7 19.6 26.0 75.4 9.4 34.5 43.8 25.1 9.8 7.2 5.1 4.7 18.7 18.7 111.9 23.0
396 Lee, Saben PHX 21 12 9 47.1 38.5 89.4 43.0 13.0 36.9 35.3 11.7 16.4 71.0 10.9 30.0 40.8 22.5 13.0 7.2 5.3 8.5 22.5 15.9 101.6 -4.2
396 Mays, Skylar POR 21 6 15 48.5 43.2 83.7 51.6 11.0 31.1 35.5 18.8 24.7 76.2 9.7 35.3 45.0 27.7 13.9 7.8 5.6 5.0 15.1 19.6 116.2 12.8
396 Minaya, Justin POR 21 1 20 49.4 38.1 82.3 46.3 12.8 35.7 35.9 18.3 23.8 76.9 11.9 33.2 45.1 25.0 18.6 8.5 6.7 3.7 19.5 18.0 107.3 6.7
396 Pickett, Jalen DEN 21 15 6 48.8 36.5 82.9 44.0 11.3 32.4 34.7 21.6 28.4 76.2 12.2 32.4 44.6 22.5 11.7 8.6 2.7 5.0 13.1 22.1 105.9 3.6
396 Robinson, Mitchell NYK 21 12 9 49.4 43.3 87.9 49.2 14.1 36.3 38.9 13.3 17.8 74.7 9.8 31.2 41.0 26.6 13.9 7.3 5.6 3.1 21.8 16.0 113.9 -2.7
404 Arcidiacono, Ryan NYK 20 15 5 47.5 32.6 91.6 35.6 5.3 38.9 13.5 9.5 14.7 64.3 18.9 32.6 51.6 18.9 15.8 8.4 4.2 3.2 9.5 14.7 80.0 -2.1
404 Boston Jr., Brandon LAC 20 12 8 47.6 46.6 94.5 49.3 12.9 36.2 35.7 15.2 20.7 73.4 13.9 33.7 47.6 26.9 10.7 7.4 5.8 5.8 14.6 18.4 121.4 19.7
404 LaRavia, Jake MEM 20 3 17 48.6 40.2 89.9 44.8 13.2 36.6 36.0 17.9 22.9 78.5 12.9 32.4 45.3 25.2 15.5 8.4 7.8 6.7 22.6 20.7 111.6 12.0
404 Porter, Jontay TOR 20 6 14 46.5 46.3 89.5 51.7 14.1 33.3 42.3 16.2 19.8 81.7 9.1 33.0 42.1 29.7 12.2 8.0 5.5 5.0 15.2 19.6 122.9 15.4
404 Smart, Marcus MEM 20 7 13 46.9 38.8 85.7 45.2 13.2 34.7 38.0 19.2 25.1 76.8 9.2 35.2 44.5 23.0 15.7 7.4 5.7 6.0 17.5 21.7 110.0 1.6
409 Bassey, Charles SAS 19 3 16 45.1 40.9 82.2 49.7 14.9 35.6 42.0 18.5 23.7 77.8 8.6 31.9 40.4 25.1 14.3 9.5 4.4 6.2 15.6 18.0 115.2 10.1
409 Brown, Bruce TOR 19 6 13 47.4 44.2 91.3 48.4 12.3 36.9 33.3 18.7 23.7 78.8 12.2 33.9 46.1 28.2 13.3 7.7 5.5 4.7 15.6 19.6 119.5 12.3
409 Gillespie, Collin DEN 19 12 7 48.0 41.7 86.0 48.4 11.3 28.3 40.0 17.3 23.5 73.4 10.7 33.9 44.6 22.9 13.4 7.1 2.7 3.3 16.4 18.8 111.9 1.2
409 Mills, Patty ATL 19 9 10 46.6 43.0 85.2 50.4 12.5 35.3 35.3 17.8 23.1 77.0 9.9 38.1 48.0 26.6 13.9 6.2 5.1 3.5 17.1 20.3 116.2 9.0
409 Morris, Markieff DAL 19 10 9 46.0 43.8 88.4 49.5 13.0 33.9 38.3 15.0 20.3 73.6 12.1 33.9 46.0 24.0 13.8 6.8 3.1 3.1 22.6 17.2 115.5 13.6
409 Ryan, Matt NOP 19 11 8 46.3 39.9 90.1 44.3 10.9 38.0 28.6 17.1 22.0 77.7 13.4 33.4 46.8 24.4 13.8 7.4 4.9 4.9 21.1 19.6 107.7 -2.6
409 Stevens, Lamar BOS 19 15 4 46.7 36.8 86.6 42.5 9.6 36.4 26.3 18.0 24.1 74.6 13.8 34.5 48.3 23.0 15.3 6.5 4.2 5.4 18.4 19.5 101.1 -3.8
409 Williams, Mark CHA 19 7 12 48.1 44.4 90.9 48.9 12.8 35.6 35.9 15.5 20.2 77.0 10.6 33.1 43.8 25.9 13.5 7.1 5.4 4.5 17.9 17.6 117.1 2.0
417 Badji, Ibou POR 18 5 13 48.5 39.9 83.3 47.9 13.4 35.3 37.8 22.9 32.0 71.6 9.3 33.9 43.2 26.5 14.8 9.3 6.0 7.6 18.6 23.9 116.0 19.6
417 Bagley III, Marvin WAS 18 2 16 45.8 45.4 89.2 50.9 11.5 30.7 37.5 14.4 18.3 79.0 9.6 35.1 44.7 29.6 12.1 6.7 7.5 4.0 16.6 16.0 116.8 7.2
417 Griffin, AJ ATL 18 8 10 44.5 43.6 81.9 53.3 14.4 34.9 41.3 17.4 21.1 82.5 8.1 32.9 40.9 31.2 16.1 9.1 6.7 4.4 17.8 15.1 119.1 9.4
417 Nwora, Jordan IND 18 8 10 45.0 40.1 79.3 50.6 12.3 28.8 42.7 24.4 29.6 82.5 8.9 31.0 39.9 22.4 15.3 4.7 4.7 4.9 19.0 21.4 117.0 3.9
417 Umude, Stanley DET 18 2 16 46.3 41.1 84.8 48.5 12.3 32.3 38.0 25.7 32.5 79.0 8.0 28.9 36.8 25.2 11.4 9.1 5.0 5.0 20.0 24.8 120.2 13.2
422 Jones, Colby SAC 17 7 10 48.7 37.9 82.3 46.1 12.5 36.3 34.4 20.2 27.0 74.6 8.9 33.5 42.3 24.6 12.5 6.0 5.2 5.6 16.5 20.6 108.5 0.8
422 Key, Braxton DEN 17 12 5 47.1 34.5 76.7 44.9 12.9 35.3 36.6 22.4 31.0 72.2 11.2 34.5 45.7 21.6 17.2 4.3 5.2 5.2 15.5 23.3 104.3 6.0
422 Nwora, Jordan TOR 17 5 12 45.2 45.6 91.5 49.9 12.8 31.7 40.6 15.1 18.8 80.5 15.1 32.6 47.7 25.5 13.8 10.1 5.3 5.0 16.7 18.1 119.3 18.1
422 Rozier, Terry MIA 17 7 10 48.8 42.3 86.2 49.1 14.6 36.9 39.6 16.5 20.4 80.7 8.0 37.0 45.1 28.6 12.8 5.5 5.0 3.5 16.5 17.2 115.7 4.9
422 Santos, Gui GSW 17 11 6 46.8 39.0 86.0 45.4 12.4 37.1 33.3 15.6 22.5 69.0 8.6 28.9 37.5 24.1 11.1 7.6 5.7 6.3 17.8 20.6 106.0 -7.3
427 Cain, Jamal MIA 16 7 9 48.3 40.8 83.9 48.6 11.4 34.5 32.9 17.6 23.6 74.5 8.8 32.6 41.4 27.0 15.0 8.4 4.5 2.4 20.0 18.7 110.5 5.8
427 Gibson, Taj NYK 16 7 9 47.9 39.1 82.9 47.2 14.8 39.7 37.2 18.0 25.5 70.5 5.8 35.1 40.9 27.2 11.3 4.9 4.9 3.2 16.8 20.6 111.0 7.0
427 Giles III, Harry BKN 16 6 10 47.2 43.0 90.1 47.7 18.0 44.8 40.3 22.7 30.8 73.6 13.4 27.3 40.7 31.4 10.5 6.4 5.8 4.7 19.2 23.3 126.7 4.7
427 Harris, Joe DET 16 4 12 45.8 41.0 85.4 47.9 10.5 26.4 39.8 25.3 29.9 84.7 12.7 30.2 42.9 23.7 11.6 8.4 6.5 6.2 19.7 22.9 117.8 12.9
427 Livingston, Chris MIL 16 10 6 46.0 36.2 76.5 47.4 10.7 29.5 36.4 34.9 44.3 78.8 8.1 27.5 35.6 22.8 10.1 8.1 7.4 4.0 9.4 30.9 118.1 8.7
427 Lopez, Robin MIL 16 10 6 45.3 39.2 80.4 48.7 11.9 30.1 39.5 21.7 30.8 70.5 9.1 34.3 43.4 23.8 13.3 10.5 4.2 2.8 9.8 20.3 111.9 16.1
427 Robinson, Jerome GSW 16 12 4 44.6 34.5 79.9 43.2 10.8 34.5 31.3 11.5 18.7 61.5 5.8 30.9 36.7 20.1 12.9 9.4 3.6 10.1 15.1 13.7 91.4 -14.4
427 Schofield, Admiral ORL 16 9 7 47.2 32.8 84.0 39.0 6.7 40.3 16.7 17.6 24.4 72.4 10.1 37.0 47.1 17.6 15.1 7.6 3.4 3.4 16.0 20.2 89.9 -7.6
427 Temple, Garrett TOR 16 4 12 44.7 40.9 83.1 49.2 10.4 31.8 32.7 16.2 18.2 89.3 13.6 31.8 45.5 20.8 16.2 11.7 6.5 1.3 15.6 13.6 108.4 6.5
427 Tucker, P.J. LAC 16 5 11 48.8 43.1 88.9 48.4 14.7 35.2 41.8 16.2 21.7 74.5 10.4 33.7 44.1 26.9 14.3 6.8 5.8 3.8 20.9 22.2 117.1 10.9
437 Bertans, Davis OKC 15 11 4 44.2 35.9 73.8 48.7 15.5 36.4 42.7 21.4 30.6 69.8 8.3 30.6 38.8 26.2 14.1 4.9 5.3 3.9 21.4 20.9 108.7 -11.7
437 Garza, Luka MIN 15 11 4 41.1 33.9 66.9 50.6 5.0 19.0 26.1 29.8 39.7 75.0 5.8 33.9 39.7 21.5 15.7 5.8 5.0 1.7 19.8 24.0 102.5 3.3
437 Lewis Jr., Kira NOP 15 9 6 46.3 37.4 88.1 42.5 11.0 40.0 27.4 18.4 26.5 69.5 13.9 36.8 50.6 23.5 14.8 5.8 5.2 3.2 23.2 19.4 104.2 6.1
437 Lofton Jr., Kenneth MEM 15 4 11 45.5 36.9 76.5 48.2 12.4 32.3 38.6 16.6 23.0 72.0 8.8 36.9 45.6 22.6 20.3 7.4 7.4 7.8 19.4 20.7 102.8 -2.3
437 Moore Jr., Wendell MIN 15 11 4 41.5 38.2 72.7 52.5 7.3 22.7 32.0 26.4 36.4 72.5 8.2 32.7 40.9 25.5 14.5 9.1 5.5 3.6 12.7 20.0 110.0 18.2
437 Porter Jr., Otto TOR 15 6 9 46.3 37.8 82.2 46.0 12.8 34.8 36.6 18.1 22.6 80.0 8.8 31.1 39.9 25.0 14.1 6.1 4.0 5.3 19.1 18.6 106.4 -5.9
437 Simmons, Ben BKN 15 7 8 47.3 43.2 89.5 48.3 13.2 34.9 37.7 15.0 18.1 83.2 8.6 36.4 44.9 24.6 13.0 6.1 3.8 4.5 15.0 16.9 114.6 5.0
444 Anunoby, OG NYK 14 12 2 49.2 36.7 88.2 41.6 9.8 32.5 30.2 15.4 20.9 73.7 10.6 30.1 40.7 25.6 13.9 7.0 4.8 5.6 19.7 19.3 98.7 -24.8
444 Azubuike, Udoka PHX 14 10 4 47.1 43.9 92.1 47.6 18.0 42.1 42.7 19.7 24.6 80.4 8.8 30.7 39.5 32.0 11.0 7.9 7.9 8.8 20.6 18.9 125.4 16.7
444 Bouknight, James CHA 14 0 14 48.7 41.0 80.1 51.1 13.3 31.3 42.3 19.3 24.7 78.0 10.8 37.3 48.2 26.5 15.7 8.4 9.0 3.6 15.7 18.7 114.5 6.6
444 Flynn, Malachi NYK 14 12 2 46.9 36.4 85.3 42.7 12.4 38.8 32.0 10.1 12.4 81.3 8.5 28.7 37.2 24.8 11.6 6.2 8.5 4.7 14.0 13.2 95.3 3.1
444 Hield, Buddy PHI 14 6 8 49.3 41.6 85.9 48.4 13.2 34.8 38.0 16.9 21.3 79.3 10.4 36.3 46.6 26.4 15.3 6.7 7.4 4.9 15.1 20.2 113.2 4.5
444 Sarr, Olivier OKC 14 7 7 47.8 36.9 87.9 42.0 17.2 41.9 41.0 13.6 18.2 75.0 11.1 26.8 37.9 22.7 12.6 8.6 1.5 6.6 15.2 16.2 104.5 -4.5
444 Schroder, Dennis BKN 14 6 8 49.7 42.6 88.0 48.4 13.4 34.2 39.2 16.0 20.8 76.8 11.2 35.4 46.6 24.9 14.4 8.0 4.5 3.8 18.3 18.1 114.6 5.3
444 Sensabaugh, Brice UTA 14 5 9 46.0 42.6 81.7 52.1 14.6 34.5 42.2 18.6 23.5 79.3 7.0 30.2 37.2 29.6 12.9 8.4 3.8 3.0 16.7 15.9 118.3 6.2
452 Beverley, Patrick MIL 13 9 4 49.6 42.1 89.6 47.0 17.9 41.7 42.9 13.0 18.3 70.9 10.2 36.6 46.8 27.0 13.8 6.6 4.3 5.3 19.1 20.0 115.1 13.6
452 Brown, Moses POR 13 4 9 48.6 42.6 85.5 49.8 13.6 35.7 38.1 18.3 23.4 78.2 10.2 29.8 40.0 26.4 12.8 11.5 7.7 4.7 18.7 16.6 117.0 13.6
452 Graham, Devonte' SAS 13 4 9 45.5 37.0 79.8 46.4 10.7 28.8 37.1 17.7 24.7 71.7 7.8 36.2 44.0 26.7 18.5 6.6 4.5 7.0 18.5 16.0 102.5 -14.0
452 Howard, Jett ORL 13 6 7 44.2 35.1 78.4 44.8 9.9 33.3 29.7 15.3 23.4 65.4 7.2 28.8 36.0 19.8 12.6 7.2 2.7 3.6 18.0 17.1 95.5 -2.7
452 Huff, Jay DEN 13 10 3 45.4 38.5 76.9 50.0 7.7 26.9 28.6 19.2 30.8 62.5 12.8 35.9 48.7 23.1 16.7 9.0 1.3 2.6 12.8 24.4 103.8 17.9
452 Jeffries, DaQuan NYK 13 8 5 48.6 37.1 90.0 41.3 14.3 48.6 29.4 10.0 17.1 58.3 15.7 47.1 62.9 22.9 14.3 2.9 4.3 1.4 10.0 12.9 98.6 11.4
452 Maledon, Theo CHA 13 3 10 46.2 41.6 82.2 50.6 15.9 34.9 45.7 24.7 31.4 78.7 8.5 30.3 38.8 27.9 12.9 7.2 4.8 5.5 22.4 24.5 123.8 13.2
452 Mann, Tre OKC 13 11 2 48.6 37.0 85.8 43.1 13.8 37.4 37.0 18.7 22.8 82.1 11.8 33.7 45.5 24.0 14.6 9.3 3.3 4.9 10.6 15.9 106.5 2.0
452 Micic, Vasilije CHA 13 6 7 47.7 42.0 89.8 46.8 13.2 38.6 34.2 15.4 19.0 81.3 12.9 32.6 45.5 27.6 13.2 8.3 5.0 4.6 15.4 17.1 112.6 6.1
452 Muscala, Mike DET 13 4 9 46.6 41.1 87.5 47.0 11.2 34.3 32.5 14.7 19.9 74.0 8.2 30.5 38.7 27.0 10.6 8.4 5.2 4.4 17.7 17.2 108.2 -12.5
452 Payne, Cameron PHI 13 5 8 48.6 37.7 81.5 46.3 12.2 34.0 35.8 20.8 24.9 83.7 9.7 35.6 45.3 25.0 14.6 6.2 7.8 5.8 18.0 19.6 108.5 -3.7
452 Queen, Trevelin ORL 13 5 8 49.4 42.4 90.3 47.0 10.6 32.1 33.0 15.5 22.4 68.9 11.5 30.9 42.4 26.7 15.5 7.9 2.4 5.2 19.1 21.8 110.9 2.7
452 Williams, Grant CHA 13 6 7 48.4 40.1 87.6 45.8 11.6 38.5 30.1 14.3 18.4 77.6 11.0 34.2 45.2 26.1 14.0 6.8 4.5 4.3 16.9 17.8 106.0 -1.0
465 Agbaji, Ochai TOR 12 4 8 46.4 44.4 90.9 48.9 12.2 37.2 32.9 17.2 20.9 82.6 11.1 35.4 46.5 26.1 12.2 4.5 5.4 4.1 16.1 17.7 118.4 7.9
465 Banton, Dalano POR 12 3 9 49.0 41.2 83.5 49.4 12.1 30.6 39.7 22.5 27.8 81.0 9.5 29.8 39.3 26.2 13.9 9.5 6.7 4.6 18.7 21.5 117.1 5.3
465 Burks, Alec NYK 12 4 8 51.4 45.8 93.0 49.2 12.9 33.4 38.7 13.8 18.5 74.2 14.9 34.6 49.4 25.6 13.8 9.8 5.1 3.9 19.7 16.9 118.3 17.4
465 Dinwiddie, Spencer LAL 12 8 4 47.2 44.5 94.0 47.4 12.7 36.2 35.1 13.5 16.5 82.2 11.1 30.7 41.8 29.4 11.4 5.4 4.2 4.9 18.4 16.2 115.3 -7.5
465 Fontecchio, Simone DET 12 2 10 46.8 39.9 83.9 47.6 11.6 32.1 36.1 21.8 26.6 81.9 8.4 36.6 45.0 25.5 14.7 8.5 7.0 3.6 14.7 21.3 113.2 7.7
465 Gafford, Daniel DAL 12 7 5 44.7 41.1 89.5 45.9 13.3 37.8 35.3 17.9 23.2 77.0 10.3 33.5 43.7 27.9 11.3 9.9 3.5 6.4 18.7 18.5 113.3 3.1
465 Hagans, Ashton POR 12 2 10 50.1 35.8 76.4 46.8 11.1 27.7 40.2 26.7 36.8 72.5 10.6 28.8 39.4 21.8 17.1 9.1 8.8 5.7 19.7 28.0 109.3 2.3
465 O'Neale, Royce PHX 12 6 6 46.3 38.8 89.7 43.2 11.0 35.6 30.8 14.8 20.2 72.9 12.0 31.3 43.3 21.8 13.1 9.0 3.8 6.3 20.8 17.0 103.3 -11.4
465 Olynyk, Kelly TOR 12 4 8 46.0 45.4 91.8 49.5 13.2 38.5 34.3 15.9 18.9 84.1 12.6 36.2 48.7 29.1 13.2 6.7 5.0 4.0 17.1 17.4 119.9 15.9
465 Smith, Terquavion PHI 12 4 8 42.0 43.0 80.6 53.4 15.2 38.2 39.7 14.5 17.6 82.8 10.3 30.3 40.6 31.5 20.0 7.9 3.6 3.0 20.6 15.2 115.8 -2.4
465 Stevens, Lamar MEM 12 4 8 49.8 38.0 93.5 40.7 13.6 41.5 32.7 14.1 19.7 71.8 15.3 33.7 48.9 23.3 15.7 10.3 5.9 6.5 21.8 17.2 103.8 3.8
465 Washington, P.J. DAL 12 7 5 46.4 42.5 89.4 47.6 14.2 36.7 38.7 15.9 20.2 78.9 9.7 32.8 42.5 28.6 12.2 7.2 4.7 6.8 18.3 16.3 115.2 -3.6
465 Williams, Brandon DAL 12 7 5 45.8 46.5 93.0 50.0 14.7 31.8 46.3 7.0 11.6 60.0 10.1 40.3 50.4 25.6 12.4 7.0 5.4 6.2 17.1 12.4 114.7 20.9
465 Williams, Nate HOU 12 4 8 45.9 36.7 84.0 43.7 10.1 32.5 30.9 20.7 30.2 68.6 11.8 29.6 41.4 18.9 12.4 5.3 8.3 4.7 17.8 23.7 104.1 -13.6
479 Bates, Emoni CLE 11 6 5 48.3 42.3 85.7 49.4 17.6 42.9 41.0 21.4 25.8 83.0 12.6 35.2 47.8 29.1 15.4 9.3 4.4 4.4 14.8 18.7 123.6 33.0
479 Bertans, Davis CHA 11 5 6 49.1 38.6 84.1 46.0 10.6 35.7 29.7 14.0 19.1 73.4 8.7 36.0 44.7 25.1 14.3 5.6 5.6 3.9 18.1 17.4 101.9 -7.7
479 Bogdanovic, Bojan NYK 11 4 7 50.7 45.6 88.8 51.3 12.9 31.5 41.0 14.9 20.9 71.0 11.9 34.6 46.6 27.0 14.3 7.8 4.3 4.1 19.4 17.4 119.0 16.8
479 Diabate, Moussa LAC 11 7 4 49.4 41.5 92.3 45.0 16.9 43.1 39.3 19.2 29.2 65.8 16.2 23.1 39.2 28.5 14.6 3.8 5.4 3.1 20.0 20.8 119.2 1.5
479 Fournier, Evan DET 11 2 9 45.4 39.5 82.4 48.0 9.5 30.5 31.3 20.5 25.7 79.6 10.7 36.0 46.7 25.2 17.9 11.4 5.7 4.8 14.0 20.7 109.0 10.7
479 Hinton, Nate HOU 11 6 5 43.6 32.6 75.8 43.0 9.1 29.5 30.8 26.5 39.4 67.3 7.6 28.8 36.4 15.9 6.8 6.1 3.8 6.1 18.2 21.2 100.8 -12.1
479 Jemison, Trey MEM 11 2 9 50.3 42.2 88.0 48.0 13.6 38.2 35.5 16.0 21.1 75.8 9.3 32.2 41.6 28.0 14.7 11.1 5.6 4.9 17.6 19.3 114.0 10.4
479 Mann, Tre CHA 11 5 6 49.2 41.7 90.0 46.3 13.4 39.4 34.0 12.2 15.4 79.0 11.9 33.9 45.8 27.9 14.8 8.1 4.3 3.8 16.3 15.9 109.0 5.1
479 Mays, Skylar LAL 11 5 6 48.2 36.1 87.2 41.4 11.3 40.6 27.8 30.8 36.8 83.7 16.5 32.3 48.9 24.1 15.0 5.3 5.3 4.5 14.3 25.6 114.3 5.3
479 Morris, Monte MIN 11 8 3 48.6 38.6 88.5 43.6 11.3 33.0 34.2 14.6 19.4 75.4 9.9 36.3 46.2 26.5 13.8 4.5 4.5 9.6 19.4 19.2 103.1 -8.5
479 Nix, Daishen MIN 11 8 3 43.6 33.3 71.4 46.7 8.3 26.2 31.8 22.6 29.8 76.0 8.3 34.5 42.9 19.0 17.9 2.4 3.6 3.6 19.0 16.7 97.6 -26.2
479 Samuels Jr., Jermaine HOU 11 6 5 45.3 39.3 76.1 51.7 12.0 32.5 36.8 23.9 33.3 71.8 6.0 29.9 35.9 20.5 8.5 7.7 3.4 4.3 14.5 20.5 114.5 9.4
479 Swider, Cole MIA 11 4 7 47.0 37.1 81.0 45.7 10.3 30.2 34.3 12.9 18.1 71.4 8.6 34.5 43.1 23.3 12.9 11.2 6.0 1.7 15.5 12.9 97.4 -0.9
479 Toscano-Anderson, Juan SAC 11 7 4 47.9 36.4 88.2 41.2 14.5 40.9 35.6 20.0 24.5 81.5 10.0 31.8 41.8 19.1 13.6 8.2 2.7 9.1 18.2 23.6 107.3 8.2
479 Tyson, Hunter DEN 11 8 3 45.5 31.4 68.6 45.8 8.6 38.6 22.2 25.7 35.7 72.0 7.1 34.3 41.4 21.4 12.9 7.1 0.0 0.0 5.7 27.1 97.1 -4.3
494 Bates-Diop, Keita BKN 10 6 4 50.4 42.6 80.6 52.9 9.3 30.6 30.3 21.3 25.9 82.1 7.4 32.4 39.8 24.1 14.8 5.6 3.7 3.7 19.4 19.4 115.7 23.1
494 Brooks, Armoni BKN 10 3 7 48.8 41.8 93.0 44.9 16.0 47.9 33.3 15.0 21.1 71.1 15.0 29.6 44.6 26.8 12.2 5.2 5.2 3.3 20.7 18.8 114.6 -13.1
494 Hayward, Gordon OKC 10 8 2 47.9 41.2 88.0 46.9 15.1 35.1 43.0 16.9 22.8 74.3 10.8 35.1 45.8 25.8 11.7 7.4 7.4 6.8 16.6 19.1 114.5 4.0
494 Holmes, Richaun WAS 10 1 9 46.3 44.4 89.2 49.8 10.5 30.5 34.4 17.5 21.9 79.7 8.9 33.0 41.9 25.4 12.4 7.0 6.0 5.7 17.5 20.0 116.8 4.8
494 Pokusevski, Aleksej OKC 10 8 2 47.2 45.3 84.4 53.7 17.2 39.1 44.0 17.2 21.9 78.6 8.6 35.2 43.8 26.6 9.4 9.4 3.1 4.7 13.3 16.4 125.0 26.6
494 Rollins, Ryan WAS 10 1 9 44.2 28.9 77.2 37.4 8.7 32.9 26.5 16.1 21.5 75.0 15.4 28.2 43.6 18.1 30.2 11.4 5.4 10.1 21.5 18.8 82.6 -38.3
500 Bufkin, Kobe ATL 9 6 3 46.4 37.0 85.9 43.0 12.0 33.3 35.9 16.1 22.9 70.5 10.9 33.3 44.3 21.9 15.1 8.3 4.7 7.3 18.2 17.7 102.1 -3.6
500 Clowney, Noah BKN 9 4 5 47.1 45.4 83.3 54.5 16.7 37.9 43.9 16.7 19.5 85.3 10.9 33.9 44.8 29.9 14.9 5.2 9.8 3.4 18.4 14.9 124.1 14.4
500 Flynn, Malachi DET 9 2 7 47.4 43.9 88.4 49.6 9.0 23.2 38.9 20.0 26.5 75.6 10.3 34.2 44.5 23.2 11.0 12.3 4.5 5.8 13.5 20.6 116.8 22.6
500 Gallinari, Danilo MIL 9 7 2 52.4 43.7 86.1 50.7 20.3 43.7 46.4 18.4 24.1 76.3 7.6 36.1 43.7 28.5 15.2 6.3 4.4 3.2 12.7 20.3 125.9 17.7
500 Johnson, Keyontae OKC 9 7 2 47.6 41.0 84.2 48.7 13.7 38.8 35.2 9.4 12.9 72.2 4.3 30.9 35.3 20.9 11.5 12.9 4.3 4.3 12.9 12.9 105.0 5.0
500 Lundy, Seth ATL 9 2 7 46.8 46.8 90.1 52.0 12.6 33.3 37.8 8.1 11.7 69.2 12.6 31.5 44.1 33.3 15.3 9.9 2.7 5.4 18.9 13.5 114.4 11.7
500 Marjanovic, Boban HOU 9 5 4 45.0 43.4 87.7 49.5 16.0 39.6 40.5 15.1 19.8 76.2 9.4 26.4 35.8 23.6 10.4 7.5 4.7 4.7 16.0 13.2 117.9 21.7
500 Morant, Ja MEM 9 6 3 47.1 40.4 86.7 46.7 11.0 32.3 33.9 17.5 22.8 76.6 10.4 32.9 43.3 24.9 13.3 7.1 5.3 6.7 21.3 18.7 109.3 -1.6
500 Nowell, Jaylen MEM 9 3 6 47.5 39.5 88.4 44.7 12.2 33.4 36.4 17.6 19.8 89.2 10.9 33.7 44.7 26.7 15.2 7.0 4.9 7.0 16.7 18.8 108.8 0.6
500 Smith, Dru MIA 9 7 2 48.3 42.1 90.0 46.7 15.9 39.9 39.8 13.3 18.5 72.0 15.1 38.0 53.1 25.5 19.6 6.6 4.4 4.8 21.4 17.3 113.3 15.9
500 Toppin, Jacob NYK 9 2 7 50.9 42.7 76.0 56.1 17.3 33.3 52.0 17.3 18.7 92.9 4.0 38.7 42.7 32.0 13.3 8.0 5.3 2.7 18.7 17.3 120.0 21.3
511 Bernard, Jules WAS 8 1 7 42.7 31.0 72.6 42.6 3.6 20.2 17.6 21.4 33.3 64.3 13.1 33.3 46.4 22.6 21.4 11.9 8.3 7.1 19.0 17.9 86.9 -13.1
511 Bitim, Onuralp CHI 8 4 4 49.9 36.5 88.0 41.4 13.5 45.3 29.9 17.7 25.5 69.4 10.9 32.8 43.8 25.5 15.1 6.8 5.2 4.2 24.5 21.9 104.2 -4.7
511 Brown Jr., Charlie NYK 8 2 6 51.1 38.4 86.3 44.4 16.4 42.5 38.7 19.2 24.7 77.8 6.8 39.7 46.6 26.0 9.6 6.8 1.4 6.8 15.1 20.5 112.3 8.2
511 Brown, Kendall IND 8 4 4 45.9 29.0 64.5 45.0 9.7 29.0 33.3 24.2 25.8 93.8 8.1 24.2 32.3 17.7 25.8 8.1 6.5 6.5 16.1 19.4 91.9 8.1
511 Curry, Seth CHA 8 4 4 49.1 43.7 91.3 47.8 13.9 40.9 34.1 10.2 12.7 80.5 10.5 34.1 44.6 32.5 13.3 7.1 5.3 4.0 16.1 16.7 111.5 7.7
511 Hampton, R.J. MIA 8 3 5 48.1 40.5 93.7 43.2 12.7 38.6 32.8 11.4 17.1 66.7 10.8 31.6 42.4 25.9 7.6 8.2 5.7 3.8 19.0 16.5 105.1 -13.3
511 Hurt, Matt MEM 8 2 6 48.6 39.1 86.7 45.0 12.4 38.2 32.6 13.3 16.7 79.5 13.7 32.2 45.9 24.9 18.0 9.4 4.3 5.2 22.3 15.9 103.9 5.2
511 Liddell, E.J. NOP 8 3 5 43.6 41.5 83.0 50.0 13.2 37.7 35.0 9.4 11.3 83.3 13.2 30.2 43.4 20.8 18.9 7.5 0.0 5.7 24.5 7.5 105.7 7.5
511 Lowry, Kyle PHI 8 3 5 50.6 38.6 83.8 46.1 11.5 33.5 34.4 24.3 29.4 82.6 10.9 38.2 49.0 24.7 15.6 6.2 7.0 4.7 17.9 23.5 113.0 7.2
511 Pippen Jr., Scotty MEM 8 1 7 48.9 40.3 87.8 45.8 13.8 35.7 38.6 15.1 17.6 86.2 13.0 37.8 50.8 25.4 15.7 8.6 4.6 6.8 20.0 18.6 109.5 4.9
511 Tshiebwe, Oscar IND 8 2 6 44.6 31.9 66.0 48.4 10.6 28.7 37.0 25.5 29.8 85.7 6.4 26.6 33.0 18.1 24.5 7.4 6.4 7.4 19.1 21.3 100.0 -14.9
511 Windler, Dylan LAL 8 4 4 46.9 42.4 93.2 45.5 13.6 45.8 29.6 22.0 28.8 76.5 13.6 25.4 39.0 27.1 10.2 10.2 1.7 1.7 11.9 18.6 120.3 1.7
523 Brown Jr., Troy DET 7 0 7 45.0 46.0 85.2 54.0 10.6 25.9 40.8 20.6 24.3 84.8 6.3 35.4 41.8 26.5 11.6 12.2 5.8 2.6 13.2 18.0 123.3 22.8
523 Castleton, Colin LAL 7 3 4 48.6 48.6 90.5 53.7 14.9 40.5 36.7 12.2 18.9 64.3 13.5 32.4 45.9 27.0 10.8 4.1 5.4 4.1 17.6 18.9 124.3 28.4
523 Hodge, D'Moi LAL 7 1 6 46.9 48.9 88.6 55.1 15.9 36.4 43.8 12.5 15.9 78.6 15.9 33.0 48.9 25.0 14.8 9.1 2.3 4.5 18.2 14.8 126.1 39.8
523 Miller, Leonard MIN 7 6 1 43.9 35.6 69.5 51.2 10.2 22.0 46.2 18.6 30.5 61.1 5.1 39.0 44.1 27.1 18.6 8.5 8.5 5.1 5.1 16.9 100.0 10.2
523 Roddy, David PHX 7 3 4 43.2 41.1 91.8 44.8 12.3 31.5 39.1 13.7 17.8 76.9 15.1 37.0 52.1 21.9 11.0 9.6 4.1 5.5 20.5 15.1 108.2 26.0
523 Wainright, Ish POR 7 1 6 44.1 23.1 66.3 34.8 7.7 30.8 25.0 22.1 34.6 63.9 5.8 43.3 49.0 12.5 18.3 6.7 6.7 3.8 16.3 22.1 76.0 0.0
529 Bouyea, Jamaree POR 6 0 6 46.9 36.9 77.9 47.4 13.9 35.2 39.5 10.7 16.4 65.0 10.7 37.7 48.4 20.5 21.3 8.2 7.4 3.3 18.0 15.6 98.4 18.0
529 Brown III, Greg DAL 6 3 3 42.3 46.8 95.7 48.9 5.3 29.8 17.9 11.7 16.0 73.3 10.6 34.0 44.7 25.5 8.5 12.8 5.3 7.4 19.1 12.8 110.6 9.6
529 Cissoko, Sidy SAS 6 1 5 43.2 28.4 73.0 38.9 8.1 27.0 30.0 18.9 27.0 70.0 8.1 33.8 41.9 17.6 20.3 9.5 5.4 5.4 17.6 14.9 83.8 -20.3
529 Ford, Jordan SAC 6 2 4 48.5 35.6 80.0 44.4 13.3 31.1 42.9 13.3 13.3 100 11.1 31.1 42.2 17.8 15.6 2.2 4.4 6.7 11.1 8.9 97.8 -31.1
529 Freeman-Liberty, Javon TOR 6 1 5 46.9 44.0 95.2 46.2 17.6 40.8 43.1 14.4 16.0 90.0 17.6 36.0 53.6 28.8 12.8 7.2 4.8 5.6 17.6 13.6 120.0 13.6
529 Gallinari, Danilo DET 6 1 5 46.4 45.6 81.3 56.1 9.3 29.0 32.1 15.0 19.7 76.3 3.1 27.5 30.6 25.9 9.8 7.8 4.7 2.6 23.3 15.5 115.5 -13.5
529 Goodwin, Jordan MEM 6 2 4 49.8 45.1 92.2 48.9 15.0 37.0 40.6 15.6 21.7 72.0 15.0 33.8 48.8 28.0 14.2 8.4 6.9 7.8 19.1 18.5 120.8 14.5
529 Johnson, James IND 6 2 4 45.1 38.6 72.9 52.9 14.3 41.4 34.5 18.6 21.4 86.7 10.0 27.1 37.1 15.7 24.3 4.3 4.3 1.4 14.3 14.3 110.0 -12.9
529 Juzang, Johnny UTA 6 2 4 48.5 39.5 88.6 44.6 12.3 28.1 43.8 13.2 16.7 78.9 9.6 34.2 43.9 22.8 13.2 3.5 0.9 9.6 13.2 14.0 104.4 -5.3
529 McDermott, Doug IND 6 4 2 43.5 41.1 72.8 56.4 13.2 28.5 46.5 18.5 24.5 75.7 3.3 35.8 39.1 27.8 15.2 7.3 4.6 2.6 17.9 17.2 113.9 1.3
529 Miller, Jordan LAC 6 5 1 44.1 51.0 102.0 50.0 12.2 34.7 35.3 12.2 20.4 60.0 20.4 28.6 49.0 28.6 10.2 12.2 2.0 4.1 8.2 16.3 126.5 30.6
529 Morris, Monte DET 6 2 4 47.0 44.1 87.6 50.4 9.7 30.3 31.8 9.0 12.4 72.2 6.2 35.2 41.4 24.8 11.0 9.7 6.2 2.8 17.9 11.0 106.9 1.4
529 Rhoden, Jared DET 6 1 5 45.6 39.8 79.6 50.0 12.9 31.2 41.4 17.2 24.7 69.6 8.6 21.5 30.1 22.6 14.0 8.6 2.2 6.5 26.9 17.2 109.7 -19.4
529 Seabron, Dereon NOP 6 3 3 47.1 33.3 91.5 36.4 8.5 39.3 21.7 19.7 26.5 74.2 13.7 29.1 42.7 20.5 12.8 7.7 4.3 5.1 23.9 22.2 94.9 -23.9
529 Springer, Jaden BOS 6 6 0 44.9 38.6 86.4 44.7 6.8 40.9 16.7 11.4 18.2 62.5 11.4 31.8 43.2 25.0 11.4 4.5 6.8 4.5 4.5 20.5 95.5 6.8
529 Williams III, Robert POR 6 2 4 47.1 40.9 85.7 47.7 13.1 35.3 37.1 18.7 23.8 78.3 9.5 35.7 45.2 29.0 13.5 7.5 8.3 6.0 19.4 21.8 113.5 11.9
545 Biyombo, Bismack OKC 5 3 2 46.5 34.8 76.8 45.3 10.1 29.0 35.0 23.2 27.5 84.2 4.3 39.1 43.5 18.8 17.4 5.8 8.7 5.8 10.1 21.7 102.9 -1.4
545 Ntilikina, Frank CHA 5 0 5 48.2 44.9 88.8 50.6 12.4 36.0 34.4 20.2 27.0 75.0 9.0 41.6 50.6 22.5 9.0 4.5 4.5 5.6 19.1 20.2 122.5 1.1
545 Slawson, Jalen SAC 5 3 2 49.2 50.0 94.7 52.8 5.3 23.7 22.2 18.4 31.6 58.3 13.2 28.9 42.1 23.7 7.9 10.5 0.0 5.3 18.4 31.6 123.7 36.8
545 Vincent, Gabe LAL 5 2 3 47.4 38.7 84.4 45.8 13.4 37.2 36.0 12.3 16.0 76.7 8.2 35.3 43.5 20.4 16.4 7.8 4.1 4.1 22.3 17.8 103.0 0.7
545 Washington Jr., TyTy MIL 5 3 2 43.1 16.7 52.1 32.0 6.3 33.3 18.8 41.7 52.1 80.0 4.2 41.7 45.8 14.6 16.7 14.6 0.0 2.1 16.7 27.1 81.3 6.3
545 Watanabe, Yuta MEM 5 1 4 49.5 42.8 88.6 48.3 16.3 39.2 41.5 12.7 17.5 72.4 13.9 31.3 45.2 28.3 13.3 9.0 6.6 4.2 22.3 16.9 114.5 18.1
551 Carton, D.J. TOR 4 2 2 43.9 45.7 102.5 44.6 12.3 34.6 35.7 16.0 22.2 72.2 25.9 35.8 61.7 18.5 11.1 12.3 4.9 7.4 14.8 21.0 119.8 38.3
551 Dennis, Dexter DAL 4 1 3 40.9 41.1 87.7 46.9 6.8 31.5 21.7 12.3 19.2 64.3 12.3 45.2 57.5 23.3 15.1 11.0 1.4 5.5 24.7 12.3 101.4 12.3
551 Evbuomwan, Tosan MEM 4 0 4 51.0 46.2 94.5 48.9 15.2 42.8 35.5 18.6 24.8 75.0 13.8 39.3 53.1 26.2 10.3 8.3 4.8 4.1 11.7 17.9 126.2 19.3
551 Fudge, Alex LAL 4 1 3 43.8 42.4 81.8 51.9 18.2 42.4 42.9 18.2 21.2 85.7 18.2 27.3 45.5 33.3 15.2 9.1 3.0 0.0 18.2 18.2 121.2 60.6
551 Grimes, Quentin DET 4 1 3 50.8 43.9 94.2 46.6 11.0 30.3 36.2 23.9 30.3 78.7 16.1 37.4 53.5 27.7 11.6 11.6 7.1 6.5 9.7 23.9 122.6 26.5
551 Johnson, Keon BKN 4 0 4 49.6 53.4 89.3 59.8 21.4 46.6 45.8 17.5 20.4 85.7 10.7 29.1 39.8 41.7 13.6 7.8 7.8 1.0 21.4 16.5 145.6 22.3
551 Krejci, Vit ATL 4 2 2 51.6 47.4 82.5 57.5 13.4 23.7 56.5 13.4 16.5 81.3 7.2 28.9 36.1 35.1 14.4 10.3 14.4 5.2 15.5 13.4 121.6 4.1
551 Maledon, Theo PHX 4 2 2 43.7 33.3 90.0 37.0 13.3 46.7 28.6 13.3 20.0 66.7 16.7 56.7 73.3 20.0 13.3 3.3 10.0 6.7 23.3 23.3 93.3 26.7
551 Milton, Shake DET 4 0 4 44.1 39.9 78.3 50.9 9.8 27.3 35.9 24.5 28.7 85.4 7.7 38.5 46.2 25.9 16.1 8.4 8.4 4.2 19.6 21.7 114.0 18.9
551 Mobley, Isaiah CLE 4 0 4 51.2 39.4 74.2 53.1 16.7 36.4 45.8 18.2 19.7 92.3 1.5 37.9 39.4 28.8 19.7 7.6 4.5 1.5 13.6 18.2 113.6 19.7
551 Tillman, Xavier BOS 4 3 1 48.9 43.0 89.0 48.3 5.0 25.0 20.0 12.0 17.0 70.6 7.0 33.0 40.0 24.0 12.0 6.0 4.0 7.0 13.0 16.0 103.0 -14.0
551 Walsh, Jordan BOS 4 4 0 50.8 27.7 87.7 31.6 7.7 35.4 21.7 20.0 24.6 81.3 15.4 27.7 43.1 20.0 15.4 4.6 3.1 4.6 9.2 21.5 83.1 -38.5
563 Bailey, Amari CHA 3 0 3 46.4 40.6 84.4 48.1 18.8 50.0 37.5 12.5 21.9 57.1 0.0 31.3 31.3 34.4 9.4 6.3 3.1 3.1 15.6 15.6 112.5 0.0
563 Batum, Nicolas LAC 3 2 1 47.1 38.3 91.3 41.9 14.8 33.9 43.6 14.8 16.5 89.5 12.2 31.3 43.5 23.5 13.9 5.2 5.2 7.8 21.7 20.9 106.1 0.0
563 Bazley, Darius PHI 3 0 3 51.5 52.6 84.2 62.5 15.8 31.6 50.0 5.3 5.3 100 5.3 21.1 26.3 21.1 10.5 15.8 5.3 5.3 15.8 10.5 126.3 5.3
563 Champagnie, Justin WAS 3 0 3 46.8 40.0 77.1 51.9 5.7 28.6 20.0 17.1 25.7 66.7 8.6 40.0 48.6 25.7 14.3 2.9 5.7 2.9 14.3 17.1 102.9 -8.6
563 Covington, Robert LAC 3 2 1 47.5 34.2 84.9 40.3 8.9 37.7 23.6 15.1 19.2 78.6 11.6 27.4 39.0 20.5 23.3 11.0 3.4 6.8 20.5 20.5 92.5 -30.8
563 Davison, JD BOS 3 3 0 42.6 28.6 92.9 30.8 0.0 42.9 0.0 21.4 28.6 75.0 21.4 28.6 50.0 14.3 7.1 0.0 7.1 0.0 14.3 14.3 78.6 0.0
563 Diakite, Mamadi SAS 3 2 1 48.3 30.3 81.8 37.0 6.1 39.4 15.4 18.2 21.2 85.7 15.2 42.4 57.6 21.2 21.2 6.1 3.0 6.1 24.2 15.2 84.8 -15.2
563 Dowtin Jr., Jeff PHI 3 0 3 50.4 37.8 98.0 38.5 8.2 36.7 22.2 19.4 21.4 90.5 20.4 31.6 52.0 20.4 14.3 5.1 11.2 8.2 13.3 19.4 103.1 -14.3
563 Fournier, Evan NYK 3 2 1 47.7 38.3 71.6 53.4 13.6 32.1 42.3 19.8 23.5 84.2 4.9 35.8 40.7 29.6 21.0 2.5 8.6 1.2 18.5 27.2 109.9 13.6
563 Garuba, Usman GSW 3 2 1 39.0 35.0 70.0 50.0 15.0 25.0 60.0 25.0 35.0 71.4 10.0 35.0 45.0 20.0 10.0 5.0 15.0 5.0 25.0 20.0 110.0 25.0
563 Giles III, Harry LAL 3 2 1 44.0 30.8 76.9 40.0 15.4 46.2 33.3 23.1 30.8 75.0 7.7 46.2 53.8 15.4 15.4 7.7 7.7 0.0 7.7 23.1 100.0 100.0
563 Harrison, Shaquille MEM 3 1 2 45.9 46.2 76.9 60.0 15.4 38.5 40.0 23.1 38.5 60.0 0.0 46.2 46.2 23.1 7.7 7.7 7.7 7.7 0.0 23.1 130.8 84.6
563 Lewis Jr., Kira UTA 3 1 2 42.6 23.5 76.5 30.8 5.9 29.4 20.0 23.5 29.4 80.0 23.5 23.5 47.1 11.8 17.6 5.9 5.9 0.0 17.6 17.6 76.5 -17.6
563 Moore, Taze POR 3 1 2 36.4 25.0 50.0 50.0 7.1 21.4 33.3 46.4 50.0 92.9 3.6 21.4 25.0 14.3 28.6 10.7 3.6 10.7 21.4 25.0 103.6 -17.9
563 Nance, Pete CLE 3 1 2 53.0 14.3 50.0 28.6 7.1 35.7 20.0 14.3 14.3 100 0.0 35.7 35.7 14.3 28.6 0.0 7.1 0.0 14.3 7.1 50.0 -14.3
563 Sanogo, Adama CHI 3 0 3 44.2 4.2 54.2 7.7 0.0 16.7 0.0 0.0 0.0 0.0 0.0 33.3 33.3 4.2 45.8 16.7 0.0 16.7 20.8 0.0 8.3 -70.8
563 Tucker, P.J. PHI 3 2 1 47.7 37.4 87.8 42.6 7.2 23.7 30.3 13.7 20.9 65.5 10.1 30.9 41.0 22.3 13.7 10.1 5.0 9.4 20.1 18.7 95.7 -20.1
563 Warren, T.J. MIN 3 1 2 46.8 35.2 76.9 45.8 4.6 20.4 22.7 20.4 28.7 71.0 8.3 34.3 42.6 17.6 17.6 5.6 5.6 3.7 24.1 19.4 95.4 -20.4
563 Wigginton, Lindell MIL 3 3 0 44.9 47.1 105.9 44.4 11.8 41.2 28.6 17.6 17.6 100 23.5 41.2 64.7 41.2 5.9 11.8 0.0 5.9 5.9 11.8 123.5 58.8
563 Windler, Dylan NYK 3 2 1 46.5 12.5 87.5 14.3 0.0 62.5 0.0 6.3 25.0 25.0 12.5 50.0 62.5 6.3 12.5 6.3 0.0 0.0 6.3 18.8 31.3 -50.0
563 Wright, Delon MIA 3 2 1 51.0 45.0 91.7 49.0 15.6 34.9 44.7 11.0 12.8 85.7 14.7 27.5 42.2 26.6 14.7 10.1 4.6 4.6 24.8 12.8 116.5 -4.6
584 Bolden, Marques CHA 2 0 2 41.9 40.0 83.3 48.0 13.3 33.3 40.0 6.7 16.7 40.0 10.0 36.7 46.7 30.0 13.3 3.3 3.3 3.3 23.3 13.3 100.0 -6.7
584 Bolden, Marques MIL 2 2 0 37.0 12.5 87.5 14.3 12.5 37.5 33.3 25.0 25.0 100 25.0 0.0 25.0 12.5 12.5 0.0 0.0 0.0 0.0 12.5 62.5 -100.0
584 Diallo, Hamidou WAS 2 1 1 43.2 18.2 45.5 40.0 0.0 18.2 0.0 9.1 36.4 25.0 0.0 54.5 54.5 18.2 18.2 9.1 9.1 0.0 9.1 18.2 45.5 -36.4
584 Evbuomwan, Tosan DET 2 0 2 43.8 32.4 59.5 54.5 5.4 18.9 28.6 18.9 27.0 70.0 5.4 35.1 40.5 18.9 29.7 16.2 5.4 5.4 13.5 18.9 89.2 16.2
584 Gabriel, Wenyen MEM 2 0 2 51.4 33.3 87.9 37.9 12.1 45.5 26.7 7.6 10.6 71.4 7.6 39.4 47.0 24.2 19.7 9.1 7.6 1.5 21.2 16.7 86.4 -1.5
584 Green, Danny PHI 2 1 1 45.0 41.5 82.9 50.0 12.2 31.7 38.5 19.5 26.8 72.7 9.8 22.0 31.7 26.8 12.2 7.3 7.3 2.4 17.1 19.5 114.6 0.0
584 Gueye, Mouhamadou TOR 2 0 2 42.1 30.4 100.0 30.4 4.3 34.8 12.5 21.7 26.1 83.3 21.7 30.4 52.2 13.0 13.0 0.0 4.3 13.0 17.4 21.7 87.0 -4.3
584 Gueye, Mouhamed ATL 2 2 0 43.8 50.0 60.0 83.3 20.0 20.0 100 20.0 20.0 100 0.0 40.0 40.0 30.0 30.0 10.0 10.0 0.0 10.0 20.0 140.0 130.0
584 Harris, Kevon ORL 2 1 1 43.2 50.0 92.9 53.8 14.3 28.6 50.0 28.6 50.0 57.1 14.3 14.3 28.6 28.6 0.0 0.0 0.0 0.0 14.3 28.6 142.9 0.0
584 Jackson, Justin MIN 2 2 0 35.0 0.0 100.0 0.0 0.0 50.0 0.0 0.0 0.0 0.0 0.0 0.0 0.0 0.0 0.0 0.0 0.0 0.0 0.0 0.0 0.0 0.0
584 Jemison, Trey WAS 2 0 2 37.2 0.0 50.0 0.0 0.0 25.0 0.0 0.0 0.0 0.0 0.0 25.0 25.0 0.0 25.0 25.0 0.0 0.0 0.0 0.0 0.0 -75.0
584 Jerome, Ty CLE 2 1 1 49.4 56.7 83.3 68.0 3.3 6.7 50.0 36.7 46.7 78.6 10.0 36.7 46.7 23.3 6.7 10.0 10.0 0.0 10.0 33.3 153.3 46.7
584 Lofton Jr., Kenneth PHI 2 1 1 44.1 50.0 105.0 47.6 15.0 50.0 30.0 40.0 40.0 100 20.0 30.0 50.0 25.0 0.0 15.0 10.0 5.0 20.0 20.0 155.0 70.0
584 Martin, KJ LAC 2 2 0 47.5 37.9 87.9 43.1 13.6 31.8 42.9 10.6 15.2 70.0 7.6 33.3 40.9 21.2 15.2 6.1 9.1 4.5 21.2 13.6 100.0 6.1
584 Mills, Patty MIA 2 0 2 47.9 32.3 80.6 40.0 11.3 43.5 25.9 11.3 16.1 70.0 9.7 32.3 41.9 30.6 14.5 3.2 8.1 6.5 22.6 19.4 87.1 -35.5
584 Moon, Xavier LAC 2 2 0 44.4 50.0 92.3 54.2 15.4 42.3 36.4 11.5 11.5 100 3.8 34.6 38.5 23.1 3.8 15.4 7.7 3.8 0.0 11.5 126.9 50.0
584 Muscala, Mike OKC 2 1 1 46.6 28.2 71.8 39.3 7.7 30.8 25.0 17.9 25.6 70.0 2.6 35.9 38.5 20.5 15.4 7.7 0.0 2.6 10.3 23.1 82.1 -15.4
584 Petrusev, Filip SAC 2 1 1 51.0 30.8 84.6 36.4 7.7 38.5 20.0 15.4 15.4 100 15.4 30.8 46.2 30.8 15.4 7.7 0.0 0.0 30.8 15.4 84.6 -23.1
584 Potter, Micah UTA 2 1 1 48.4 46.7 86.7 53.8 33.3 40.0 83.3 0.0 0.0 0.0 13.3 60.0 73.3 46.7 13.3 6.7 6.7 0.0 6.7 0.0 126.7 86.7
584 Primo, Joshua LAC 2 2 0 42.8 41.7 100.0 41.7 4.2 37.5 11.1 8.3 16.7 50.0 8.3 25.0 33.3 20.8 8.3 16.7 4.2 8.3 8.3 12.5 95.8 4.2
584 Skapintsev, Dmytro NYK 2 0 2 53.3 25.0 75.0 33.3 0.0 0.0 0.0 25.0 25.0 100 0.0 75.0 75.0 25.0 0.0 0.0 0.0 0.0 0.0 25.0 75.0 0.0
584 Spencer, Pat GSW 2 0 2 55.8 33.3 83.3 40.0 0.0 16.7 0.0 33.3 33.3 100 33.3 66.7 100.0 16.7 16.7 0.0 16.7 0.0 0.0 16.7 100.0 66.7
584 Whitehead, Dariq BKN 2 1 1 43.6 56.4 89.1 63.3 25.5 49.1 51.9 12.7 18.2 70.0 12.7 32.7 45.5 43.6 9.1 5.5 12.7 3.6 14.5 12.7 150.9 40.0
584 Williams, Alondes MIA 2 2 0 40.9 30.4 69.6 43.8 4.3 30.4 14.3 21.7 26.1 83.3 4.3 34.8 39.1 26.1 13.0 21.7 4.3 0.0 8.7 17.4 87.0 34.8
584 Young, Thaddeus PHX 2 0 2 44.0 35.4 80.0 44.2 7.7 32.3 23.8 27.7 36.9 75.0 9.2 26.2 35.4 26.2 12.3 15.4 6.2 3.1 20.0 18.5 106.2 -4.6
609 Brockington, Izaiah NOP 1 1 0 42.3 50.0 125.0 40.0 0.0 25.0 0.0 12.5 12.5 100 37.5 37.5 75.0 25.0 0.0 0.0 12.5 12.5 12.5 12.5 112.5 -37.5
609 Cazalon, Malcolm DET 1 0 1 43.1 50.0 66.7 75.0 0.0 0.0 0.0 0.0 0.0 0.0 16.7 16.7 33.3 16.7 33.3 0.0 0.0 0.0 50.0 0.0 100.0 -83.3
609 Crutcher, Jalen NOP 1 1 0 53.0 40.0 100.0 40.0 0.0 60.0 0.0 20.0 20.0 100 0.0 20.0 20.0 40.0 0.0 0.0 20.0 0.0 0.0 20.0 100.0 -20.0
609 Flagler, Adam OKC 1 1 0 42.3 46.2 84.6 54.5 7.7 38.5 20.0 0.0 0.0 0.0 0.0 30.8 30.8 30.8 15.4 15.4 0.0 7.7 15.4 7.7 100.0 0.0
609 Gates, Kaiser NOP 1 0 1 46.5 37.5 100.0 37.5 12.5 31.3 40.0 6.3 12.5 50.0 31.3 50.0 81.3 6.3 25.0 6.3 18.8 0.0 12.5 6.3 93.8 12.5
609 Harper Jr., Ron TOR 1 1 0 45.6 62.5 100.0 62.5 0.0 12.5 0.0 87.5 112.5 77.8 12.5 25.0 37.5 50.0 0.0 12.5 0.0 12.5 0.0 75.0 212.5 112.5
609 Jarreau, DeJon MEM 1 0 1 49.3 42.1 86.0 49.0 21.1 47.4 44.4 7.0 7.0 100 5.3 43.9 49.1 29.8 15.8 5.3 5.3 1.8 19.3 10.5 112.3 14.0
609 Jones, Mason SAC 1 0 1 50.0 26.9 84.6 31.8 11.5 38.5 30.0 0.0 0.0 0.0 7.7 34.6 42.3 11.5 26.9 7.7 11.5 7.7 19.2 11.5 65.4 -38.5
609 Lewis Jr., Kira TOR 1 0 1 51.7 66.7 133.3 50.0 0.0 33.3 0.0 0.0 0.0 0.0 66.7 33.3 100.0 33.3 0.0 0.0 0.0 0.0 0.0 33.3 133.3 133.3
609 Milton, Shake NYK 1 1 0 60.8 0.0 50.0 0.0 0.0 50.0 0.0 0.0 0.0 0.0 0.0 0.0 0.0 0.0 50.0 0.0 0.0 0.0 50.0 0.0 0.0 -100.0
609 Nowell, Markquis TOR 1 0 1 50.2 28.6 71.4 40.0 14.3 42.9 33.3 0.0 0.0 0.0 0.0 28.6 28.6 14.3 28.6 14.3 28.6 0.0 28.6 14.3 71.4 -57.1
609 Peterson, Drew BOS 1 1 0 51.0 40.0 100.0 40.0 0.0 40.0 0.0 40.0 40.0 100 20.0 20.0 40.0 0.0 0.0 0.0 0.0 0.0 0.0 20.0 120.0 -40.0
609 Petrusev, Filip PHI 1 1 0 38.3 28.6 100.0 28.6 14.3 42.9 33.3 0.0 0.0 0.0 14.3 14.3 28.6 28.6 0.0 14.3 0.0 14.3 14.3 0.0 71.4 -42.9
609 Pokusevski, Aleksej CHA 1 1 0 48.4 31.3 106.3 29.4 6.3 43.8 14.3 12.5 12.5 100 25.0 18.8 43.8 12.5 18.8 6.3 6.3 6.3 18.8 12.5 81.3 -43.8
609 Preston, Jason UTA 1 0 1 41.1 0.0 100.0 0.0 0.0 33.3 0.0 0.0 0.0 0.0 0.0 33.3 33.3 0.0 0.0 0.0 0.0 33.3 0.0 0.0 0.0 0.0
609 Ramsey, Jahmi'us TOR 1 0 1 43.8 58.3 166.7 35.0 16.7 50.0 33.3 8.3 8.3 100 58.3 33.3 91.7 25.0 0.0 8.3 8.3 16.7 16.7 8.3 141.7 58.3
609 Smart, Javonte PHI 1 1 0 66.7 100.0 300.0 33.3 100.0 200.0 50.0 0.0 0.0 0.0 200.0 0.0 200.0 100.0 0.0 0.0 0.0 0.0 0.0 0.0 300.0 300.0
609 Theis, Daniel IND 1 1 0 44.4 36.8 73.7 50.0 10.5 31.6 33.3 21.1 21.1 100 5.3 52.6 57.9 15.8 15.8 5.3 15.8 5.3 10.5 15.8 105.3 0.0