PLAYER TEAM AGE GP W L MIN %FGA
2PT %FGA
3PT %PTS
2PT %PTS
2PT MR %PTS
3PT %PTS
FBPS %PTS
FT %PTS
OFFTO %PTS
PITP 2FGM
%AST 2FGM
%UAST 3FGM
%AST 3FGM
%UAST FGM
%AST FGM
%UAST














1 Austin Reaves LAL 25 66 36 30 31.6 57.1 42.9 47.5 8.6 34.6 15.2 17.9 12.2 38.8 38.5 61.5 67.5 32.5 48.0 52.0
1 Buddy Hield PHI 31 66 35 31 27.0 32.4 67.6 29.1 4.1 66.3 20.7 4.6 20.7 25.0 69.4 30.6 91.3 8.7 82.6 17.4
3 Bobby Portis MIL 29 65 42 23 24.0 71.5 28.5 63.6 16.3 26.5 7.9 9.9 11.2 47.3 52.7 47.3 98.7 1.3 62.8 37.2
3 Dennis Schroder BKN 30 65 24 41 30.5 60.2 39.8 47.5 15.1 36.9 6.8 15.6 12.7 32.4 37.4 62.6 86.5 13.5 54.2 45.8
3 Mikal Bridges BKN 27 65 26 39 35.4 57.1 42.9 45.7 9.3 37.1 12.8 17.2 13.8 36.5 49.8 50.2 86.3 13.7 62.6 37.4
3 Naz Reid MIN 24 65 44 21 23.5 52.0 48.0 43.5 1.0 46.5 11.9 10.0 15.6 42.5 63.0 37.0 100 0.0 78.4 21.6
3 Nickeil Alexander-Walker MIN 25 65 44 21 23.3 37.9 62.1 33.1 4.6 59.1 11.1 7.8 12.4 28.5 51.9 48.1 96.8 3.2 76.3 23.7
3 Obi Toppin IND 26 65 36 29 21.9 56.8 43.2 54.6 1.2 36.1 20.8 9.3 16.9 53.4 80.4 19.6 100 0.0 86.4 13.6
9 Andre Drummond CHI 30 64 31 33 17.1 99.2 0.8 81.7 0.4 0.0 4.4 18.3 16.5 81.4 54.9 45.1 0.0 0.0 54.9 45.1
9 Cason Wallace OKC 20 64 45 19 20.4 45.7 54.3 42.6 6.4 52.2 19.5 5.2 16.7 36.2 68.8 31.2 100 0.0 82.8 17.2
9 Chet Holmgren OKC 21 64 45 19 30.1 63.5 36.5 55.6 4.8 29.4 7.9 15.0 12.8 50.7 64.0 36.0 97.2 2.8 72.7 27.3
9 Christian Braun DEN 22 64 44 20 19.1 67.4 32.6 54.0 2.7 28.6 23.6 17.4 18.4 51.2 69.7 30.3 97.6 2.4 77.0 23.0
9 Coby White CHI 24 64 31 33 36.9 51.9 48.1 41.7 7.0 43.8 16.7 14.5 16.8 34.8 29.7 70.3 85.3 14.7 52.6 47.4
9 Cole Anthony ORL 23 64 37 27 23.0 65.1 34.9 51.7 12.3 26.4 10.8 21.9 15.7 39.5 27.8 72.2 87.9 12.1 43.1 56.9
9 Collin Sexton UTA 25 64 28 36 25.4 67.4 32.6 49.0 4.3 27.6 18.8 23.4 16.9 44.7 44.6 55.4 80.4 19.6 54.3 45.7
9 Georges Niang CLE 30 64 41 23 21.7 38.0 62.0 35.7 4.2 57.7 11.4 6.6 8.4 31.5 70.6 29.4 98.2 1.8 84.9 15.1
9 Jalen Green HOU 22 64 29 35 30.8 56.0 44.0 46.5 8.5 35.0 16.7 18.5 15.6 38.0 37.0 63.0 60.6 39.4 44.9 55.1
9 Jeremy Sochan SAS 20 64 14 50 29.6 72.1 27.9 62.3 3.5 24.5 13.7 13.2 12.7 58.8 60.7 39.3 98.3 1.7 68.5 31.5
9 Jonas Valanciunas NOP 31 64 39 25 24.9 83.3 16.7 71.2 10.0 12.5 2.3 16.3 7.8 61.2 59.7 40.3 100 0.0 63.9 36.1
9 Paul Reed PHI 24 64 36 28 18.7 88.0 12.0 79.6 7.5 11.9 4.2 8.5 12.7 72.1 62.4 37.6 88.9 11.1 64.8 35.2
9 Reggie Jackson DEN 33 64 44 20 22.3 62.7 37.3 56.1 10.9 35.8 8.7 8.1 12.2 45.3 39.2 60.8 77.9 22.1 50.8 49.2
9 Tyus Jones WAS 27 64 11 53 29.2 61.9 38.1 56.1 9.8 40.0 17.9 3.9 16.9 46.3 41.9 58.1 79.6 20.4 54.1 45.9
23 Alperen Sengun HOU 21 63 29 34 32.5 88.7 11.3 74.2 4.5 7.4 4.9 18.4 13.3 69.7 62.6 37.4 100 0.0 64.9 35.1
23 Ausar Thompson DET 21 63 10 53 25.1 76.5 23.5 75.9 5.4 11.3 19.1 12.8 15.6 70.5 67.3 32.7 95.2 4.8 69.8 30.2
23 Cedi Osman SAS 28 63 13 50 17.4 42.9 57.1 41.3 2.9 50.6 17.1 8.1 12.8 38.5 70.1 29.9 97.2 2.8 82.3 17.7
23 Domantas Sabonis SAC 27 63 36 27 35.8 91.7 8.3 76.5 3.5 6.9 6.6 16.6 12.0 73.0 59.7 40.3 93.1 6.9 61.6 38.4
23 Donte DiVincenzo NYK 27 63 37 26 26.6 30.4 69.6 26.0 1.6 67.7 15.0 6.3 18.6 24.4 63.2 36.8 91.6 8.4 81.3 18.8
23 Harrison Barnes SAC 31 63 36 27 29.2 46.2 53.8 39.4 5.5 45.3 9.2 15.3 11.7 33.9 62.0 38.0 96.5 3.5 77.0 23.0
23 Josh Giddey OKC 21 63 45 18 24.6 71.5 28.5 64.9 6.7 25.1 15.2 10.0 13.5 58.2 55.8 44.2 96.7 3.3 64.2 35.8
23 Josh Hart NYK 29 63 36 27 31.8 57.9 42.1 51.9 2.1 37.3 19.5 10.8 15.3 49.7 59.6 40.4 88.6 11.4 69.0 31.0
23 Malik Beasley MIL 27 63 40 23 29.8 25.5 74.5 21.1 3.9 76.4 13.4 2.5 17.4 17.2 63.2 36.8 94.5 5.5 85.3 14.7
23 Michael Porter Jr. DEN 25 63 44 19 31.7 47.8 52.2 44.1 15.3 49.8 15.6 6.1 14.9 28.8 73.9 26.1 96.0 4.0 83.4 16.6
23 Moritz Wagner ORL 26 63 36 27 18.3 79.6 20.4 67.3 0.6 12.4 4.0 20.3 16.6 66.8 80.2 19.8 96.6 3.4 82.0 18.0
23 Ochai Agbaji TOR 23 63 29 34 19.2 45.2 54.8 44.2 3.5 48.8 23.5 7.0 13.7 40.7 80.3 19.7 98.2 1.8 87.9 12.1
23 Paolo Banchero ORL 21 63 36 27 34.9 76.3 23.7 58.2 14.3 19.8 13.1 22.0 16.1 43.9 34.8 65.2 68.4 31.6 41.1 58.9
23 Pascal Siakam IND 29 63 27 36 34.0 78.0 22.0 66.8 8.5 16.3 14.3 16.9 11.0 58.3 50.9 49.1 97.3 2.7 57.4 42.6
23 Payton Pritchard BOS 26 63 49 14 20.3 33.3 66.7 31.1 7.2 62.9 11.2 6.0 11.2 24.0 34.6 65.4 85.7 14.3 63.9 36.1
23 Saddiq Bey ATL 24 63 28 35 32.7 48.6 51.4 41.0 2.1 39.3 14.8 19.7 16.9 38.9 49.2 50.8 98.2 1.8 68.3 31.7
23 Shai Gilgeous-Alexander OKC 25 63 45 18 34.4 82.8 17.2 62.0 13.9 12.9 11.8 25.1 16.7 48.2 22.9 77.1 38.1 61.9 24.7 75.3
23 Taurean Prince LAL 29 63 34 29 28.5 36.2 63.8 31.7 3.8 61.7 15.3 6.6 13.8 27.9 87.9 12.1 93.2 6.8 90.9 9.1
41 Anthony Davis LAL 31 62 35 27 35.8 93.0 7.0 73.7 8.9 3.7 7.6 22.6 13.5 64.9 67.7 32.3 94.7 5.3 68.5 31.5
41 Anthony Edwards MIN 22 62 42 20 35.1 66.1 33.9 50.8 10.4 28.4 15.1 20.8 14.5 40.4 33.3 66.7 54.5 45.5 39.1 60.9
41 Ayo Dosunmu CHI 24 62 31 31 27.4 56.8 43.2 50.4 6.0 41.1 23.5 8.5 19.7 44.4 57.4 42.6 90.2 9.8 69.0 31.0
41 Bogdan Bogdanovic ATL 31 62 28 34 29.6 40.4 59.6 34.1 7.9 55.4 16.2 10.5 14.8 26.2 60.5 39.5 89.1 10.9 75.3 24.7
41 Brook Lopez MIL 35 62 41 21 31.2 47.4 52.6 45.5 3.1 43.5 1.6 11.0 6.2 42.4 73.9 26.1 100 0.0 84.0 16.0
41 Corey Kispert WAS 25 62 11 51 23.0 38.7 61.3 38.2 2.1 50.2 15.4 11.6 14.1 36.1 71.2 28.8 95.3 4.7 82.5 17.5
41 DeMar DeRozan CHI 34 62 30 32 37.9 82.8 17.2 59.5 24.8 12.7 4.1 27.8 13.6 34.7 28.1 71.9 88.5 11.5 35.7 64.3
41 Giannis Antetokounmpo MIL 29 62 40 22 35.0 90.4 9.6 71.2 6.0 5.2 18.0 23.6 12.7 65.2 50.7 49.3 48.5 51.5 50.6 49.4
41 Jonathan Kuminga GSW 21 62 32 30 25.8 80.2 19.8 67.8 4.9 12.8 16.7 19.4 13.9 62.9 61.3 38.7 92.9 7.1 64.8 35.2
41 Jordan Poole WAS 24 62 11 51 29.3 53.1 46.9 45.5 8.2 39.3 17.6 15.2 15.3 37.3 47.2 52.8 66.4 33.6 54.2 45.8
41 Kelly Olynyk TOR 32 62 29 33 20.9 66.8 33.2 53.2 3.8 26.0 9.8 20.8 12.6 49.4 51.1 48.9 97.8 2.2 62.6 37.4
41 Kyle Anderson MIN 30 62 43 19 22.3 88.5 11.5 73.9 7.2 6.2 8.5 19.9 10.9 66.7 49.0 51.0 100 0.0 51.7 48.3
41 Kyle Kuzma WAS 28 62 11 51 32.2 64.3 35.7 57.5 7.9 30.5 17.8 12.0 15.6 49.6 55.4 44.6 80.3 19.7 61.9 38.1
41 Luguentz Dort OKC 24 62 43 19 28.4 40.2 59.8 30.7 3.3 56.4 14.1 12.9 17.3 27.4 62.7 37.3 99.2 0.8 82.8 17.2
41 Malik Monk SAC 26 62 36 26 26.2 51.6 48.4 42.8 7.4 42.6 15.4 14.6 13.1 35.4 45.7 54.3 79.0 21.0 59.0 41.0
41 Nikola Jokic DEN 29 62 43 19 34.2 83.2 16.8 70.6 7.8 11.9 3.3 17.5 9.5 62.8 56.8 43.2 78.1 21.9 59.0 41.0
41 Norman Powell LAC 30 62 40 22 25.9 49.4 50.6 39.1 6.8 48.2 13.5 12.7 15.7 32.4 67.3 32.7 92.0 8.0 78.4 21.6
41 Peyton Watson DEN 21 62 43 19 18.4 62.6 37.4 57.3 3.8 28.9 25.4 13.8 15.5 53.5 81.1 18.9 97.6 2.4 85.3 14.7
41 Rudy Gobert MIN 31 62 43 19 33.9 99.4 0.6 76.2 0.2 0.0 4.9 23.8 14.1 76.0 68.6 31.4 0.0 0.0 68.6 31.4
41 Sam Hauser BOS 26 62 49 13 20.7 13.7 86.3 13.3 1.7 83.6 14.3 3.1 11.4 11.6 75.0 25.0 98.5 1.5 94.0 6.0
41 Simone Fontecchio DET 28 62 27 35 24.2 38.8 61.2 33.9 1.6 58.5 13.1 7.6 13.4 32.3 73.6 26.4 97.5 2.5 86.4 13.6
62 Aaron Holiday HOU 27 61 28 33 16.5 47.1 52.9 37.8 8.0 52.2 7.0 10.0 12.2 29.9 26.3 73.7 84.3 15.7 54.1 45.9
62 Aaron Wiggins OKC 25 61 44 17 14.6 63.0 37.0 53.1 1.1 37.4 13.3 9.5 16.4 52.0 69.0 31.0 95.7 4.3 77.6 22.4
62 D'Angelo Russell LAL 28 61 36 25 31.9 52.3 47.7 41.8 8.9 47.2 14.7 11.0 14.1 32.9 36.5 63.5 74.0 26.0 52.6 47.4
62 Dejounte Murray ATL 27 61 27 34 35.2 64.3 35.7 55.4 13.8 31.8 11.8 12.8 12.7 41.6 27.4 72.6 68.8 31.2 38.8 61.2
62 Deni Avdija WAS 23 61 11 50 28.8 71.1 28.9 57.6 2.6 25.3 19.4 17.1 11.3 54.9 59.9 40.1 90.1 9.9 66.8 33.2
62 Jevon Carter CHI 28 61 30 31 13.6 36.6 63.4 33.6 17.4 65.4 14.4 1.0 17.4 16.1 66.0 34.0 87.7 12.3 78.3 21.7
62 Kevin Huerter SAC 25 61 35 26 24.9 39.5 60.5 38.5 3.4 55.9 16.8 5.6 15.7 35.1 80.6 19.4 95.0 5.0 87.7 12.3
62 Kevon Looney GSW 28 61 33 28 16.9 99.5 0.5 83.5 2.9 0.0 3.6 16.5 10.4 80.6 66.4 33.6 0.0 0.0 66.4 33.6
62 Myles Turner IND 27 61 34 27 27.3 65.8 34.2 56.4 7.9 23.6 6.8 20.0 9.5 48.6 79.3 20.7 100 0.0 83.8 16.2
62 Royce O'Neale PHX 30 61 26 35 25.5 20.3 79.7 16.4 0.8 79.2 10.5 4.4 19.1 15.5 71.8 28.2 92.9 7.1 87.9 12.1
62 Tim Hardaway Jr. DAL 31 61 35 26 28.5 39.3 60.7 31.6 13.2 55.3 14.9 13.1 13.6 18.4 67.3 32.7 85.7 14.3 77.2 22.8
73 Bilal Coulibaly WAS 19 60 11 49 27.0 58.0 42.0 47.2 2.4 36.3 20.8 16.5 17.5 44.8 62.4 37.6 95.0 5.0 73.4 26.6
73 Cameron Payne PHI 29 60 35 25 16.3 44.8 55.2 37.3 7.9 50.3 8.2 12.4 9.8 29.4 41.3 58.8 86.1 13.9 62.5 37.5
73 Damian Lillard MIL 33 60 42 18 35.0 50.6 49.4 35.7 7.4 37.3 8.2 27.0 11.1 28.2 21.6 78.4 52.2 47.8 34.2 65.8
73 Dario Saric GSW 29 60 32 28 17.8 48.9 51.1 41.4 3.6 43.5 4.6 15.1 11.3 37.8 65.4 34.6 100 0.0 79.7 20.3
73 Grant Williams CHA 25 60 30 30 27.4 38.9 61.1 32.5 2.9 54.3 11.0 13.2 13.3 29.6 74.2 25.8 96.0 4.0 85.6 14.4
73 Isaiah Joe OKC 24 60 42 18 18.4 26.8 73.2 24.2 8.2 68.9 15.4 6.9 19.3 16.0 76.3 23.7 97.3 2.7 90.1 9.9
73 Jayson Tatum BOS 26 60 47 13 35.9 56.8 43.2 44.6 9.9 35.0 11.5 20.4 15.6 34.7 36.7 63.3 46.8 53.2 40.1 59.9
73 Jeff Green HOU 37 60 27 33 16.3 63.8 36.2 48.9 6.7 23.6 7.3 27.5 13.8 42.1 69.0 31.0 89.3 10.7 73.9 26.1
73 John Collins UTA 26 60 26 34 28.3 68.5 31.5 63.1 3.9 23.9 10.1 13.0 13.0 59.2 74.0 26.0 98.6 1.4 79.0 21.0
73 Jusuf Nurkic PHX 29 60 37 23 27.2 83.3 16.7 71.4 1.4 9.0 2.4 19.6 12.1 70.0 62.8 37.2 100 0.0 65.7 34.3
73 Karl-Anthony Towns MIN 28 60 41 19 32.8 66.0 34.0 50.9 5.1 30.3 4.9 18.8 13.9 45.8 63.9 36.1 97.0 3.0 73.3 26.7
73 Keldon Johnson SAS 24 60 14 46 29.6 58.6 41.4 49.9 3.3 34.7 14.5 15.4 14.0 46.6 47.9 52.1 91.0 9.0 61.5 38.5
73 Klay Thompson GSW 34 60 30 30 29.6 39.2 60.8 31.9 15.0 58.1 11.7 10.0 11.6 16.9 72.0 28.0 94.5 5.5 84.3 15.7
73 Matisse Thybulle POR 27 60 17 43 23.3 27.1 72.9 25.6 0.6 67.9 17.3 6.5 17.0 25.0 65.1 34.9 100 0.0 87.4 12.6
73 Max Strus CLE 27 60 39 21 32.2 33.7 66.3 32.5 1.6 59.0 16.4 8.5 18.4 30.9 68.1 31.9 97.2 2.8 84.0 16.0
73 Mike Conley MIN 36 60 42 18 28.9 36.5 63.5 26.1 3.5 62.1 11.1 11.8 12.3 22.6 45.1 54.9 82.3 17.7 67.9 32.1
73 Patrick Beverley MIL 35 60 36 24 19.2 53.2 46.8 44.4 2.2 39.5 5.8 16.1 12.9 42.2 33.3 66.7 81.3 18.8 51.2 48.8
73 Scottie Barnes TOR 22 60 22 38 34.9 68.6 31.4 58.1 7.1 25.4 15.4 16.5 13.2 51.0 46.2 53.8 91.1 8.9 56.4 43.6
73 Spencer Dinwiddie LAL 30 60 27 33 29.4 43.7 56.3 34.7 2.1 45.2 8.9 20.1 7.7 32.6 15.7 84.3 73.0 27.0 42.3 57.7
73 Toumani Camara POR 23 60 18 42 24.1 60.6 39.4 51.9 0.9 32.8 18.7 15.3 17.3 51.0 51.8 48.2 100 0.0 66.0 34.0
93 Anthony Black ORL 20 59 32 27 18.4 62.3 37.7 48.6 5.5 34.9 17.1 16.5 20.5 43.2 73.2 26.8 94.1 5.9 80.0 20.0
93 Bennedict Mathurin IND 21 59 33 26 26.1 67.7 32.3 50.5 8.2 28.0 15.9 21.5 17.2 42.3 58.3 41.7 75.0 25.0 62.8 37.2
93 Derrick Jones Jr. DAL 27 59 33 26 23.7 50.4 49.6 47.1 1.1 38.7 15.0 14.2 15.4 45.9 74.2 25.8 100 0.0 83.3 16.7
93 Derrick White BOS 29 59 47 12 32.2 42.6 57.4 36.0 2.9 51.0 11.6 13.0 12.5 33.1 41.9 58.1 77.5 22.5 59.2 40.8
93 Duncan Robinson MIA 29 59 33 26 28.3 31.0 69.0 26.5 1.0 64.1 12.4 9.4 16.7 25.5 74.3 25.7 91.7 8.3 85.0 15.0
93 Gary Trent Jr. TOR 25 59 22 37 27.3 43.9 56.1 34.3 12.1 59.8 19.6 5.9 15.7 22.3 60.0 40.0 91.7 8.3 77.0 23.0
93 Herbert Jones NOP 25 59 37 22 29.4 54.7 45.3 44.0 2.1 41.1 21.8 14.9 21.4 41.9 60.3 39.7 95.6 4.4 73.8 26.2
93 Immanuel Quickley TOR 24 59 26 33 28.7 51.4 48.6 37.5 7.8 46.4 18.2 16.1 16.4 29.7 40.1 59.9 70.0 30.0 53.6 46.4
93 Jabari Smith Jr. HOU 20 59 28 31 32.1 55.3 44.7 46.6 10.2 39.0 12.7 14.4 11.7 36.4 62.3 37.7 94.1 5.9 73.7 26.3
93 Jaden Ivey DET 22 59 10 49 28.3 62.5 37.5 49.5 5.9 30.4 20.1 20.1 13.2 43.6 42.7 57.3 87.0 13.0 55.5 44.5
93 Jalen Brunson NYK 27 59 36 23 35.3 67.8 32.2 51.6 12.7 29.1 8.2 19.3 11.9 39.0 23.3 76.7 58.1 41.9 32.8 67.2
93 Jarrett Allen CLE 25 59 39 20 31.6 99.2 0.8 81.0 3.6 0.0 7.2 19.0 11.8 77.5 80.1 19.9 0.0 0.0 80.1 19.9
93 Keegan Murray SAC 23 59 34 25 32.9 49.7 50.3 46.4 9.0 43.9 16.0 9.7 16.7 37.4 75.1 24.9 96.9 3.1 83.5 16.5
93 Malaki Branham SAS 20 59 12 47 20.8 59.2 40.8 52.5 10.4 39.1 11.0 8.4 18.2 42.1 61.7 38.3 95.7 4.3 73.0 27.0
93 Nikola Vucevic CHI 33 59 29 30 34.5 74.3 25.7 72.6 14.6 19.9 1.6 7.5 10.6 58.1 73.5 26.5 100 0.0 77.6 22.4
93 Pat Connaughton MIL 31 59 38 21 21.7 29.2 70.8 28.9 0.6 62.3 7.5 8.8 16.3 28.3 62.5 37.5 95.7 4.3 82.1 17.9
93 Stephen Curry GSW 35 59 33 26 32.8 38.7 61.3 29.3 8.1 54.7 9.1 16.0 14.0 21.3 38.2 61.8 58.6 41.4 49.5 50.5
93 Tre Jones SAS 24 59 13 46 26.4 69.1 30.9 63.2 3.9 22.1 17.2 14.7 16.5 59.2 41.5 58.5 87.8 12.2 50.2 49.8
111 Aaron Gordon DEN 28 58 39 19 31.4 81.2 18.8 71.8 2.3 11.6 12.5 16.6 11.3 69.5 63.8 36.2 80.6 19.4 65.4 34.6
111 Brandon Ingram NOP 26 58 35 23 33.2 76.2 23.8 61.3 24.5 19.6 7.9 19.1 13.7 36.8 40.5 59.5 76.5 23.5 46.9 53.1
111 Devin Vassell SAS 23 58 13 45 32.3 56.9 43.1 48.8 14.2 38.5 15.8 12.7 11.4 34.7 59.4 40.6 82.1 17.9 67.2 32.8
111 Drew Eubanks PHX 27 58 31 27 15.9 98.5 1.5 77.8 0.6 2.8 2.2 19.4 7.3 77.2 81.3 18.7 100 0.0 81.7 18.3
111 Grayson Allen PHX 28 58 34 24 33.6 35.0 65.0 25.5 0.3 61.3 14.2 13.2 11.8 25.2 58.3 41.7 89.6 10.4 77.6 22.4
111 Isaiah Hartenstein NYK 25 58 35 23 25.0 98.8 1.2 78.8 0.5 0.8 5.8 20.4 11.1 78.3 64.1 35.9 100 0.0 64.3 35.7
111 Jaime Jaquez Jr. MIA 23 58 34 24 29.4 72.0 28.0 63.2 4.6 21.5 15.5 15.3 16.3 58.6 50.9 49.1 98.1 1.9 59.6 40.4
111 Jalen Suggs ORL 22 58 33 25 26.6 45.3 54.7 38.3 6.2 50.3 16.2 11.4 21.0 32.1 46.3 53.7 85.7 14.3 64.7 35.3
111 Jalen Williams OKC 22 58 40 18 31.6 75.4 24.6 62.3 10.3 23.9 14.1 13.8 19.1 52.0 39.8 60.2 73.9 26.1 46.8 53.2
111 James Harden LAC 34 58 38 20 34.7 40.9 59.1 27.0 4.1 47.5 10.8 25.5 11.5 22.8 16.1 83.9 45.3 54.7 31.9 68.1
111 Jaylen Brown BOS 27 58 44 14 33.4 67.2 32.8 59.5 10.3 27.0 18.7 13.5 14.4 49.2 41.9 58.1 63.9 36.1 47.0 53.0
111 Jrue Holiday BOS 33 58 45 13 33.2 54.6 45.4 44.4 6.2 47.8 13.8 7.8 10.7 38.3 48.2 51.8 73.9 26.1 58.9 41.1
111 Kentavious Caldwell-Pope DEN 31 58 41 17 31.8 50.1 49.9 38.8 14.8 45.5 20.1 15.7 17.0 23.9 78.3 21.7 95.6 4.4 85.9 14.1
111 Russell Westbrook LAC 35 58 38 20 22.6 75.7 24.3 68.6 5.9 17.3 17.8 14.1 13.7 62.7 37.7 62.3 89.2 10.8 45.1 54.9
111 Tobias Harris PHI 31 58 35 23 34.1 73.8 26.2 63.3 8.9 20.8 17.8 15.9 14.7 54.4 43.1 56.9 94.3 5.7 52.3 47.7
126 Brandon Miller CHA 21 57 14 43 32.1 56.6 43.4 47.9 14.9 41.7 16.1 10.4 13.7 33.0 48.9 51.1 93.3 6.7 65.2 34.8
126 Daniel Gafford DAL 25 57 16 41 24.7 100 0.0 83.1 2.0 0.0 6.7 16.9 12.0 81.1 73.5 26.5 0.0 0.0 73.5 26.5
126 Franz Wagner ORL 22 57 34 23 33.1 68.7 31.3 60.1 2.6 21.7 13.2 18.2 17.2 57.5 41.2 58.8 79.5 20.5 48.6 51.4
126 Fred VanVleet HOU 30 57 28 29 36.8 41.5 58.5 30.1 13.0 53.9 15.8 16.0 14.4 17.0 21.0 79.0 57.3 42.7 40.8 59.2
126 Jabari Walker POR 21 57 16 41 22.1 72.3 27.7 62.7 2.9 17.4 8.5 19.9 16.4 59.8 60.9 39.1 100 0.0 67.0 33.0
126 Jaren Jackson Jr. MEM 24 57 19 38 32.0 67.4 32.6 52.2 1.6 24.6 3.7 23.2 16.3 50.7 47.9 52.1 94.3 5.7 59.0 41.0
126 Kawhi Leonard LAC 32 57 38 19 34.6 70.7 29.3 57.3 13.2 27.0 12.6 15.7 15.8 44.2 44.9 55.1 65.9 34.1 49.9 50.1
126 Kevin Durant PHX 35 57 32 25 37.2 73.1 26.9 57.0 23.9 23.4 12.7 19.6 13.7 33.1 47.8 52.2 79.4 20.6 54.6 45.4
126 Keyonte George UTA 20 57 24 33 25.6 44.6 55.4 32.6 6.3 48.9 13.2 18.5 13.6 26.3 39.5 60.5 70.2 29.8 54.8 45.2
126 LeBron James LAL 39 57 31 26 35.1 70.4 29.6 58.3 6.1 25.8 20.4 15.9 14.1 52.2 44.7 55.3 69.4 30.6 50.3 49.7
126 Paul George LAC 33 57 38 19 34.0 51.4 48.6 40.8 15.1 44.3 10.3 14.9 15.5 25.7 47.9 52.1 72.0 28.0 58.0 42.0
126 Precious Achiuwa NYK 24 57 28 29 23.0 77.9 22.1 72.7 1.3 15.1 10.7 12.2 15.5 71.4 59.0 41.0 95.8 4.2 63.5 36.5
126 Terance Mann LAC 27 57 38 19 25.3 56.5 43.5 54.9 3.0 33.8 23.6 11.3 15.5 51.9 63.6 36.4 96.2 3.8 73.1 26.9
139 Aaron Nesmith IND 24 56 31 25 27.1 46.9 53.1 37.8 3.5 50.7 17.2 11.5 17.9 34.4 67.7 32.3 98.3 1.7 82.1 17.9
139 Clint Capela ATL 29 56 26 30 25.3 100 0.0 83.9 0.0 0.0 6.7 16.1 13.7 83.9 66.3 33.7 0.0 0.0 66.3 33.7
139 Dorian Finney-Smith BKN 30 56 23 33 28.4 32.6 67.4 29.9 0.4 65.3 17.6 4.8 14.4 29.5 77.3 22.7 98.2 1.8 89.7 10.3
139 Jaden Hardy DAL 21 56 31 25 14.4 51.0 49.0 41.2 8.3 48.6 16.9 10.2 17.6 32.9 43.8 56.2 81.4 18.6 60.4 39.6
139 Julian Champagnie SAS 22 56 11 45 17.0 28.4 71.6 21.8 0.6 63.6 13.6 14.6 12.4 21.2 86.1 13.9 97.1 2.9 93.4 6.6
139 Kris Dunn UTA 29 56 25 31 18.4 64.8 35.2 59.3 1.3 35.0 12.3 5.7 15.3 58.0 29.2 70.8 97.1 2.9 48.4 51.6
139 Luka Doncic DAL 25 56 33 23 37.6 56.5 43.5 45.5 11.7 34.0 8.9 20.5 13.3 33.8 14.9 85.1 29.5 70.5 19.8 80.2
139 P.J. Washington DAL 25 56 16 40 29.8 50.6 49.4 48.9 1.9 40.1 10.7 11.0 15.0 47.0 79.6 20.4 93.9 6.1 84.6 15.4
139 Victor Wembanyama SAS 20 56 13 43 28.7 68.8 31.2 56.7 9.7 24.3 11.7 19.0 14.7 47.1 75.4 24.6 79.8 20.2 76.4 23.6
148 Alec Burks NYK 32 55 11 44 19.7 41.2 58.8 24.7 8.9 54.1 9.0 21.2 8.5 15.8 51.3 48.7 77.2 22.8 66.7 33.3
148 Alex Caruso CHI 30 55 27 28 27.5 39.1 60.9 35.7 2.3 53.0 14.4 11.3 17.9 33.5 47.9 52.1 87.1 12.9 67.4 32.6
148 Brandin Podziemski GSW 21 55 28 27 26.8 60.6 39.4 53.3 2.3 38.6 13.6 8.1 16.1 51.0 55.3 44.7 75.0 25.0 61.7 38.3
148 David Roddy PHX 22 55 18 37 20.8 59.1 40.9 53.8 1.5 34.9 15.0 11.3 16.0 52.3 60.4 39.6 97.9 2.1 71.7 28.3
148 De'Aaron Fox SAC 26 55 32 23 35.7 63.8 36.2 53.1 7.7 30.5 12.4 16.4 14.5 45.5 18.0 82.0 63.6 36.4 30.6 69.4
148 Dillon Brooks HOU 28 55 25 30 31.3 53.2 46.8 42.2 5.6 43.9 16.3 13.9 11.8 36.6 59.3 40.7 96.2 3.8 74.4 25.6
148 Isaac Okoro CLE 23 55 35 20 26.9 56.5 43.5 47.2 1.1 38.2 28.7 14.6 16.3 46.1 78.6 21.4 98.5 1.5 85.6 14.4
148 Jaden McDaniels MIN 23 55 36 19 29.3 60.3 39.7 58.5 6.9 34.3 16.3 7.2 17.1 51.6 59.8 40.2 98.5 1.5 70.6 29.4
148 Jaxson Hayes LAL 23 55 31 24 11.5 93.7 6.3 84.0 0.9 0.0 11.3 16.0 12.7 83.0 85.4 14.6 0.0 0.0 85.4 14.6
148 Jordan Hawkins NOP 21 55 33 22 19.5 34.3 65.7 25.1 9.6 62.2 16.9 12.7 15.3 15.5 74.6 25.4 99.0 1.0 89.8 10.2
148 Nic Claxton BKN 24 55 21 34 29.6 99.1 0.9 86.4 1.5 0.4 8.9 13.2 12.3 84.9 72.9 27.1 100 0.0 72.9 27.1
148 Tyrese Maxey PHI 23 55 35 20 37.4 59.8 40.2 46.0 4.3 35.2 15.0 18.8 16.7 41.6 34.3 65.7 63.1 36.9 44.1 55.9
160 Andrew Wiggins GSW 29 54 26 28 26.7 69.3 30.7 58.6 9.8 27.2 10.0 14.2 11.3 48.8 61.4 38.6 93.4 6.6 69.0 31.0
160 Bam Adebayo MIA 26 54 30 24 34.6 98.3 1.7 76.2 9.9 0.3 8.3 23.5 11.8 66.4 58.9 41.1 100 0.0 59.0 41.0
160 Dean Wade CLE 27 54 36 18 20.5 12.9 87.1 11.7 2.1 81.4 13.7 6.9 17.5 9.6 64.7 35.3 98.7 1.3 92.7 7.3
160 Jae'Sean Tate HOU 28 54 23 31 16.9 65.2 34.8 62.9 0.0 27.5 10.0 9.6 17.5 62.9 55.6 44.4 100 0.0 65.6 34.4
160 Josh Okogie PHX 25 54 33 21 17.1 54.3 45.7 41.9 0.7 30.3 11.2 27.8 19.5 41.2 62.5 37.5 100 0.0 74.7 25.3
160 Malachi Flynn DET 25 54 26 28 11.3 45.1 54.9 37.6 6.4 49.5 15.1 12.9 24.8 31.2 34.1 65.9 83.3 16.7 57.1 42.9
160 Marcus Sasser DET 23 54 8 46 16.2 53.8 46.2 45.2 14.6 46.0 10.3 8.8 12.1 30.7 37.8 62.2 67.2 32.8 49.7 50.3
160 Nick Richards CHA 26 54 11 43 26.3 99.7 0.3 78.8 1.5 0.0 8.7 21.2 8.7 77.3 64.6 35.4 0.0 0.0 64.6 35.4
160 T.J. McConnell IND 31 54 29 25 17.7 94.0 6.0 87.8 15.7 4.3 5.2 7.9 12.2 72.2 29.6 70.4 71.4 28.6 30.9 69.1
169 Al Horford BOS 37 53 41 12 26.7 38.0 62.0 38.2 2.4 57.2 10.9 4.6 9.4 35.7 68.4 31.6 100 0.0 84.2 15.8
169 Cade Cunningham DET 22 53 6 47 33.8 70.6 29.4 56.5 16.7 26.3 7.9 17.2 10.4 39.8 25.4 74.6 69.5 30.5 35.9 64.1
169 Davion Mitchell SAC 25 53 31 22 13.6 49.2 50.8 47.3 9.3 44.3 13.9 8.4 11.4 38.0 46.4 53.6 97.1 2.9 65.9 34.1
169 Eric Gordon PHX 35 53 31 22 29.5 36.7 63.3 33.7 0.9 59.1 10.4 7.2 14.8 32.8 61.7 38.3 92.8 7.2 78.4 21.6
169 Jerami Grant POR 29 53 17 36 33.9 67.5 32.5 47.9 11.6 29.5 10.7 22.6 16.4 36.3 44.8 55.2 97.3 2.7 60.1 39.9
169 Jordan Clarkson UTA 31 53 22 31 30.5 61.7 38.3 51.7 7.2 29.4 8.7 18.9 9.9 44.5 36.7 63.3 71.1 28.9 46.2 53.8
169 Miles Bridges CHA 25 53 13 40 37.4 63.0 37.0 54.6 7.3 33.4 9.5 12.0 14.9 47.4 57.0 43.0 86.5 13.5 65.5 34.5
169 Onyeka Okongwu ATL 23 53 23 30 25.8 81.5 18.5 70.8 0.7 12.2 4.1 17.0 11.3 70.1 77.6 22.4 100 0.0 79.9 20.1
169 Santi Aldama MEM 23 53 20 33 25.7 47.6 52.4 44.1 2.9 47.8 11.8 8.1 11.5 41.2 68.3 31.7 95.5 4.5 79.7 20.3
169 Zion Williamson NOP 23 53 32 21 30.7 98.2 1.8 77.7 0.3 1.3 12.4 21.0 16.0 77.4 47.4 52.6 100 0.0 47.9 52.1
179 Bruce Brown TOR 27 52 25 27 28.1 69.9 30.1 60.6 6.4 22.5 22.8 16.9 14.3 54.2 60.0 40.0 90.5 9.5 66.0 34.0
179 Caris LeVert CLE 29 52 32 20 28.0 59.0 41.0 49.0 5.8 35.9 13.1 15.1 18.1 43.1 39.8 60.2 74.4 25.6 51.1 48.9
179 Doug McDermott IND 32 52 14 38 14.7 19.2 80.8 14.9 3.4 81.4 13.9 3.7 12.2 11.5 90.9 9.1 97.5 2.5 96.1 3.9
179 Dwight Powell DAL 32 52 30 22 14.4 97.9 2.1 67.7 0.0 1.5 2.0 30.8 14.1 67.7 65.7 34.3 100 0.0 66.2 33.8
179 Dyson Daniels NOP 20 52 30 22 21.9 57.0 43.0 55.6 2.1 33.3 12.8 11.1 23.3 53.5 50.0 50.0 100 0.0 64.3 35.7
179 Goga Bitadze ORL 24 52 27 25 17.4 93.8 6.2 79.9 0.0 2.1 3.5 18.0 17.0 79.9 65.2 34.8 100 0.0 65.8 34.2
179 Jaylin Williams OKC 21 52 37 15 12.6 36.6 63.4 28.9 3.0 59.7 5.0 11.4 16.9 25.9 75.9 24.1 100 0.0 89.9 10.1
179 Kenrich Williams OKC 29 52 38 14 14.3 46.4 53.6 42.8 2.8 55.8 12.1 1.4 15.3 40.0 80.4 19.6 97.5 2.5 88.4 11.6
179 Max Christie LAL 21 52 28 24 15.8 50.5 49.5 42.0 9.9 44.4 11.5 13.6 12.8 32.1 66.7 33.3 97.2 2.8 79.3 20.7
179 Naji Marshall NOP 26 52 34 18 18.9 59.5 40.5 46.7 3.7 36.6 12.7 16.7 15.4 43.0 55.7 44.3 95.7 4.3 69.4 30.6
179 RJ Barrett TOR 23 52 24 28 31.5 70.1 29.9 57.4 2.6 25.2 20.9 17.4 15.8 54.9 60.7 39.3 98.8 1.2 69.3 30.7
179 Rui Hachimura LAL 26 52 29 23 25.5 65.5 34.5 56.7 7.4 32.2 17.2 11.1 13.5 49.4 81.1 18.9 98.6 1.4 85.9 14.1
179 Tyrese Haliburton IND 24 52 29 23 32.1 50.0 50.0 44.0 12.2 41.9 10.4 14.1 13.4 31.8 29.0 71.0 44.4 55.6 35.0 65.0
179 Vince Williams Jr. MEM 23 52 18 34 27.6 44.9 55.1 34.5 1.2 45.5 13.1 20.0 19.2 33.4 51.1 48.9 92.4 7.6 70.4 29.6
179 Walker Kessler UTA 22 52 25 27 23.3 93.7 6.3 86.8 0.0 2.7 8.7 10.5 12.3 86.8 73.7 26.3 100 0.0 74.2 25.8
179 Zach Collins SAS 26 52 11 41 23.3 68.9 31.1 61.7 4.7 23.3 2.9 15.0 11.5 57.0 68.3 31.7 100 0.0 74.7 25.3
195 Amir Coffey LAC 26 51 36 15 18.9 51.2 48.8 43.1 3.9 42.4 22.5 14.5 17.4 39.2 80.6 19.4 95.5 4.5 86.5 13.5
195 Andrew Nembhard IND 24 51 30 21 23.8 70.0 30.0 65.8 16.2 27.6 12.9 6.6 13.4 49.6 38.7 61.3 90.5 9.5 50.0 50.0
195 Ivica Zubac LAC 26 51 32 19 26.2 100 0.0 85.7 0.0 0.0 3.4 14.3 11.4 85.7 76.5 23.5 0.0 0.0 76.5 23.5
195 Joe Ingles ORL 36 51 32 19 17.3 31.4 68.6 21.9 0.9 69.7 10.1 8.4 12.3 21.1 44.0 56.0 94.3 5.7 78.2 21.8
195 Josh Green DAL 23 51 29 22 27.2 50.0 50.0 44.5 4.1 47.0 25.5 8.5 15.2 40.5 72.4 27.6 95.7 4.3 82.0 18.0
195 Kelly Oubre Jr. PHI 28 51 29 22 29.3 62.3 37.7 54.9 3.8 28.3 18.3 16.8 16.8 51.1 56.4 43.6 87.1 12.9 64.2 35.8
195 Lauri Markkanen UTA 26 51 22 29 32.9 50.0 50.0 39.3 3.9 41.8 8.7 18.9 11.0 35.4 74.0 26.0 98.2 1.8 84.1 15.9
195 Miles McBride NYK 23 51 30 21 14.8 44.3 55.7 35.8 9.1 57.3 14.5 6.9 19.1 26.7 32.2 67.8 85.7 14.3 59.8 40.2
195 Trae Young ATL 25 51 22 29 36.5 53.6 46.4 37.1 7.9 37.7 9.2 25.2 13.8 29.2 24.5 75.5 33.7 66.3 28.2 71.8
195 Ziaire Williams MEM 22 51 20 31 20.3 50.0 50.0 43.8 7.1 41.4 12.4 14.8 13.6 36.7 64.1 35.9 89.7 10.3 74.0 26.0
205 Bryce McGowens CHA 21 50 9 41 15.8 54.6 45.4 45.0 3.9 34.9 19.0 20.1 15.5 41.1 46.6 53.4 96.7 3.3 63.6 36.4
205 Cam Thomas BKN 22 50 18 32 29.8 67.4 32.6 52.1 16.2 29.9 10.0 18.0 10.3 35.9 45.8 54.2 72.6 27.4 53.3 46.7
205 Chris Boucher TOR 31 50 16 34 14.1 56.7 43.3 49.1 1.2 28.9 18.3 22.0 15.2 47.8 59.5 40.5 100 0.0 70.9 29.1
205 Christian Wood LAL 28 50 28 22 17.4 56.8 43.2 50.7 2.9 30.3 10.1 19.0 10.4 47.8 76.1 23.9 97.1 2.9 82.1 17.9
205 Devin Booker PHX 27 50 31 19 35.8 70.1 29.9 53.7 20.3 24.0 14.2 22.3 11.3 33.4 35.7 64.3 60.0 40.0 41.3 58.8
205 Jakob Poeltl TOR 28 50 21 29 26.4 100 0.0 89.4 2.9 0.0 7.2 10.6 12.1 86.5 79.8 20.2 0.0 0.0 79.8 20.2
205 Trayce Jackson-Davis GSW 24 50 27 23 13.5 100 0.0 84.9 1.2 0.0 7.3 15.1 9.9 83.7 74.7 25.3 0.0 0.0 74.7 25.3
212 Cameron Johnson BKN 28 49 19 30 27.7 43.6 56.4 36.5 5.9 53.4 13.9 10.1 13.5 30.6 60.2 39.8 95.8 4.2 77.8 22.2
212 Dennis Smith Jr. BKN 26 49 19 30 19.7 68.8 31.2 63.3 5.4 24.2 17.3 12.5 19.7 57.9 43.4 56.6 85.2 14.8 51.9 48.1
212 Duop Reath POR 27 49 14 35 18.3 49.7 50.3 44.8 1.7 44.0 8.2 11.2 10.6 43.1 65.4 34.6 98.5 1.5 78.5 21.5
212 JT Thor CHA 21 49 12 37 12.6 55.8 44.2 48.2 7.1 46.8 12.8 5.0 14.9 41.1 70.6 29.4 100 0.0 82.1 17.9
212 John Konchar MEM 27 49 16 33 20.0 42.9 57.1 44.4 0.0 47.0 20.2 8.6 22.2 44.4 70.5 29.5 100 0.0 82.7 17.3
212 Keita Bates-Diop BKN 28 49 29 20 13.3 58.2 41.8 52.3 2.1 32.3 14.4 15.4 9.7 50.3 62.7 37.3 95.2 4.8 72.2 27.8
212 Moses Moody GSW 21 49 26 23 17.9 52.8 47.2 48.8 5.0 37.3 12.9 13.9 15.7 43.8 58.2 41.8 88.0 12.0 68.2 31.8
212 Quentin Grimes DET 23 49 30 19 20.2 26.4 73.6 22.4 1.1 69.8 22.7 7.8 14.1 21.3 71.8 28.2 96.3 3.7 88.3 11.7
212 Zeke Nnaji DEN 23 49 34 15 9.8 83.8 16.2 64.2 0.0 9.4 7.5 26.4 12.6 64.2 58.8 41.2 100 0.0 62.5 37.5
221 Andre Jackson Jr. MIL 22 48 30 18 10.5 54.5 45.5 53.9 7.0 39.1 25.2 7.0 13.9 47.0 51.6 48.4 100 0.0 67.4 32.6
221 CJ McCollum NOP 32 48 32 16 31.3 46.3 53.7 36.9 9.2 53.7 15.0 9.4 16.1 27.7 40.2 59.8 76.1 23.9 57.9 42.1
221 Caleb Houstan ORL 21 48 24 24 14.5 6.9 93.1 6.5 0.9 84.7 15.3 8.8 15.3 5.6 57.1 42.9 98.4 1.6 94.1 5.9
221 Daniel Theis LAC 31 48 34 14 17.2 77.5 22.5 70.7 2.0 19.0 8.7 10.3 9.7 68.7 81.1 18.9 100 0.0 84.0 16.0
221 Day'Ron Sharpe BKN 22 48 20 28 15.5 94.9 5.1 77.6 0.0 3.5 7.9 18.9 10.5 77.6 63.9 36.1 100 0.0 65.0 35.0
221 Garrison Mathews ATL 27 48 22 26 13.1 9.8 90.2 7.2 3.6 84.9 4.8 7.9 19.9 3.6 83.3 16.7 97.9 2.1 96.2 3.8
221 Haywood Highsmith MIA 27 48 28 20 19.8 40.1 59.9 36.0 3.0 56.2 11.6 7.8 15.7 33.0 66.7 33.3 100 0.0 83.7 16.3
221 Isaiah Jackson IND 22 48 29 19 13.5 98.0 2.0 80.2 3.0 0.0 9.0 19.8 15.3 77.2 79.1 20.9 0.0 0.0 79.1 20.9
221 Jalen Duren DET 20 48 10 38 29.8 99.3 0.7 85.1 0.3 0.0 10.0 14.9 9.6 84.8 67.9 32.1 0.0 0.0 67.9 32.1
221 Jalen Johnson ATL 22 48 24 24 34.0 72.2 27.8 66.0 3.5 22.3 17.4 11.7 18.0 62.5 71.0 29.0 98.2 1.8 76.0 24.0
221 Jamal Murray DEN 27 48 35 13 31.8 65.3 34.7 52.8 20.4 34.7 9.5 12.5 14.2 32.4 34.1 65.9 59.0 41.0 41.7 58.3
221 Trey Lyles SAC 28 48 28 20 20.0 31.5 68.5 28.1 1.1 59.3 6.0 12.6 10.6 26.9 71.4 28.6 100 0.0 88.1 11.9
233 Caleb Martin MIA 28 47 26 21 27.2 60.9 39.1 49.0 7.3 39.2 11.2 11.8 10.0 41.6 59.2 40.8 90.6 9.4 70.1 29.9
233 Donovan Mitchell CLE 27 47 32 15 35.7 55.5 44.5 44.9 11.4 36.3 17.5 18.8 15.2 33.5 24.7 75.3 54.7 45.3 35.2 64.8
233 KJ Martin PHI 23 47 25 22 11.5 83.1 16.9 79.3 0.0 11.0 26.8 9.7 25.0 79.3 80.0 20.0 100 0.0 81.7 18.3
233 Kevin Love MIA 35 47 26 21 17.5 30.5 69.5 28.7 2.4 52.2 5.2 19.1 16.2 26.4 59.0 41.0 98.6 1.4 80.7 19.3
233 Terry Rozier MIA 29 47 14 33 34.0 59.6 40.4 50.4 11.6 34.2 11.5 15.4 13.2 38.8 29.7 70.3 66.7 33.3 41.2 58.8
233 Trendon Watford BKN 23 47 19 28 11.5 78.7 21.3 66.2 3.0 16.9 13.5 16.9 8.3 63.2 45.5 54.5 93.3 6.7 52.4 47.6
239 Jordan Goodwin MEM 25 46 25 21 15.9 60.5 39.5 53.5 8.2 34.6 9.1 11.9 18.1 45.3 33.8 66.2 89.3 10.7 50.5 49.5
239 Julius Randle NYK 29 46 29 17 35.4 70.8 29.2 57.9 6.9 20.7 12.7 21.4 12.7 51.0 42.3 57.7 86.8 13.2 50.9 49.1
239 Kristaps Porzingis BOS 28 46 35 11 29.8 60.4 39.6 47.9 4.9 28.7 5.4 23.4 9.3 43.0 71.6 28.4 98.9 1.1 79.4 20.6
239 Landry Shamet WAS 26 46 6 40 15.8 42.7 57.3 39.8 11.0 48.6 14.7 11.6 13.8 28.7 73.8 26.2 92.5 7.5 82.2 17.8
239 Larry Nance Jr. NOP 31 46 27 19 18.8 71.6 28.4 62.2 1.6 25.1 5.2 12.7 12.7 60.6 78.2 21.8 95.2 4.8 81.8 18.2
239 Sam Merrill CLE 27 46 31 15 16.3 11.7 88.3 7.8 0.0 88.2 11.5 4.0 16.2 7.8 78.6 21.4 95.2 4.8 93.3 6.7
245 Amen Thompson HOU 21 45 18 27 19.7 82.0 18.0 76.4 3.9 6.7 24.7 16.9 18.0 72.5 47.1 52.9 87.5 12.5 49.3 50.7
245 Dereck Lively II DAL 20 45 26 19 24.6 99.2 0.8 90.5 0.5 0.0 9.0 9.5 10.5 90.0 80.1 19.9 0.0 0.0 80.1 19.9
245 Jalen Smith IND 23 45 26 19 17.8 63.9 36.1 57.8 3.0 30.8 9.9 11.4 11.6 54.8 68.1 31.9 100 0.0 76.5 23.5
245 Jimmy Butler MIA 34 45 23 22 34.2 82.8 17.2 54.4 8.2 13.8 11.7 31.8 14.8 46.2 46.6 53.4 77.8 22.2 51.1 48.9
245 Kyle Lowry PHI 37 45 24 21 28.3 34.4 65.6 27.0 4.3 60.6 11.1 12.4 15.6 22.6 52.0 48.0 81.3 18.7 69.6 30.4
245 Luke Kornet BOS 28 45 34 11 14.7 100 0.0 85.5 0.9 0.0 7.5 14.5 9.7 84.6 69.1 30.9 0.0 0.0 69.1 30.9
245 MarJon Beauchamp MIL 23 45 29 16 13.1 54.2 45.8 47.2 9.2 43.1 19.0 9.7 18.5 37.9 58.7 41.3 96.4 3.6 73.0 27.0
252 James Wiseman DET 22 44 5 39 14.7 98.9 1.1 87.5 2.9 0.0 13.2 12.5 15.8 84.6 73.9 26.1 0.0 0.0 73.9 26.1
252 Jonathan Isaac ORL 26 44 27 17 14.9 64.6 35.4 55.9 3.6 26.9 8.2 17.2 15.1 52.3 64.1 35.9 100 0.0 72.8 27.2
252 Lonnie Walker IV BKN 25 44 20 24 18.2 44.7 55.3 34.5 7.3 57.2 19.3 8.3 19.1 27.2 45.9 54.1 74.5 25.5 60.9 39.1
252 Marvin Bagley III WAS 24 44 4 40 21.2 95.3 4.7 79.5 3.5 3.0 6.7 17.5 16.1 76.0 64.9 35.1 100 0.0 65.7 34.3
252 Scoot Henderson POR 20 44 15 29 27.0 66.8 33.2 50.2 9.9 28.1 13.3 21.7 14.3 40.3 30.3 69.7 66.0 34.0 40.0 60.0
252 Seth Curry CHA 33 44 25 19 14.0 47.1 52.9 37.2 18.6 50.4 9.3 12.4 15.5 18.6 50.0 50.0 86.8 13.2 67.5 32.5
252 Troy Brown Jr. DET 24 44 28 16 11.2 30.8 69.2 27.9 6.7 60.3 7.3 11.8 15.6 21.2 48.0 52.0 88.9 11.1 72.1 27.9
259 Blake Wesley SAS 20 43 11 32 13.3 76.5 23.5 73.1 1.1 8.6 30.3 18.3 34.3 72.0 57.8 42.2 100 0.0 60.9 39.1
259 Chris Duarte SAC 26 43 25 18 13.2 42.3 57.7 32.4 4.6 55.5 8.7 12.1 17.9 27.7 71.4 28.6 87.5 12.5 80.0 20.0
259 Gradey Dick TOR 20 43 16 27 17.4 39.2 60.8 34.2 7.8 57.7 24.9 8.1 14.6 26.3 81.3 18.8 100 0.0 91.2 8.8
259 Ish Smith CHA 35 43 6 37 17.2 94.9 5.1 89.2 28.8 8.6 11.5 2.2 14.4 60.4 38.7 61.3 75.0 25.0 40.9 59.1
259 Jose Alvarado NOP 25 43 29 14 17.2 42.4 57.6 36.1 2.7 54.2 13.7 9.7 16.1 33.4 55.6 44.4 90.7 9.3 73.1 26.9
259 Josh Richardson MIA 30 43 24 19 25.6 45.2 54.8 41.4 8.0 46.6 11.8 12.0 13.9 33.4 51.1 48.9 97.0 3.0 70.8 29.2
259 Khris Middleton MIL 32 43 27 16 26.3 61.2 38.8 53.1 26.7 34.4 8.0 12.5 10.8 26.4 36.1 63.9 74.0 26.0 47.5 52.5
259 Kris Murray POR 23 43 9 34 16.8 50.5 49.5 52.5 0.0 37.9 15.7 9.6 21.7 52.5 48.1 51.9 100 0.0 64.9 35.1
259 Nicolas Batum PHI 35 43 26 17 24.5 28.9 71.1 27.1 2.6 66.8 2.6 6.1 10.0 24.5 58.1 41.9 100 0.0 84.1 15.9
259 Patrick Williams CHI 22 43 19 24 27.3 58.8 41.2 46.6 11.7 41.3 11.4 12.1 15.9 35.0 55.0 45.0 96.6 3.4 70.4 29.6
259 Shake Milton NYK 27 43 28 15 12.9 66.7 33.3 56.6 7.8 24.9 20.0 18.5 22.0 48.8 62.1 37.9 94.1 5.9 69.3 30.7
259 Vasilije Micic CHA 30 43 29 14 15.9 59.4 40.6 60.1 11.2 25.8 9.9 14.1 12.4 48.9 35.7 64.3 65.0 35.0 42.2 57.8
271 AJ Green MIL 24 42 29 13 9.6 13.5 86.5 12.1 6.6 82.4 6.6 5.5 6.0 5.5 90.9 9.1 92.0 8.0 91.8 8.2
271 Killian Hayes DET 22 42 7 35 24.0 73.9 26.1 65.7 24.2 22.8 10.4 11.5 13.8 41.5 48.4 51.6 86.4 13.6 55.6 44.4
271 Kyrie Irving DAL 31 42 25 17 34.3 63.8 36.2 52.5 13.8 35.3 12.8 12.2 11.8 38.7 36.7 63.3 70.6 29.4 47.2 52.8
271 Mo Bamba PHI 25 42 22 20 11.4 73.5 26.5 61.3 3.7 25.8 4.3 12.9 15.3 57.7 64.0 36.0 100 0.0 71.9 28.1
275 Dalen Terry CHI 21 41 19 22 9.9 45.2 54.8 46.3 2.1 34.7 24.2 19.0 26.3 44.2 45.5 54.5 90.9 9.1 60.6 39.4
275 Danilo Gallinari MIL 35 41 13 28 13.6 50.3 49.7 36.8 12.0 33.6 4.0 29.6 8.8 24.8 50.0 50.0 85.7 14.3 63.5 36.5
275 Deandre Ayton POR 25 41 11 30 31.8 99.8 0.2 92.7 20.6 0.0 6.1 7.3 14.5 72.1 74.2 25.8 0.0 0.0 74.2 25.8
275 Gary Harris ORL 29 41 26 15 23.1 32.1 67.9 30.8 4.1 59.6 10.3 9.6 11.3 26.7 77.8 22.2 98.3 1.7 89.3 10.7
275 Isaiah Stewart DET 22 41 7 34 30.9 55.3 44.7 48.1 1.3 38.8 5.1 13.1 10.7 46.8 72.2 27.8 100 0.0 81.9 18.1
275 OG Anunoby NYK 26 41 23 18 34.2 52.5 47.5 48.5 6.1 41.1 22.6 10.4 17.1 42.4 70.4 29.6 95.3 4.7 79.4 20.6
275 Talen Horton-Tucker UTA 23 41 11 30 19.6 61.8 38.2 48.8 2.9 33.7 16.1 17.5 12.9 45.9 27.0 73.0 80.4 19.6 43.8 56.2
282 Anfernee Simons POR 24 40 10 30 34.5 52.5 47.5 39.8 8.3 44.6 11.9 15.6 13.8 31.5 17.6 82.4 61.0 39.0 36.2 63.8
282 Ben Sheppard IND 22 40 21 19 12.0 31.9 68.1 28.4 3.7 63.0 21.6 8.6 17.9 24.7 52.2 47.8 100 0.0 80.7 19.3
282 Cam Reddish LAL 24 40 22 18 22.2 53.0 47.0 42.7 1.6 42.3 19.4 15.0 25.4 41.1 71.7 28.3 100 0.0 83.0 17.0
282 Craig Porter Jr. CLE 24 40 26 14 13.7 86.4 13.6 73.5 17.1 12.2 12.2 14.3 17.1 56.3 33.3 66.7 80.0 20.0 38.0 62.0
282 Darius Garland CLE 24 40 24 16 33.1 59.4 40.6 48.0 10.3 35.6 10.8 16.4 13.5 37.8 33.1 66.9 67.0 33.0 44.4 55.6
282 De'Andre Hunter ATL 26 40 19 21 28.3 55.9 44.1 41.2 12.4 39.2 9.2 19.6 12.9 28.8 64.3 35.7 88.8 11.3 73.8 26.2
282 Julian Strawther DEN 21 40 27 13 12.4 37.5 62.5 35.9 3.9 55.3 17.0 8.8 12.6 32.0 62.2 37.8 94.7 5.3 78.7 21.3
282 Justin Holiday DEN 34 40 25 15 14.7 29.0 71.0 28.4 10.3 69.7 20.0 1.9 18.7 18.1 72.7 27.3 97.2 2.8 87.9 12.1
282 Oshae Brissett BOS 25 40 33 7 10.7 60.9 39.1 51.4 1.4 24.3 16.9 24.3 16.2 50.0 63.2 36.8 100 0.0 72.0 28.0
291 Bojan Bogdanovic NYK 34 39 7 32 30.3 49.9 50.1 39.0 11.2 46.7 15.3 14.3 12.6 27.8 60.4 39.6 89.2 10.8 73.2 26.8
291 Chris Paul GSW 38 39 20 19 26.9 50.2 49.8 40.9 23.3 47.7 3.7 11.4 14.8 17.6 19.4 80.6 66.1 33.9 39.8 60.2
291 Cody Zeller NOP 31 39 23 16 7.7 95.0 5.0 65.8 0.0 4.1 8.2 30.1 11.0 65.8 54.2 45.8 100 0.0 56.0 44.0
291 Draymond Green GSW 34 39 22 17 26.5 64.8 35.2 52.8 1.7 34.6 3.9 12.6 12.9 51.1 77.7 22.3 92.7 7.3 82.2 17.8
291 JaVale McGee SAC 36 39 23 16 8.0 96.6 3.4 85.4 1.2 0.0 3.5 14.6 16.4 84.2 79.5 20.5 0.0 0.0 79.5 20.5
291 Jordan McLaughlin MIN 27 39 23 16 9.2 38.3 61.7 27.0 1.8 67.6 8.1 5.4 29.7 25.2 80.0 20.0 96.0 4.0 90.0 10.0
291 Kessler Edwards SAC 23 39 24 15 4.9 37.7 62.3 31.0 3.4 62.1 8.6 6.9 27.6 27.6 55.6 44.4 100 0.0 81.0 19.0
291 Malcolm Brogdon POR 31 39 15 24 28.7 59.9 40.1 44.4 11.1 40.1 9.8 15.5 12.1 33.3 25.7 74.3 75.6 24.4 44.5 55.5
291 Mike Muscala OKC 32 39 9 30 13.5 36.2 63.8 30.3 4.1 57.9 2.8 11.8 9.7 26.2 68.2 31.8 100 0.0 86.0 14.0
291 Nick Smith Jr. CHA 19 39 8 31 15.5 48.9 51.1 32.2 9.9 63.2 9.1 4.6 16.5 22.3 38.5 61.5 88.2 11.8 66.7 33.3
291 Trey Murphy III NOP 23 39 25 14 27.1 27.3 72.7 25.3 1.5 62.2 20.9 12.5 15.6 23.9 66.7 33.3 90.3 9.7 81.3 18.7
302 Cam Whitmore HOU 19 38 16 22 17.8 53.8 46.2 47.4 4.3 39.8 22.6 12.8 16.3 43.0 57.8 42.2 93.4 6.6 70.6 29.4
302 Chuma Okeke ORL 25 38 17 21 10.4 26.9 73.1 31.1 1.9 67.0 15.5 1.9 17.5 29.1 75.0 25.0 95.7 4.3 87.2 12.8
302 Dante Exum DAL 28 38 22 16 19.0 68.0 32.0 55.1 1.9 31.6 17.6 13.3 17.3 53.3 55.1 44.9 97.1 2.9 66.7 33.3
302 Evan Mobley CLE 22 38 24 14 31.1 91.8 8.2 79.6 2.7 5.6 9.1 14.8 13.0 76.9 73.7 26.3 100 0.0 74.9 25.1
302 Jaden Springer BOS 21 38 23 15 10.5 69.0 31.0 60.6 7.6 18.2 25.8 21.2 20.5 53.0 47.5 52.5 87.5 12.5 54.2 45.8
302 Jock Landale HOU 28 38 16 22 9.3 76.7 23.3 66.0 0.0 12.4 6.2 21.6 16.5 66.0 59.4 40.6 100 0.0 63.9 36.1
302 Julian Phillips CHI 20 38 19 19 7.5 50.0 50.0 48.7 5.1 38.5 15.4 12.8 16.7 43.6 73.7 26.3 100 0.0 82.8 17.2
302 Keon Ellis SAC 24 38 23 15 12.0 21.7 78.3 21.2 3.0 70.5 15.2 8.3 12.9 18.2 71.4 28.6 93.5 6.5 86.7 13.3
302 Wendell Carter Jr. ORL 24 38 20 18 26.2 63.0 37.0 52.4 3.2 30.8 5.2 16.8 10.9 49.2 72.2 27.8 97.8 2.2 79.4 20.6
302 Xavier Tillman BOS 25 38 17 21 19.7 74.9 25.1 73.3 0.9 17.6 6.3 9.1 18.6 72.4 82.7 17.3 100 0.0 85.1 14.9
312 Chimezie Metu PHX 26 37 22 15 12.1 60.8 39.2 55.1 3.2 24.3 16.2 20.6 23.8 51.9 82.4 17.6 100 0.0 86.4 13.6
312 Desmond Bane MEM 25 37 14 23 34.5 54.0 46.0 45.8 8.8 40.8 15.7 13.4 16.3 36.9 40.6 59.4 61.8 38.2 48.5 51.5
312 Jacob Gilyard BKN 25 37 10 27 17.7 16.7 83.3 10.4 5.8 88.4 9.8 1.2 15.0 4.6 11.1 88.9 82.4 17.6 71.7 28.3
312 Jericho Sims NYK 25 37 23 14 13.8 100 0.0 85.4 0.0 0.0 0.0 14.6 9.0 85.4 63.2 36.8 0.0 0.0 63.2 36.8
312 Marcus Morris Sr. PHI 34 37 22 15 17.2 56.1 43.9 43.7 20.2 43.7 5.7 12.6 13.8 23.5 44.4 55.6 97.2 2.8 65.6 34.4
317 Dalano Banton POR 24 36 21 15 12.5 65.3 34.7 52.7 2.7 28.1 22.8 19.2 12.5 50.0 30.5 69.5 85.7 14.3 45.0 55.0
317 De'Anthony Melton PHI 25 36 23 13 27.8 40.5 59.5 29.5 3.4 54.5 20.3 16.0 14.3 26.2 47.5 52.5 80.0 20.0 65.4 34.6
317 Delon Wright MIA 31 36 8 28 14.2 67.9 32.1 48.3 5.4 32.2 13.4 19.5 26.2 43.0 33.3 66.7 81.3 18.8 48.1 51.9
317 Jalen McDaniels TOR 26 36 10 26 9.0 50.9 49.1 52.5 0.0 33.3 21.2 14.2 20.2 52.5 76.9 23.1 90.9 9.1 81.1 18.9
317 Tristan Thompson CLE 32 36 24 12 12.4 98.9 1.1 90.4 0.0 0.0 1.5 9.6 3.0 90.4 54.1 45.9 0.0 0.0 54.1 45.9
317 Tyler Herro MIA 24 36 19 17 33.6 54.8 45.2 44.3 13.1 46.9 14.6 8.8 13.1 31.2 41.0 59.0 80.3 19.7 57.2 42.8
323 Bismack Biyombo OKC 31 35 17 18 21.4 100 0.0 85.0 0.0 0.0 7.5 15.0 18.1 85.0 76.5 23.5 0.0 0.0 76.5 23.5
323 Bradley Beal PHX 30 35 21 14 32.6 69.4 30.6 59.5 14.0 27.4 10.5 13.1 17.2 45.6 43.8 56.3 84.7 15.3 53.4 46.6
323 Furkan Korkmaz PHI 26 35 22 13 8.6 47.4 52.6 36.4 2.3 47.7 15.9 15.9 35.2 34.1 75.0 25.0 71.4 28.6 73.3 26.7
323 Gordon Hayward OKC 33 35 15 20 27.2 80.2 19.8 64.0 18.1 18.9 15.1 17.1 19.9 45.8 56.7 43.3 92.0 8.0 62.5 37.5
323 Jordan Nwora TOR 25 35 13 22 10.8 55.8 44.2 49.0 3.1 35.9 16.1 15.1 21.4 45.8 66.0 34.0 87.0 13.0 72.9 27.1
323 Omer Yurtseven UTA 25 35 15 20 9.1 81.9 18.1 81.8 1.8 10.9 2.7 7.3 13.6 80.0 62.2 37.8 100 0.0 65.3 34.7
323 Sandro Mamukelashvili SAS 24 35 8 27 6.4 52.1 47.9 56.1 2.4 29.3 13.4 14.6 23.2 53.7 60.9 39.1 100 0.0 71.0 29.0
323 Sasha Vezenkov SAC 28 35 18 17 12.6 39.4 60.6 36.7 1.0 58.2 8.7 5.1 9.7 35.7 77.8 22.2 97.4 2.6 87.8 12.2
323 Torrey Craig CHI 33 35 14 21 20.6 39.7 60.3 33.0 2.9 56.8 10.2 10.2 11.2 30.1 52.9 47.1 94.9 5.1 75.3 24.7
332 Anthony Gill WAS 31 34 6 28 5.2 74.5 25.5 63.6 0.0 13.6 15.2 22.8 21.2 63.6 61.9 38.1 100 0.0 66.7 33.3
332 Danuel House Jr. PHI 30 34 21 13 15.0 52.4 47.6 44.4 4.2 31.3 33.3 24.3 20.8 40.3 71.9 28.1 93.3 6.7 78.7 21.3
332 Jae Crowder MIL 33 34 19 15 24.2 37.9 62.1 36.0 9.5 55.5 8.1 8.5 12.8 26.5 92.1 7.9 94.9 5.1 93.5 6.5
332 Joel Embiid PHI 29 34 26 8 34.0 85.1 14.9 60.1 18.7 10.2 5.8 29.7 9.1 41.5 53.2 46.8 80.5 19.5 56.0 44.0
332 Kobe Brown LAC 24 34 25 9 8.4 38.1 61.9 39.3 3.3 59.0 18.0 1.7 13.1 36.1 75.0 25.0 100 0.0 87.5 12.5
332 Nassir Little PHX 24 34 21 13 12.5 43.9 56.1 44.8 1.5 42.5 25.4 12.7 21.6 43.3 80.0 20.0 100 0.0 87.8 12.2
332 Yuta Watanabe MEM 29 34 18 16 13.7 26.7 73.3 27.4 3.4 64.1 20.5 8.5 22.2 23.9 56.3 43.8 100 0.0 82.9 17.1
339 Johnny Davis WAS 22 33 4 29 9.8 80.0 20.0 70.3 5.4 20.3 28.4 9.4 21.6 64.9 53.8 46.2 100 0.0 61.3 38.7
339 Luke Kennard MEM 27 33 12 21 24.9 23.0 77.0 15.0 5.0 74.4 12.5 10.6 16.4 10.0 74.1 25.9 94.4 5.6 89.7 10.3
339 Olivier-Maxence Prosper DAL 21 33 19 14 7.9 54.1 45.9 43.4 2.4 28.9 27.7 27.7 13.3 41.0 66.7 33.3 100 0.0 76.9 23.1
339 Richaun Holmes WAS 30 33 10 23 11.6 99.0 1.0 81.8 1.5 2.2 9.5 16.0 8.8 80.3 73.2 26.8 100 0.0 73.7 26.3
343 Eugene Omoruyi WAS 27 32 4 28 7.4 75.5 24.5 69.6 2.9 13.0 16.7 17.4 30.4 66.7 62.5 37.5 100 0.0 66.7 33.3
343 Luka Samanic UTA 24 32 13 19 7.0 57.1 42.9 50.0 2.1 28.1 12.5 21.9 9.4 47.9 79.2 20.8 100 0.0 84.8 15.2
343 Shaedon Sharpe POR 20 32 8 24 33.1 58.5 41.5 45.5 9.8 35.3 13.5 19.2 19.2 35.7 46.6 53.4 71.7 28.3 55.1 44.9
343 Skylar Mays LAL 26 32 11 21 13.1 65.4 34.6 60.1 11.8 31.4 7.2 8.5 15.0 48.4 26.1 73.9 87.5 12.5 41.9 58.1
347 GG Jackson MEM 19 31 9 22 21.2 50.3 49.7 39.8 1.7 43.1 14.4 17.1 19.6 38.1 61.1 38.9 94.2 5.8 75.0 25.0
347 Kevin Knox II DET 24 31 4 27 18.1 49.5 50.5 49.3 6.3 41.7 24.7 9.0 16.1 43.0 78.2 21.8 96.8 3.2 84.9 15.1
347 Lamar Stevens MEM 26 31 19 12 12.3 84.4 15.6 70.2 7.4 16.0 13.3 13.8 16.0 62.8 51.5 48.5 100 0.0 57.9 42.1
350 A.J. Lawson DAL 23 30 17 13 7.9 54.0 46.0 53.2 0.0 35.8 31.2 11.0 23.9 53.2 48.3 51.7 100 0.0 64.3 35.7
350 Nikola Jovic MIA 20 30 14 16 17.8 46.4 53.6 34.4 1.1 54.8 10.2 10.8 17.2 33.3 68.8 31.3 85.3 14.7 77.3 22.7
350 Ousmane Dieng OKC 20 30 18 12 11.3 35.9 64.1 38.3 6.7 50.0 17.5 11.7 36.7 31.7 91.3 8.7 100 0.0 95.3 4.7
353 Alex Len SAC 30 29 14 15 8.7 94.6 5.4 90.4 2.7 0.0 2.7 9.6 6.8 87.7 63.6 36.4 0.0 0.0 63.6 36.4
353 DeAndre Jordan DEN 35 29 19 10 11.3 100 0.0 81.4 0.0 0.0 1.7 18.6 6.8 81.4 72.9 27.1 0.0 0.0 72.9 27.1
353 Jarred Vanderbilt LAL 24 29 14 15 20.0 76.3 23.7 68.0 0.0 16.0 24.7 16.0 20.0 68.0 70.6 29.4 100 0.0 74.6 25.4
353 Lester Quinones GSW 23 29 17 12 12.2 38.7 61.3 30.7 5.8 56.9 13.1 12.4 10.9 24.8 38.1 61.9 96.2 3.8 70.2 29.8
353 Mason Plumlee LAC 34 29 19 10 16.7 100 0.0 73.3 0.0 0.0 5.6 26.7 12.2 73.3 74.2 25.8 0.0 0.0 74.2 25.8
353 Robert Covington PHI 33 29 20 9 16.8 42.9 57.1 37.8 1.6 44.9 11.8 17.3 24.4 36.2 75.0 25.0 100 0.0 86.0 14.0
359 Cody Martin CHA 28 28 7 21 26.9 60.0 40.0 52.1 8.5 38.4 16.1 9.5 17.5 43.6 43.6 56.4 70.4 29.6 52.4 47.6
359 Damian Jones CLE 28 28 20 8 6.7 82.1 17.9 67.9 3.6 10.7 5.4 21.4 12.5 64.3 73.7 26.3 100 0.0 76.2 23.8
359 Gary Payton II GSW 31 28 16 12 15.5 68.5 31.5 67.9 0.0 26.4 16.4 5.7 23.9 67.9 79.6 20.4 100 0.0 83.8 16.2
359 Orlando Robinson MIA 23 28 15 13 9.8 79.1 20.9 57.1 0.0 23.1 3.3 19.8 19.8 57.1 65.4 34.6 100 0.0 72.7 27.3
363 Bruno Fernando ATL 25 27 13 14 12.5 96.7 3.3 79.1 0.0 0.0 3.1 20.9 11.6 79.1 72.5 27.5 0.0 0.0 72.5 27.5
363 Jalen Wilson BKN 23 27 8 19 14.6 57.3 42.7 43.2 1.6 38.4 8.0 18.4 19.2 41.6 51.9 48.1 100 0.0 69.8 30.2
363 Jeremiah Robinson-Earl NOP 23 27 15 12 9.7 58.6 41.4 48.9 6.4 38.3 14.9 12.8 16.0 42.6 73.9 26.1 100 0.0 82.9 17.1
363 Lindy Waters III OKC 26 27 18 9 6.9 6.8 93.2 5.3 0.0 94.7 18.4 0.0 14.5 5.3 100 0.0 91.7 8.3 92.3 7.7
363 Markelle Fultz ORL 25 27 15 12 22.3 95.2 4.8 91.9 10.8 1.4 18.0 6.7 21.2 81.1 35.3 64.7 100 0.0 35.9 64.1
363 Maxi Kleber DAL 32 27 14 13 21.8 38.7 61.3 35.9 6.3 49.2 0.8 14.9 16.4 29.7 91.3 8.7 95.2 4.8 93.2 6.8
363 Thanasis Antetokounmpo MIL 31 27 18 9 4.7 95.8 4.2 100 0.0 0.0 25.0 0.0 8.3 100 75.0 25.0 0.0 0.0 75.0 25.0
363 Thomas Bryant MIA 26 27 15 12 10.2 91.4 8.6 83.3 3.7 0.0 8.3 16.7 19.4 79.6 68.9 31.1 0.0 0.0 68.9 31.1
371 Bol Bol PHX 24 26 17 9 11.2 71.2 28.8 74.8 8.2 20.4 12.2 4.8 9.5 66.7 76.4 23.6 100 0.0 80.0 20.0
371 Cory Joseph GSW 32 26 10 16 11.4 34.4 65.6 31.7 9.5 61.9 11.1 6.4 17.5 22.2 60.0 40.0 92.3 7.7 78.3 21.7
371 Davis Bertans CHA 31 26 16 10 11.3 11.7 88.3 5.3 2.6 82.9 17.1 11.8 29.6 2.6 100 0.0 95.2 4.8 95.7 4.3
371 Dominick Barlow SAS 20 26 5 21 13.5 91.8 8.2 71.9 14.1 7.0 3.1 21.1 10.2 57.8 76.1 23.9 100 0.0 77.6 22.4
371 Reggie Bullock Jr. HOU 32 26 12 14 8.7 21.2 78.8 16.9 6.8 81.4 15.3 1.7 5.1 10.2 100 0.0 93.8 6.3 95.2 4.8
371 Svi Mykhailiuk BOS 26 26 20 6 7.9 20.3 79.7 18.9 2.7 77.0 29.7 4.1 13.5 16.2 71.4 28.6 89.5 10.5 84.6 15.4
371 Trent Forrest ATL 25 26 13 13 9.9 87.7 12.3 71.7 7.5 11.3 11.3 17.0 15.1 64.2 26.3 73.7 100 0.0 33.3 66.7
378 Bones Hyland LAC 23 25 15 10 13.5 48.4 51.6 41.8 5.2 51.0 15.0 7.2 20.3 36.6 34.4 65.6 57.7 42.3 44.8 55.2
378 Nathan Mensah CHA 25 25 3 22 12.3 100 0.0 72.7 6.1 0.0 0.0 27.3 12.1 66.7 66.7 33.3 0.0 0.0 66.7 33.3
378 Thaddeus Young PHX 35 25 6 19 15.1 93.5 6.5 93.3 3.3 2.5 10.0 4.2 19.2 90.0 73.2 26.8 100 0.0 73.7 26.3
378 Zach LaVine CHI 29 25 10 15 34.9 55.1 44.9 45.6 12.3 36.3 17.5 18.1 16.0 33.3 39.6 60.4 52.5 47.5 44.1 55.9
382 Derrick Rose MEM 35 24 6 18 16.6 75.2 24.8 63.9 13.6 23.6 7.3 12.5 16.8 50.3 42.6 57.4 86.7 13.3 51.3 48.7
382 Terry Taylor CHI 24 24 10 14 6.7 73.5 26.5 78.9 0.0 15.8 10.5 5.3 0.0 78.9 60.0 40.0 100 0.0 64.7 35.3
382 Tre Mann CHA 23 24 16 8 18.9 58.8 41.2 48.6 3.4 42.4 11.9 9.0 9.0 45.2 23.3 76.7 80.0 20.0 44.1 55.9
382 Wesley Matthews ATL 37 24 6 18 10.6 22.4 77.6 18.5 0.0 55.6 13.0 25.9 5.6 18.5 100 0.0 100 0.0 100 0.0
386 Isaiah Livers WAS 25 23 1 22 20.4 33.6 66.4 31.6 5.3 57.9 15.8 10.5 15.8 26.3 77.8 22.2 100 0.0 90.0 10.0
386 Jarace Walker IND 20 23 10 13 9.9 51.2 48.8 40.0 14.1 52.9 7.1 7.1 16.5 25.9 58.8 41.2 86.7 13.3 71.9 28.1
386 Maxwell Lewis LAL 21 23 11 12 3.3 75.0 25.0 57.1 0.0 42.9 0.0 0.0 28.6 57.1 50.0 50.0 100 0.0 66.7 33.3
386 Neemias Queta BOS 24 23 19 4 12.3 100 0.0 86.7 1.8 0.0 1.8 13.3 8.8 85.0 69.4 30.6 0.0 0.0 69.4 30.6
386 Taylor Hendricks UTA 20 23 10 13 17.4 41.4 58.6 41.8 1.5 51.5 8.2 6.7 7.5 40.3 57.1 42.9 100 0.0 76.5 23.5
391 Jared Butler WAS 23 22 2 20 8.1 56.3 43.8 53.2 0.0 31.9 22.3 14.9 14.9 53.2 48.0 52.0 70.0 30.0 54.3 45.7
391 Josh Minott MIN 21 22 16 6 2.9 69.6 30.4 54.5 0.0 9.1 24.2 36.4 15.2 54.5 55.6 44.4 100 0.0 60.0 40.0
391 LaMelo Ball CHA 22 22 7 15 32.3 53.4 46.6 43.0 1.5 39.9 9.5 17.1 14.6 41.4 15.9 84.1 58.6 41.4 32.2 67.8
391 Leaky Black CHA 24 22 1 21 9.9 61.5 38.5 40.0 0.0 42.0 36.0 18.0 12.0 40.0 60.0 40.0 100 0.0 76.5 23.5
391 Rayan Rupert POR 19 22 5 17 9.5 54.0 46.0 33.8 0.0 55.4 9.2 10.8 18.5 33.8 63.6 36.4 91.7 8.3 78.3 21.7
391 Tari Eason HOU 22 22 12 10 21.8 73.5 26.5 65.1 6.5 25.1 22.8 9.8 23.7 58.6 47.1 52.9 100 0.0 58.0 42.0
397 Jalen Hood-Schifino LAL 20 21 10 11 5.2 66.7 33.3 47.1 23.5 17.6 14.7 35.3 5.9 23.5 62.5 37.5 100 0.0 70.0 30.0
397 Jalen Pickett DEN 24 21 15 6 5.2 26.7 73.3 29.4 11.8 61.8 5.9 8.8 23.5 17.6 40.0 60.0 71.4 28.6 58.3 41.7
397 Justin Minaya POR 24 21 1 20 7.7 34.5 65.5 28.6 0.0 57.1 38.1 14.3 42.9 28.6 33.3 66.7 75.0 25.0 57.1 42.9
397 Mitchell Robinson NYK 25 21 12 9 29.2 100 0.0 89.2 0.0 0.0 1.5 10.8 13.1 89.2 48.3 51.7 0.0 0.0 48.3 51.7
397 Patrick Baldwin Jr. WAS 21 21 3 18 7.8 42.3 57.7 28.6 0.0 57.1 9.5 14.3 15.9 28.6 88.9 11.1 100 0.0 95.2 4.8
397 Patty Mills MIA 35 21 9 12 11.0 35.4 64.6 28.2 14.1 71.8 4.2 0.0 15.5 14.1 60.0 40.0 100 0.0 85.2 14.8
397 Ricky Council IV PHI 22 21 8 13 9.3 75.6 24.4 55.7 3.3 9.8 25.4 34.5 18.9 52.5 61.8 38.2 100 0.0 65.8 34.2
397 Saben Lee PHX 24 21 12 9 8.5 69.8 30.2 47.8 0.0 9.0 26.9 43.2 17.9 47.8 56.3 43.8 100 0.0 61.1 38.9
405 Brandon Boston Jr. LAC 22 20 12 8 7.4 68.5 31.5 57.1 15.6 27.3 7.8 15.6 19.5 41.6 59.1 40.9 71.4 28.6 62.1 37.9
405 Jake LaRavia MEM 22 20 3 17 16.8 51.2 48.8 42.8 2.8 33.1 11.7 24.1 13.8 40.0 41.9 58.1 87.5 12.5 57.4 42.6
405 Jontay Porter TOR 24 20 6 14 12.2 46.1 53.9 37.5 2.5 48.8 3.8 13.7 12.5 35.0 73.3 26.7 100 0.0 85.7 14.3
405 Marcus Smart MEM 30 20 7 13 30.2 43.5 56.5 41.5 6.2 43.6 10.4 14.9 15.6 35.3 25.0 75.0 90.5 9.5 52.0 48.0
405 Ryan Arcidiacono NYK 29 20 15 5 2.3 0.0 100 0.0 0.0 0.0 0.0 100 0.0 0.0 0.0 0.0 0.0 0.0 0.0 0.0
410 Charles Bassey SAS 23 19 3 16 10.8 97.5 2.5 92.1 0.0 0.0 6.3 7.9 0.0 92.1 79.3 20.7 0.0 0.0 79.3 20.7
410 Collin Gillespie DEN 24 19 12 7 8.5 46.7 53.3 38.7 12.9 53.2 3.2 8.1 9.7 25.8 41.7 58.3 90.9 9.1 65.2 34.8
410 Harry Giles III LAL 25 19 8 11 4.6 73.9 26.1 70.4 7.4 16.7 16.7 12.9 16.7 63.0 68.4 31.6 100 0.0 72.7 27.3
410 Kira Lewis Jr. UTA 22 19 10 9 8.0 61.1 38.9 65.2 4.3 13.0 26.1 21.8 21.7 60.9 46.7 53.3 100 0.0 52.9 47.1
410 Mark Williams CHA 22 19 7 12 26.8 100 0.0 81.0 0.0 0.0 6.6 19.0 12.4 81.0 63.3 36.7 0.0 0.0 63.3 36.7
410 Markieff Morris DAL 34 19 10 9 8.6 37.3 62.7 23.5 7.8 70.6 5.9 5.9 9.8 15.7 66.7 33.3 91.7 8.3 83.3 16.7
410 Matt Ryan NOP 26 19 11 8 18.4 18.3 81.7 9.5 4.1 81.6 14.3 8.9 11.6 5.4 100 0.0 92.5 7.5 93.6 6.4
410 P.J. Tucker LAC 38 19 7 12 15.5 24.1 75.9 22.2 0.0 66.7 18.5 11.1 7.4 22.2 66.7 33.3 100 0.0 88.9 11.1
418 AJ Griffin ATL 20 18 8 10 7.4 26.7 73.3 21.6 5.4 73.0 18.9 5.4 5.4 16.2 75.0 25.0 88.9 11.1 84.6 15.4
418 Ibou Badji POR 21 18 5 13 11.3 100 0.0 82.8 6.9 0.0 6.9 17.2 3.4 75.9 41.7 58.3 0.0 0.0 41.7 58.3
418 Stanley Umude DET 24 18 2 16 11.3 40.4 59.6 17.4 0.0 58.7 21.7 23.9 15.2 17.4 87.5 12.5 100 0.0 96.2 3.8
421 Braxton Key DEN 27 17 12 5 3.2 75.0 25.0 58.8 11.8 17.6 29.4 23.6 23.5 47.1 100 0.0 100 0.0 100 0.0
421 Colby Jones SAC 21 17 7 10 7.1 71.7 28.3 86.5 5.4 8.1 5.4 5.4 0.0 81.1 56.3 43.8 100 0.0 58.8 41.2
421 Gui Santos GSW 21 17 11 6 8.7 53.8 46.2 40.7 0.0 35.6 18.6 23.7 18.6 40.7 58.3 41.7 85.7 14.3 68.4 31.6
421 Kenneth Lofton Jr. PHI 21 17 5 12 6.3 72.1 27.9 58.5 4.9 22.0 4.9 19.5 17.1 53.7 58.3 41.7 100 0.0 66.7 33.3
421 Monte Morris MIN 28 17 10 7 14.2 60.0 40.0 54.1 21.2 38.8 8.2 7.1 10.6 32.9 21.7 78.3 81.8 18.2 41.2 58.8
421 Theo Maledon PHX 22 17 5 12 12.5 57.1 42.9 50.8 0.0 25.4 13.6 23.8 20.3 50.8 60.0 40.0 100 0.0 70.0 30.0
427 Admiral Schofield ORL 26 16 9 7 3.5 35.3 64.7 40.0 13.3 60.0 0.0 0.0 20.0 26.7 33.3 66.7 100 0.0 66.7 33.3
427 Chris Livingston MIL 20 16 10 6 4.3 81.3 18.8 70.6 0.0 17.6 23.5 11.8 11.8 70.6 50.0 50.0 100 0.0 57.1 42.9
427 Garrett Temple TOR 37 16 4 12 4.3 57.1 42.9 52.2 0.0 26.1 47.8 21.7 39.1 52.2 50.0 50.0 100 0.0 62.5 37.5
427 Jamal Cain MIA 24 16 7 9 14.1 62.3 37.7 50.0 9.5 28.6 11.9 21.4 11.9 40.5 66.7 33.3 87.5 12.5 72.4 27.6
427 Jerome Robinson GSW 27 16 12 4 3.9 40.9 59.1 40.0 0.0 30.0 20.0 30.0 20.0 40.0 100 0.0 100 0.0 100 0.0
427 Joe Harris DET 32 16 4 12 10.6 23.1 76.9 20.5 0.0 76.9 20.5 2.6 12.8 20.5 100 0.0 100 0.0 100 0.0
427 Robin Lopez MIL 35 16 10 6 4.0 57.9 42.1 55.6 0.0 33.3 0.0 11.1 0.0 55.6 80.0 20.0 100 0.0 85.7 14.3
427 Taj Gibson DET 38 16 7 9 10.3 73.9 26.1 87.5 25.0 0.0 0.0 12.5 0.0 62.5 57.1 42.9 0.0 0.0 57.1 42.9
435 Ben Simmons BKN 27 15 7 8 23.9 100 0.0 93.5 0.0 0.0 19.6 6.5 27.2 93.5 58.1 41.9 0.0 0.0 58.1 41.9
435 Luka Garza MIN 25 15 11 4 3.3 60.0 40.0 42.9 4.8 28.6 4.8 28.5 11.9 38.1 33.3 66.7 100 0.0 53.8 46.2
435 Otto Porter Jr. UTA 30 15 6 9 11.6 30.3 69.7 30.8 10.3 61.5 5.1 7.7 0.0 20.5 100 0.0 87.5 12.5 92.9 7.1
435 Wendell Moore Jr. MIN 22 15 11 4 3.0 60.0 40.0 100 0.0 0.0 40.0 0.0 40.0 100 40.0 60.0 0.0 0.0 40.0 60.0
439 Brice Sensabaugh UTA 20 14 5 9 12.2 50.0 50.0 47.2 11.1 41.7 18.1 11.1 13.9 36.1 52.9 47.1 90.0 10.0 66.7 33.3
439 Evan Fournier DET 31 14 4 10 16.4 34.8 65.2 31.9 8.5 54.3 16.0 13.8 16.0 23.4 60.0 40.0 88.2 11.8 75.0 25.0
439 James Bouknight CHA 23 14 0 14 5.8 26.8 73.2 20.0 0.0 78.0 18.0 2.0 10.0 20.0 40.0 60.0 53.8 46.2 50.0 50.0
439 Olivier Sarr OKC 25 14 7 7 6.8 68.4 31.6 52.9 0.0 17.6 0.0 29.5 20.6 52.9 88.9 11.1 100 0.0 90.9 9.1
439 Udoka Azubuike PHX 24 14 10 4 7.7 100 0.0 91.4 0.0 0.0 5.7 8.6 8.6 91.4 56.3 43.8 0.0 0.0 56.3 43.8
444 DaQuan Jeffries NYK 26 13 8 5 2.6 50.0 50.0 72.7 18.2 27.3 0.0 0.0 0.0 54.5 100 0.0 100 0.0 100 0.0
444 Devonte' Graham SAS 29 13 4 9 8.5 29.4 70.6 23.3 9.3 62.8 32.6 13.9 32.6 14.0 40.0 60.0 66.7 33.3 57.1 42.9
444 Jay Huff DEN 26 13 10 3 2.7 33.3 66.7 42.1 0.0 47.4 0.0 10.5 15.8 42.1 100 0.0 100 0.0 100 0.0
444 Jett Howard ORL 20 13 6 7 3.8 22.7 77.3 26.1 0.0 65.2 4.3 8.7 26.1 26.1 100 0.0 80.0 20.0 87.5 12.5
444 Moses Brown POR 24 13 4 9 8.8 100 0.0 96.8 0.0 0.0 12.9 3.2 25.8 96.8 66.7 33.3 0.0 0.0 66.7 33.3
444 Trevelin Queen ORL 27 13 5 8 12.5 55.3 44.7 55.0 5.0 22.5 17.5 22.5 35.0 50.0 72.7 27.3 66.7 33.3 71.4 28.6
444 Trey Jemison MEM 24 13 2 11 17.5 100 0.0 87.1 6.5 0.0 8.1 12.9 12.9 80.6 55.6 44.4 0.0 0.0 55.6 44.4
451 Ashton Hagans POR 24 12 2 10 16.1 73.8 26.2 62.2 0.0 20.0 6.7 17.8 15.6 62.2 57.1 42.9 100 0.0 64.7 35.3
451 Brandon Williams DAL 24 12 7 5 4.9 72.7 27.3 50.0 0.0 25.0 0.0 25.0 4.2 50.0 50.0 50.0 50.0 50.0 50.0 50.0
451 Nate Williams HOU 25 12 4 8 6.5 90.0 10.0 78.8 0.0 9.1 6.1 12.1 6.1 78.8 38.5 61.5 100 0.0 42.9 57.1
451 Terquavion Smith PHI 21 12 4 8 5.8 22.5 77.5 17.4 0.0 78.3 10.9 4.3 15.2 17.4 0.0 100 83.3 16.7 62.5 37.5
455 Aleksej Pokusevski CHA 22 11 9 2 6.2 33.3 66.7 31.6 0.0 47.4 0.0 21.0 0.0 31.6 66.7 33.3 100 0.0 83.3 16.7
455 Cole Swider MIA 24 11 4 7 5.0 24.0 76.0 32.0 0.0 60.0 28.0 8.0 20.0 32.0 75.0 25.0 100 0.0 88.9 11.1
455 Daishen Nix MIN 22 11 8 3 3.3 31.6 68.4 27.3 0.0 68.2 31.8 4.5 18.2 27.3 33.3 66.7 60.0 40.0 50.0 50.0
455 Dylan Windler ATL 27 11 6 5 3.2 9.1 90.9 0.0 0.0 100 0.0 0.0 0.0 0.0 0.0 0.0 100 0.0 100 0.0
455 Emoni Bates CLE 20 11 6 5 8.0 25.0 75.0 24.0 8.0 72.0 8.0 4.0 28.0 16.0 33.3 66.7 100 0.0 77.8 22.2
455 Hunter Tyson DEN 23 11 8 3 2.9 18.2 81.8 25.0 0.0 75.0 0.0 0.0 75.0 25.0 100 0.0 100 0.0 100 0.0
455 Jermaine Samuels Jr. HOU 25 11 6 5 4.8 81.8 18.2 88.9 0.0 0.0 33.3 11.1 0.0 88.9 62.5 37.5 0.0 0.0 62.5 37.5
455 Juan Toscano-Anderson SAC 30 11 7 4 4.8 66.7 33.3 57.1 0.0 42.9 28.6 0.0 0.0 57.1 100 0.0 100 0.0 100 0.0
455 Moussa Diabate LAC 22 11 7 4 5.8 100 0.0 69.0 0.0 0.0 0.0 31.0 0.0 69.0 50.0 50.0 0.0 0.0 50.0 50.0
455 Nate Hinton HOU 24 11 6 5 5.2 45.0 55.0 19.4 0.0 67.7 22.6 12.9 6.5 19.4 0.0 100 71.4 28.6 50.0 50.0
465 Armoni Brooks BKN 25 10 3 7 10.4 30.4 69.6 19.0 0.0 78.6 19.0 2.4 7.1 19.0 75.0 25.0 90.9 9.1 86.7 13.3
465 Ryan Rollins MIL 21 10 1 9 6.6 88.0 12.0 53.7 4.9 14.6 14.6 31.7 41.5 48.8 9.1 90.9 50.0 50.0 15.4 84.6
467 Boban Marjanovic HOU 35 9 5 4 5.3 90.5 9.5 87.0 8.7 0.0 0.0 13.0 8.7 78.3 60.0 40.0 0.0 0.0 60.0 40.0
467 Dru Smith MIA 26 9 7 2 14.5 48.5 51.5 41.0 0.0 53.8 0.0 5.2 7.7 41.0 50.0 50.0 85.7 14.3 66.7 33.3
467 Ja Morant MEM 24 9 6 3 35.3 70.0 30.0 58.4 3.5 18.6 13.3 23.0 10.2 54.9 28.8 71.2 50.0 50.0 32.5 67.5
467 Jacob Toppin NYK 23 9 2 7 4.2 55.6 44.4 61.5 15.4 23.1 30.8 15.4 0.0 46.2 75.0 25.0 100 0.0 80.0 20.0
467 Jaylen Nowell MEM 24 9 3 6 17.3 58.2 41.8 70.6 35.3 23.5 7.8 5.9 9.8 35.3 44.4 55.6 100 0.0 54.5 45.5
467 Keyontae Johnson OKC 23 9 7 2 7.4 81.3 18.8 72.7 18.2 27.3 18.2 0.0 0.0 54.5 50.0 50.0 100 0.0 60.0 40.0
467 Kobe Bufkin ATL 20 9 6 3 9.9 54.1 45.9 48.5 18.2 45.5 9.1 6.0 24.2 30.3 25.0 75.0 60.0 40.0 38.5 61.5
467 Noah Clowney BKN 19 9 4 5 9.1 77.8 22.2 69.0 0.0 10.3 6.9 20.7 13.8 69.0 70.0 30.0 100 0.0 72.7 27.3
467 Seth Lundy ATL 23 9 2 7 5.8 23.5 76.5 14.3 14.3 64.3 21.4 21.4 21.4 0.0 100 0.0 100 0.0 100 0.0
476 Charlie Brown Jr. NYK 27 8 2 6 4.7 30.0 70.0 0.0 0.0 100 50.0 0.0 0.0 0.0 0.0 0.0 100 0.0 100 0.0
476 E.J. Liddell NOP 23 8 3 5 2.9 16.7 83.3 50.0 0.0 0.0 0.0 50.0 50.0 50.0 100 0.0 0.0 0.0 100 0.0
476 Jules Bernard WAS 24 8 1 7 4.5 30.8 69.2 36.4 0.0 54.5 0.0 9.1 36.4 36.4 0.0 100 100 0.0 50.0 50.0
476 Kendall Brown IND 20 8 4 4 3.6 83.3 16.7 60.0 0.0 0.0 0.0 40.0 20.0 60.0 66.7 33.3 0.0 0.0 66.7 33.3
476 Matt Hurt MEM 23 8 2 6 14.2 41.2 58.8 43.8 18.8 46.9 0.0 9.3 28.1 25.0 57.1 42.9 100 0.0 75.0 25.0
476 Onuralp Bitim CHI 24 8 4 4 12.0 25.0 75.0 6.9 0.0 82.8 0.0 10.3 10.3 6.9 100 0.0 100 0.0 100 0.0
476 Oscar Tshiebwe IND 24 8 2 6 5.2 100 0.0 76.9 7.7 0.0 7.7 23.1 11.5 69.2 80.0 20.0 0.0 0.0 80.0 20.0
476 R.J. Hampton WAS 23 8 3 5 9.5 42.9 57.1 60.0 0.0 30.0 40.0 10.0 10.0 60.0 33.3 66.7 100 0.0 50.0 50.0
476 Scotty Pippen Jr. MEM 23 8 1 7 22.6 61.0 39.0 35.7 7.1 46.4 19.0 17.9 9.5 28.6 33.3 66.7 84.6 15.4 57.1 42.9
485 Colin Castleton LAL 23 7 3 4 5.1 100 0.0 77.8 11.1 0.0 11.1 22.2 22.2 66.7 71.4 28.6 0.0 0.0 71.4 28.6
485 D'Moi Hodge LAL 25 7 1 6 5.9 20.0 80.0 28.6 14.3 64.3 21.4 7.1 42.9 14.3 100 0.0 100 0.0 100 0.0
485 Ish Wainright PHX 29 7 1 6 6.6 11.1 88.9 0.0 0.0 90.0 25.0 10.0 0.0 0.0 0.0 0.0 100 0.0 100 0.0
485 Leonard Miller MIN 20 7 6 1 3.7 72.7 27.3 80.0 13.3 20.0 0.0 0.0 0.0 66.7 83.3 16.7 100 0.0 85.7 14.3
489 Dereon Seabron NOP 23 6 3 3 9.2 84.6 15.4 42.9 0.0 21.4 14.3 35.7 0.0 42.9 0.0 100 100 0.0 25.0 75.0
489 Greg Brown III DAL 22 6 3 3 6.6 72.7 27.3 53.3 0.0 20.0 46.7 26.7 13.3 53.3 75.0 25.0 100 0.0 80.0 20.0
489 Jamaree Bouyea SAS 24 6 0 6 9.5 61.9 38.1 100 20.0 0.0 40.0 0.0 60.0 80.0 40.0 60.0 0.0 0.0 40.0 60.0
489 James Johnson IND 37 6 2 4 5.3 83.3 16.7 66.7 33.3 0.0 0.0 33.3 0.0 33.3 50.0 50.0 0.0 0.0 50.0 50.0
489 Jared Rhoden DET 24 6 1 5 7.1 63.6 36.4 66.7 13.3 20.0 13.3 13.3 20.0 53.3 100 0.0 100 0.0 100 0.0
489 Javon Freeman-Liberty TOR 24 6 1 5 9.8 64.7 35.3 46.2 0.0 23.1 26.9 30.7 46.2 46.2 66.7 33.3 100 0.0 75.0 25.0
489 Johnny Juzang UTA 22 6 2 4 9.2 30.0 70.0 57.1 0.0 42.9 0.0 0.0 21.4 57.1 50.0 50.0 100 0.0 66.7 33.3
489 Jordan Ford SAC 25 6 2 4 3.6 57.1 42.9 33.3 16.7 50.0 0.0 16.7 33.3 16.7 0.0 100 50.0 50.0 25.0 75.0
489 Jordan Miller LAC 24 6 5 1 3.6 83.3 16.7 54.5 0.0 27.3 18.2 18.2 0.0 54.5 0.0 100 100 0.0 25.0 75.0
489 Robert Williams III POR 26 6 2 4 19.8 100 0.0 82.9 19.5 0.0 0.0 17.1 0.0 63.4 52.9 47.1 0.0 0.0 52.9 47.1
489 Sidy Cissoko SAS 19 6 1 5 5.3 33.3 66.7 33.3 0.0 0.0 66.7 66.7 33.3 33.3 100 0.0 0.0 0.0 100 0.0
489 Tosan Evbuomwan DET 23 6 0 6 15.0 50.0 50.0 47.1 0.0 52.9 0.0 0.0 41.2 47.1 100 0.0 100 0.0 100 0.0
501 Frank Ntilikina CHA 25 5 0 5 8.6 11.1 88.9 0.0 0.0 60.0 0.0 40.0 0.0 0.0 0.0 0.0 100 0.0 100 0.0
501 Gabe Vincent LAL 27 5 2 3 25.5 46.9 53.1 74.1 29.6 22.2 7.4 3.7 7.4 44.4 50.0 50.0 50.0 50.0 50.0 50.0
501 Jalen Slawson SAC 24 5 3 2 3.7 66.7 33.3 100 0.0 0.0 50.0 0.0 0.0 100 100 0.0 0.0 0.0 100 0.0
501 TyTy Washington Jr. MIL 22 5 3 2 4.1 57.1 42.9 0.0 0.0 100 0.0 0.0 100 0.0 0.0 0.0 100 0.0 100 0.0
505 Alex Fudge DAL 20 4 1 3 3.6 66.7 33.3 50.0 0.0 0.0 0.0 50.0 0.0 50.0 0.0 100 0.0 0.0 0.0 100
505 D.J. Carton TOR 23 4 2 2 8.9 50.0 50.0 36.4 0.0 27.3 0.0 36.3 0.0 36.4 50.0 50.0 100 0.0 66.7 33.3
505 Dexter Dennis DAL 25 4 1 3 7.5 57.9 42.1 81.8 9.1 13.6 9.1 4.6 9.1 72.7 44.4 55.6 100 0.0 50.0 50.0
505 Isaiah Mobley CLE 24 4 0 4 8.5 71.4 28.6 57.1 0.0 42.9 28.6 0.0 0.0 57.1 50.0 50.0 100 0.0 66.7 33.3
505 Jordan Walsh BOS 20 4 4 0 8.3 40.0 60.0 100 0.0 0.0 100 0.0 0.0 100 100 0.0 0.0 0.0 100 0.0
505 Keon Johnson BKN 22 4 0 4 12.8 52.6 47.4 21.4 7.1 42.9 0.0 35.7 21.4 14.3 66.7 33.3 100 0.0 85.7 14.3
505 Marques Bolden CHA 25 4 2 2 3.9 100 0.0 0.0 0.0 0.0 0.0 100 0.0 0.0 0.0 0.0 0.0 0.0 0.0 0.0
505 Vit Krejci ATL 23 4 2 2 12.5 25.0 75.0 0.0 0.0 100 0.0 0.0 0.0 0.0 0.0 0.0 100 0.0 100 0.0
513 Adama Sanogo CHI 22 3 0 3 3.5 100 0.0 75.0 0.0 0.0 0.0 25.0 0.0 75.0 33.3 66.7 0.0 0.0 33.3 66.7
513 Amari Bailey CHA 20 3 0 3 4.9 57.1 42.9 80.0 40.0 0.0 40.0 20.0 0.0 40.0 50.0 50.0 0.0 0.0 50.0 50.0
513 Darius Bazley PHI 23 3 0 3 3.3 100 0.0 0.0 0.0 0.0 0.0 100 0.0 0.0 0.0 0.0 0.0 0.0 0.0 0.0
513 Filip Petrusev SAC 23 3 2 1 3.1 100 0.0 66.7 0.0 0.0 0.0 33.3 0.0 66.7 100 0.0 0.0 0.0 100 0.0
513 JD Davison BOS 21 3 3 0 2.0 0.0 100 0.0 0.0 0.0 0.0 100 0.0 0.0 0.0 0.0 0.0 0.0 0.0 0.0
513 Jeff Dowtin Jr. PHI 26 3 0 3 16.4 30.0 70.0 25.0 0.0 75.0 31.3 0.0 12.5 25.0 50.0 50.0 50.0 50.0 50.0 50.0
513 Justin Champagnie WAS 22 3 0 3 5.5 50.0 50.0 72.7 0.0 27.3 36.4 0.0 18.2 72.7 100 0.0 100 0.0 100 0.0
513 Lindell Wigginton MIL 25 3 3 0 2.5 60.0 40.0 66.7 0.0 0.0 0.0 33.3 0.0 66.7 0.0 100 0.0 0.0 0.0 100
513 Mamadi Diakite SAS 27 3 2 1 5.3 100 0.0 66.7 0.0 0.0 16.7 33.3 0.0 66.7 100 0.0 0.0 0.0 100 0.0
513 Pete Nance CLE 24 3 1 2 2.5 100 0.0 0.0 0.0 0.0 0.0 100 0.0 0.0 0.0 0.0 0.0 0.0 0.0 0.0
513 Shaquille Harrison MEM 30 3 1 2 2.0 100 0.0 100 0.0 0.0 0.0 0.0 0.0 100 100 0.0 0.0 0.0 100 0.0
513 T.J. Warren MIN 30 3 1 2 16.8 66.7 33.3 82.4 47.1 17.6 0.0 0.0 23.5 35.3 85.7 14.3 100 0.0 87.5 12.5
513 Taze Moore POR 25 3 1 2 3.4 60.0 40.0 100 0.0 0.0 33.3 0.0 33.3 100 0.0 100 0.0 0.0 0.0 100
513 Usman Garuba GSW 22 3 2 1 2.6 100 0.0 0.0 0.0 0.0 0.0 100 0.0 0.0 0.0 0.0 0.0 0.0 0.0 0.0
527 Alondes Williams MIA 24 2 2 0 4.7 33.3 66.7 0.0 0.0 0.0 0.0 100 0.0 0.0 0.0 0.0 0.0 0.0 0.0 0.0
527 Danny Green PHI 36 2 1 1 9.2 50.0 50.0 0.0 0.0 0.0 0.0 100 0.0 0.0 0.0 0.0 0.0 0.0 0.0 0.0
527 Dariq Whitehead BKN 19 2 1 1 12.0 40.0 60.0 66.7 0.0 0.0 0.0 33.3 0.0 66.7 100 0.0 0.0 0.0 100 0.0
527 Dmytro Skapintsev NYK 25 2 0 2 1.1 100 0.0 0.0 0.0 0.0 0.0 100 0.0 0.0 0.0 0.0 0.0 0.0 0.0 0.0
527 Hamidou Diallo WAS 25 2 1 1 2.4 100 0.0 100 0.0 0.0 0.0 0.0 0.0 100 0.0 100 0.0 0.0 0.0 100
527 Joshua Primo LAC 21 2 2 0 5.1 66.7 33.3 100 0.0 0.0 0.0 0.0 0.0 100 100 0.0 0.0 0.0 100 0.0
527 Justin Jackson MIN 28 2 2 0 0.4 0.0 0.0 0.0 0.0 0.0 0.0 100 0.0 0.0 0.0 0.0 0.0 0.0 0.0 0.0
527 Kevon Harris ORL 26 2 1 1 3.0 100 0.0 100 50.0 0.0 0.0 0.0 0.0 50.0 50.0 50.0 0.0 0.0 50.0 50.0
527 Micah Potter UTA 25 2 1 1 3.6 0.0 100 0.0 0.0 0.0 0.0 100 0.0 0.0 0.0 0.0 0.0 0.0 0.0 0.0
527 Mouhamadou Gueye TOR 25 2 0 2 4.8 100 0.0 100 0.0 0.0 0.0 0.0 0.0 100 100 0.0 0.0 0.0 100 0.0
527 Mouhamed Gueye ATL 21 2 2 0 2.2 0.0 100 0.0 0.0 0.0 0.0 100 0.0 0.0 0.0 0.0 0.0 0.0 0.0 0.0
527 Pat Spencer GSW 27 2 0 2 1.7 0.0 0.0 0.0 0.0 0.0 0.0 100 0.0 0.0 0.0 0.0 0.0 0.0 0.0 0.0
527 Ty Jerome CLE 26 2 1 1 7.4 75.0 25.0 100 50.0 0.0 0.0 0.0 0.0 50.0 0.0 100 0.0 0.0 0.0 100
527 Wenyen Gabriel MEM 26 2 0 2 17.0 75.0 25.0 100 0.0 0.0 25.0 0.0 0.0 100 75.0 25.0 0.0 0.0 75.0 25.0
527 Xavier Moon LAC 29 2 2 0 5.8 50.0 50.0 100 0.0 0.0 0.0 0.0 0.0 100 0.0 100 0.0 0.0 0.0 100
542 Adam Flagler OKC 24 1 1 0 5.5 0.0 100 0.0 0.0 0.0 0.0 100 0.0 0.0 0.0 0.0 0.0 0.0 0.0 0.0
542 DeJon Jarreau MEM 26 1 0 1 28.1 77.8 22.2 57.1 0.0 42.9 28.6 0.0 28.6 57.1 0.0 100 100 0.0 33.3 66.7
542 Drew Peterson BOS 24 1 1 0 2.6 0.0 100 0.0 0.0 100 0.0 0.0 0.0 0.0 0.0 0.0 100 0.0 100 0.0
542 Izaiah Brockington NOP 24 1 1 0 3.4 80.0 20.0 100 0.0 0.0 50.0 0.0 0.0 100 50.0 50.0 0.0 0.0 50.0 50.0
542 Jahmi'us Ramsey TOR 22 1 0 1 5.3 66.7 33.3 100 0.0 0.0 0.0 0.0 0.0 100 100 0.0 0.0 0.0 100 0.0
542 Jalen Crutcher NOP 24 1 1 0 2.7 100 0.0 0.0 0.0 0.0 0.0 100 0.0 0.0 0.0 0.0 0.0 0.0 0.0 0.0
542 Jason Preston UTA 24 1 0 1 1.2 0.0 0.0 0.0 0.0 0.0 0.0 100 0.0 0.0 0.0 0.0 0.0 0.0 0.0 0.0
542 Javonte Smart PHI 24 1 1 0 0.7 0.0 0.0 0.0 0.0 0.0 0.0 100 0.0 0.0 0.0 0.0 0.0 0.0 0.0 0.0
542 Kaiser Gates NOP 27 1 0 1 7.4 50.0 50.0 0.0 0.0 0.0 0.0 100 0.0 0.0 0.0 0.0 0.0 0.0 0.0 0.0
542 Malcolm Cazalon DET 22 1 0 1 2.6 0.0 0.0 0.0 0.0 0.0 0.0 100 0.0 0.0 0.0 0.0 0.0 0.0 0.0 0.0
542 Markquis Nowell TOR 24 1 0 1 3.5 100 0.0 0.0 0.0 0.0 0.0 100 0.0 0.0 0.0 0.0 0.0 0.0 0.0 0.0
542 Mason Jones SAC 25 1 0 1 13.0 33.3 66.7 0.0 0.0 0.0 100 100 0.0 0.0 0.0 0.0 0.0 0.0 0.0 0.0
542 Ron Harper Jr. TOR 23 1 1 0 3.7 0.0 0.0 0.0 0.0 0.0 0.0 100 0.0 0.0 0.0 0.0 0.0 0.0 0.0 0.0