  PLAYER TEAM AGE GP W L MIN OFFRTG DEFRTG NETRTG AST% AST/TO AST RATIO OREB% DREB% REB% TO RATIO EFG% TS% USG% PACE PIE POSS
1 Buddy Hield PHI 31 69 36 33 26.8 118.2 117.2 1.0 14.8 2.43 20.6 2.3 10.1 6.1 8.5 57.1 58.2 18.4 102.19 8.3 3939
2 Andre Drummond CHI 30 68 33 35 17.0 113.3 113.8 -0.5 4.4 0.46 5.5 18.6 32.3 25.2 12.0 55.5 57.0 20.2 97.81 15.1 2350
2 Austin Reaves LAL 25 68 36 32 31.8 114.5 116.7 -2.3 23.9 2.54 27.1 2.1 10.6 6.5 10.7 57.7 62.2 19.8 101.71 10.7 4583
2 Bobby Portis MIL 29 68 44 24 24.0 117.3 117.5 -0.2 7.2 1.16 8.6 6.7 22.7 14.7 7.4 55.9 58.1 22.0 101.10 11.5 3442
2 Christian Braun DEN 22 68 47 21 19.2 109.9 110.7 -0.8 9.8 2.11 16.7 4.1 12.9 8.6 7.9 52.2 55.4 15.2 98.84 8.1 2680
2 Dennis Schroder BKN 30 68 24 44 30.6 113.0 116.1 -3.0 27.6 3.15 29.7 1.3 7.7 4.5 9.4 52.0 55.9 19.9 99.01 9.4 4304
2 Jeremy Sochan SAS 20 68 15 53 29.7 108.1 115.3 -7.2 16.3 1.81 20.7 6.0 14.6 10.3 11.5 48.8 51.8 18.4 101.98 8.0 4291
2 Mikal Bridges BKN 27 68 26 42 35.3 111.5 114.3 -2.8 16.5 1.79 15.6 2.2 11.1 6.5 8.7 51.6 56.0 24.5 98.93 10.8 4947
2 Obi Toppin IND 26 68 38 30 21.8 119.4 117.4 1.9 8.6 1.78 15.1 4.8 13.1 9.0 8.5 64.7 66.2 15.8 105.33 9.4 3249
2 Reggie Jackson DEN 33 68 47 21 21.9 112.6 111.5 1.2 23.5 2.95 25.4 1.6 6.7 4.2 8.6 50.6 52.4 20.6 99.55 8.2 3094
11 Cason Wallace OKC 20 67 47 20 20.5 114.6 111.1 3.6 8.9 2.71 19.3 3.2 7.6 5.5 7.1 61.9 62.9 12.4 101.49 7.1 2898
11 Chet Holmgren OKC 21 67 47 20 30.2 118.7 110.3 8.4 12.0 1.71 15.5 5.5 19.2 12.8 9.0 60.9 64.0 20.5 102.93 13.3 4322
11 Cole Anthony ORL 23 67 40 27 22.9 111.6 110.8 0.8 20.1 1.88 19.6 3.7 13.8 8.7 10.5 48.2 53.9 22.9 97.63 10.5 3134
11 Collin Sexton UTA 25 67 29 38 25.7 118.2 119.1 -0.9 28.0 2.40 22.1 3.3 6.5 4.9 9.2 55.2 61.3 26.5 102.33 12.2 3671
11 Georges Niang CLE 30 67 42 25 21.9 114.2 112.9 1.3 8.0 1.56 12.6 1.4 14.5 8.1 8.1 55.7 57.5 17.2 99.05 7.1 3032
11 Jalen Green HOU 22 67 32 35 31.1 112.6 113.4 -0.8 16.4 1.55 14.6 1.4 14.0 7.6 9.4 48.7 53.2 26.7 100.24 10.7 4356
11 Jonas Valanciunas NOP 31 67 41 26 24.6 118.4 113.6 4.8 12.5 1.60 15.8 10.6 27.0 19.1 9.9 58.8 62.4 20.3 99.00 13.6 3398
11 Michael Porter Jr. DEN 25 67 47 20 31.7 119.5 112.0 7.5 6.4 1.37 9.1 4.3 17.8 11.1 6.7 59.0 60.5 20.0 97.86 10.7 4350
11 Naz Reid MIN 24 67 46 21 23.6 111.5 104.5 7.0 8.0 1.00 9.3 4.0 16.1 10.3 9.3 58.0 60.0 21.3 100.28 11.6 3313
11 Nickeil Alexander-Walker MIN 25 67 46 21 23.4 112.3 106.0 6.3 14.9 2.63 25.1 2.0 6.6 4.4 9.5 55.7 57.5 13.9 100.40 7.0 3288
11 Ochai Agbaji TOR 23 67 29 38 19.8 110.4 117.2 -6.8 6.2 1.27 13.1 3.8 8.3 6.1 10.3 49.0 50.3 12.9 101.39 4.5 2802
11 Paul Reed PHI 24 67 37 30 19.0 116.4 113.9 2.5 9.3 1.77 15.7 11.8 19.5 15.4 8.8 56.5 58.3 15.4 97.81 10.2 2573
11 Payton Pritchard BOS 26 67 53 14 20.7 121.2 108.7 12.5 18.4 4.13 26.9 4.0 10.7 7.4 6.5 56.0 57.3 15.7 97.43 9.4 2797
24 Ayo Dosunmu CHI 24 66 33 33 28.0 111.4 115.0 -3.6 15.5 2.41 22.0 2.5 7.5 4.9 9.1 57.2 59.1 16.4 98.31 8.0 3785
24 Coby White CHI 24 66 32 34 36.7 114.7 115.2 -0.4 20.9 2.37 21.6 1.6 11.3 6.4 9.1 54.4 58.0 22.4 97.50 10.3 4926
24 Corey Kispert WAS 25 66 11 55 23.4 108.0 120.0 -11.9 11.2 1.59 13.7 1.4 9.2 5.2 8.6 59.4 61.5 19.5 104.09 8.4 3356
24 DeMar DeRozan CHI 34 66 32 34 37.7 112.9 114.6 -1.8 21.8 3.48 19.9 1.5 10.1 5.7 5.7 50.3 58.3 24.3 98.11 12.7 5083
24 Domantas Sabonis SAC 27 66 38 28 35.9 116.8 116.7 0.1 33.5 2.53 31.1 9.5 29.7 19.2 12.3 63.1 65.3 21.9 100.32 17.0 4958
24 Donte DiVincenzo NYK 27 66 40 26 26.9 116.4 113.4 3.0 14.3 1.93 16.2 2.9 10.1 6.4 8.4 57.2 58.6 21.1 97.78 9.7 3611
24 Harrison Barnes SAC 31 66 38 28 29.4 114.4 117.0 -2.6 5.2 1.71 10.1 2.6 7.4 4.9 5.9 59.7 63.0 14.8 101.51 7.1 4107
24 Jordan Poole WAS 24 66 11 55 29.1 109.2 120.6 -11.5 18.9 1.68 17.6 1.2 7.1 4.1 10.5 48.7 52.6 25.5 105.14 6.9 4212
24 Josh Giddey OKC 21 66 47 19 24.5 119.0 112.2 6.8 23.3 2.18 25.3 5.9 18.0 12.3 11.6 50.7 53.0 22.1 102.50 11.4 3465
24 Josh Hart NYK 29 66 39 27 32.1 115.1 109.8 5.3 15.4 2.62 26.3 4.4 20.3 12.2 10.0 49.3 51.9 13.4 96.21 9.9 4249
24 Kelly Olynyk TOR 32 66 29 37 21.3 111.4 117.8 -6.4 27.4 2.45 32.8 6.4 16.6 11.6 13.4 60.9 65.3 16.6 102.10 11.5 2993
24 Moritz Wagner ORL 26 66 39 27 18.1 113.2 111.8 1.5 10.6 0.98 11.2 8.6 16.9 12.8 11.5 62.8 67.0 21.8 99.38 13.6 2477
24 Nikola Jokic DEN 29 66 46 20 34.3 121.9 111.2 10.7 39.9 3.08 28.4 8.9 26.8 18.2 9.2 60.9 64.9 28.7 98.15 21.1 4642
24 Paolo Banchero ORL 21 66 39 27 34.9 112.2 112.3 -0.1 24.9 1.71 18.2 3.1 17.2 10.0 10.6 50.7 55.3 29.1 98.38 13.6 4725
24 Pascal Siakam IND 29 66 29 37 33.9 116.8 115.8 1.0 19.9 2.50 19.0 4.7 15.1 9.9 7.6 56.8 60.2 24.5 100.69 13.0 4691
24 Peyton Watson DEN 21 66 46 20 18.4 110.6 111.2 -0.6 7.7 1.40 12.7 3.4 11.4 7.6 9.1 52.5 54.8 16.3 98.98 7.5 2483
24 Sam Hauser BOS 26 66 53 13 21.2 120.6 107.1 13.5 5.8 2.18 11.9 2.5 12.1 7.4 5.4 64.6 65.2 13.7 98.72 8.6 2867
24 Shai Gilgeous-Alexander OKC 25 66 47 19 34.5 121.7 110.5 11.2 29.2 2.93 19.7 2.6 13.1 8.1 6.7 57.7 64.4 31.8 102.28 19.1 4846
24 Simone Fontecchio DET 28 66 29 37 24.9 113.0 114.5 -1.5 8.4 1.49 13.6 3.7 10.7 7.1 9.1 58.2 60.0 15.9 102.49 7.7 3521
24 Tyus Jones WAS 27 66 11 55 29.3 110.6 122.5 -11.9 33.1 7.35 39.3 1.0 8.1 4.5 5.4 56.9 57.8 16.1 104.37 11.1 4204
44 Brook Lopez MIL 35 65 43 22 31.0 118.2 111.2 7.0 7.2 1.83 13.0 4.8 11.3 8.2 7.1 57.3 59.8 15.3 102.94 8.4 4323
44 Jonathan Kuminga GSW 21 65 34 31 26.1 114.8 112.1 2.7 11.8 1.26 12.1 4.8 12.6 8.7 9.6 56.1 60.0 23.9 102.36 11.0 3628
44 Kyle Kuzma WAS 28 65 11 54 32.2 109.9 121.6 -11.7 20.1 1.55 15.4 2.8 16.6 9.7 9.9 52.4 55.2 29.8 103.75 11.5 4513
44 Luguentz Dort OKC 24 65 45 20 28.6 120.3 112.1 8.3 5.9 1.61 12.3 3.8 8.8 6.4 7.7 57.1 60.3 14.7 102.04 6.0 3935
44 Malik Beasley MIL 27 65 41 24 29.7 119.3 111.5 7.8 6.2 2.04 12.7 2.0 9.9 6.1 6.2 62.0 62.2 14.0 102.93 6.9 4138
44 Malik Monk SAC 26 65 38 27 26.2 116.1 115.7 0.4 29.4 2.53 25.3 1.5 10.0 5.6 10.0 53.8 57.3 24.7 102.09 11.2 3630
44 Norman Powell LAC 30 65 41 24 26.0 117.9 113.3 4.6 6.0 1.19 8.3 0.8 8.9 5.0 7.0 59.8 62.9 19.5 100.54 8.8 3532
44 Royce O'Neale PHX 30 65 28 37 25.4 113.3 111.8 1.5 15.4 3.10 26.6 2.9 15.0 8.9 8.6 52.8 53.5 13.3 100.98 7.7 3478
44 Taurean Prince LAL 29 65 34 31 28.3 113.7 117.7 -4.0 7.4 1.89 15.8 0.9 9.1 5.1 8.3 56.3 57.5 13.0 102.13 5.4 3915
44 Tim Hardaway Jr. DAL 32 65 38 27 27.9 116.7 116.8 -0.1 8.8 1.82 10.2 1.1 10.7 5.9 5.6 51.7 55.1 22.5 102.19 8.6 3877
54 Aaron Holiday HOU 27 64 31 33 16.3 108.9 107.1 1.8 15.6 2.43 21.9 1.4 8.0 4.6 9.0 54.7 57.4 15.6 102.28 7.7 2221
54 Aaron Wiggins OKC 25 64 46 18 14.4 114.7 109.8 4.8 8.5 1.39 14.7 5.4 9.8 7.8 10.6 65.5 67.1 15.5 100.79 9.2 1914
54 Anthony Davis LAL 31 64 35 29 35.6 116.1 115.5 0.6 15.5 1.83 14.3 9.0 24.7 17.2 7.8 56.1 61.6 26.0 101.86 16.5 4828
54 Anthony Edwards MIN 22 64 44 20 35.1 116.9 107.7 9.2 23.3 1.61 16.3 1.8 12.9 7.6 10.1 52.8 58.0 31.7 98.31 14.6 4617
54 Bogdan Bogdanovic ATL 31 64 29 35 29.7 117.5 114.4 3.1 14.5 2.23 15.9 2.0 9.2 5.5 7.1 53.1 56.0 21.9 101.88 9.0 4043
54 Cedi Osman SAS 28 64 14 50 17.4 106.4 120.2 -13.8 13.3 2.49 21.0 1.9 12.3 6.9 8.4 58.4 59.5 14.8 104.46 7.7 2428
54 Dejounte Murray ATL 27 64 28 36 35.4 116.9 119.3 -2.5 25.1 2.44 21.0 1.9 12.7 7.0 8.6 53.2 56.3 25.2 101.78 12.1 4807
54 Giannis Antetokounmpo MIL 29 64 41 23 35.0 120.5 113.5 7.0 31.0 1.87 19.3 7.2 23.6 15.7 10.3 63.0 65.6 32.2 102.54 19.8 4777
54 Grant Williams CHA 25 64 31 33 27.5 110.9 114.8 -3.8 9.4 1.32 16.2 3.9 10.5 7.1 12.3 55.0 58.1 15.1 100.37 5.9 3689
54 Jayson Tatum BOS 26 64 51 13 35.7 122.3 109.7 12.7 20.9 1.94 16.6 2.5 19.0 11.2 8.6 55.6 60.7 29.6 99.28 15.6 4723
54 Jevon Carter CHI 28 64 31 33 13.7 109.4 108.3 1.1 12.1 2.26 17.8 0.8 5.2 2.9 7.9 48.9 49.1 16.8 99.16 5.2 1816
54 Jusuf Nurkic PHX 29 64 39 25 27.3 120.8 112.2 8.6 17.9 1.65 23.4 11.4 28.2 20.2 14.2 54.2 57.0 19.2 100.30 12.2 3646
54 Kyle Anderson MIN 30 64 45 19 22.5 109.9 105.3 4.6 26.1 3.41 36.5 3.4 11.9 7.8 10.7 47.8 51.9 13.6 100.66 9.6 3018
54 Myles Turner IND 27 64 36 28 27.4 120.5 116.1 4.4 6.3 0.87 7.8 5.8 19.6 12.8 8.9 58.2 62.4 23.3 102.81 11.4 3753
54 Toumani Camara POR 23 64 19 45 24.5 106.8 111.4 -4.7 6.9 1.00 12.8 7.2 12.4 9.7 12.8 50.1 53.4 13.4 99.33 6.3 3240
69 Alperen Sengun HOU 21 63 29 34 32.5 113.9 113.2 0.8 24.8 1.93 19.4 8.6 19.3 13.9 10.1 55.3 58.5 27.0 99.22 14.9 4236
69 Ausar Thompson DET 21 63 10 53 25.1 107.7 113.1 -5.3 10.8 1.43 16.3 7.7 17.3 12.4 11.4 50.5 52.2 16.1 101.67 8.4 3329
69 Bilal Coulibaly WAS 19 63 11 52 27.2 107.4 118.4 -11.0 8.6 1.26 16.1 3.1 11.6 7.2 12.7 50.9 54.3 13.9 103.33 5.7 3687
69 Cameron Payne PHI 29 63 36 27 16.3 113.2 114.2 -1.0 21.7 3.27 26.4 1.2 7.0 4.1 8.1 54.5 57.6 18.2 100.58 8.3 2158
69 D'Angelo Russell LAL 28 63 36 27 32.1 116.0 115.0 1.1 26.9 3.24 27.1 1.3 7.5 4.5 8.4 56.7 59.2 22.3 102.68 10.4 4339
69 Damian Lillard MIL 33 63 44 19 35.1 120.4 112.4 8.0 28.4 2.76 23.5 1.5 10.2 6.0 8.5 51.2 59.4 27.3 102.79 13.4 4733
69 Deni Avdija WAS 23 63 11 52 29.1 109.8 117.4 -7.6 17.2 1.80 21.3 3.9 18.9 11.4 11.8 56.7 60.0 19.2 105.36 10.6 4012
69 Derrick Jones Jr. DAL 27 63 36 27 23.6 114.5 115.2 -0.6 5.3 1.09 10.4 4.7 9.2 7.0 9.5 57.8 60.1 14.6 102.03 7.0 3168
69 Isaiah Joe OKC 24 63 44 19 18.4 117.8 108.2 9.6 8.0 1.84 13.6 2.2 9.8 6.1 7.4 60.8 62.3 15.7 103.71 8.7 2533
69 Jaden Ivey DET 22 63 12 51 28.6 112.3 118.6 -6.3 18.7 1.51 18.6 4.2 7.9 6.1 12.3 49.7 54.5 23.8 101.93 7.5 3826
69 Jeff Green HOU 37 63 30 33 16.3 107.6 112.1 -4.4 7.7 1.26 12.9 3.2 9.0 6.1 10.3 51.5 58.4 14.7 100.98 6.8 2166
69 Keldon Johnson SAS 24 63 15 48 29.6 108.7 116.8 -8.1 14.3 1.95 15.5 4.4 13.6 8.8 8.0 53.0 56.5 21.5 103.71 9.9 4030
69 Kevin Huerter SAC 25 63 36 27 24.8 117.6 115.1 2.5 13.7 3.17 20.7 2.4 12.4 7.3 6.5 55.3 56.4 17.3 101.05 7.7 3282
69 Klay Thompson GSW 34 63 32 31 29.6 115.1 117.5 -2.5 10.5 1.46 11.5 1.5 9.7 5.6 7.9 53.8 56.5 23.0 102.01 8.5 3970
69 Malaki Branham SAS 20 63 13 50 20.5 106.6 119.3 -12.8 15.2 1.83 18.5 1.7 7.8 4.6 10.1 49.6 52.0 19.2 103.53 6.3 2791
69 Matisse Thybulle POR 27 63 18 45 23.4 108.0 115.2 -7.2 8.2 2.20 19.3 2.0 7.4 4.6 8.8 52.9 54.2 10.5 99.44 6.1 3055
69 Nikola Vucevic CHI 33 63 31 32 34.5 112.5 115.2 -2.8 15.3 2.05 15.1 8.2 22.9 15.5 7.4 51.5 53.4 23.6 97.61 12.5 4414
69 Patrick Beverley MIL 35 63 38 25 19.6 109.9 112.3 -2.4 21.0 2.95 30.2 3.1 12.0 7.6 10.2 49.1 53.0 14.3 98.79 8.2 2535
69 Rudy Gobert MIN 31 63 44 19 33.9 115.0 106.2 8.8 5.2 0.81 9.5 11.7 25.5 19.1 11.7 64.8 66.7 15.2 97.01 13.5 4318
69 Saddiq Bey ATL 24 63 28 35 32.7 118.6 119.1 -0.5 5.8 1.70 9.9 7.5 11.9 9.6 5.8 49.7 54.9 16.3 102.06 7.9 4384
69 Tre Jones SAS 24 63 14 49 26.8 111.4 113.2 -1.7 30.1 4.17 39.0 2.5 9.8 6.2 9.3 55.6 59.5 14.7 102.90 10.9 3626
90 Aaron Gordon DEN 28 62 42 20 31.4 119.3 111.0 8.3 13.7 2.32 20.6 7.4 13.1 10.3 8.9 58.8 60.8 17.3 98.27 10.2 3992
90 Derrick White BOS 29 62 50 12 32.3 122.9 109.2 13.7 20.1 3.15 26.5 2.2 9.7 6.2 8.4 58.1 61.4 18.3 100.38 10.6 4189
90 Devin Vassell SAS 23 62 14 48 32.8 109.1 114.9 -5.7 18.7 2.55 18.2 1.3 10.1 5.7 7.1 55.2 58.0 22.8 102.46 11.1 4337
90 Drew Eubanks PHX 27 62 33 29 15.6 107.8 112.4 -4.6 7.9 0.94 14.4 8.9 17.3 13.3 15.3 63.4 66.7 13.3 99.94 10.5 2002
90 Duncan Robinson MIA 29 62 35 27 28.6 112.3 110.6 1.7 15.8 2.10 19.7 0.7 8.3 4.5 9.4 60.0 62.4 18.7 98.04 8.8 3626
90 Grayson Allen PHX 28 62 36 26 33.8 119.3 115.4 3.9 11.8 2.37 22.1 1.9 9.0 5.7 9.3 66.2 69.3 13.8 100.18 8.5 4365
90 Immanuel Quickley TOR 24 62 26 36 28.9 113.4 114.3 -0.9 23.3 3.36 22.7 0.8 11.6 6.2 6.7 52.7 56.9 22.9 100.14 11.4 3743
90 Jabari Smith Jr. HOU 20 62 31 31 32.0 111.8 112.8 -1.0 6.7 1.22 10.3 5.7 19.6 12.5 8.4 53.4 56.9 17.2 99.89 10.0 4135
90 Jalen Brunson NYK 27 62 39 23 35.2 120.0 113.0 7.0 30.2 2.54 20.4 1.6 8.7 5.1 8.0 54.4 59.3 30.0 97.09 15.0 4425
90 Jarrett Allen CLE 25 62 40 22 31.6 115.9 109.5 6.4 12.3 1.60 16.0 10.7 22.5 16.7 10.0 62.5 65.7 18.9 99.09 14.7 4035
90 John Collins UTA 26 62 27 35 28.3 114.7 121.5 -6.8 6.1 0.80 8.1 7.8 22.2 14.8 10.0 58.1 60.9 19.4 101.48 10.7 3707
90 Kentavious Caldwell-Pope DEN 31 62 44 18 31.6 121.7 111.2 10.5 9.0 2.48 20.5 1.4 5.9 3.7 8.2 54.5 58.7 12.8 98.09 6.0 4014
90 Kevon Looney GSW 28 62 33 29 16.9 115.2 116.9 -1.7 15.5 2.80 31.3 11.5 22.3 16.8 11.2 59.9 62.0 10.6 100.26 9.8 2195
90 Mike Conley MIN 36 62 44 18 28.9 113.7 107.3 6.5 29.3 5.28 37.9 1.8 8.2 5.1 7.2 58.7 61.8 14.9 97.56 11.5 3647
90 Pat Connaughton MIL 31 62 40 22 21.8 116.3 117.5 -1.3 11.0 3.08 26.4 2.9 11.8 7.4 8.6 58.7 60.6 10.2 102.13 6.8 2886
90 Spencer Dinwiddie LAL 30 62 27 35 29.1 116.6 116.2 0.4 23.8 4.41 31.6 1.4 7.9 4.6 7.2 47.8 52.7 16.7 99.53 7.8 3737
106 Anthony Black ORL 20 61 34 27 17.9 108.1 108.6 -0.5 11.0 1.67 21.5 2.8 9.7 6.2 12.9 53.5 55.7 12.2 100.22 5.4 2279
106 Brandon Ingram NOP 26 61 37 24 33.2 117.1 112.2 4.9 26.1 2.27 21.8 2.2 13.2 7.8 9.6 53.4 57.9 27.0 98.88 12.8 4175
106 Brandon Miller CHA 21 61 15 46 31.9 108.3 117.3 -9.0 11.6 1.37 12.4 2.6 10.8 6.6 9.0 51.6 54.1 23.0 98.90 8.1 3998
106 Daniel Gafford DAL 25 61 19 42 24.7 113.1 118.3 -5.2 7.1 1.37 13.6 11.0 18.8 14.9 9.9 70.8 72.1 14.3 104.02 11.7 3265
106 Dario Saric GSW 29 61 32 29 17.6 113.7 115.1 -1.5 18.8 1.92 22.3 6.3 19.1 12.5 11.6 56.0 59.9 18.9 100.04 11.1 2245
106 Gary Trent Jr. TOR 25 61 22 39 27.5 113.6 117.2 -3.6 7.5 2.33 11.0 1.1 7.9 4.5 4.7 54.0 55.2 18.4 100.11 7.2 3494
106 Herbert Jones NOP 25 61 38 23 29.4 116.7 110.3 6.4 11.0 2.07 20.5 3.6 8.5 6.1 9.9 61.2 64.8 14.2 99.54 7.9 3703
106 Isaiah Hartenstein NYK 25 61 38 23 24.9 118.5 110.4 8.1 11.3 1.97 25.9 13.0 20.3 16.6 13.1 61.8 65.1 10.5 98.61 10.6 3130
106 Jaime Jaquez Jr. MIA 23 61 36 25 29.4 113.0 111.6 1.3 13.1 1.67 17.1 4.2 9.3 6.8 10.3 53.9 57.6 18.3 98.25 8.4 3666
106 Jalen Suggs ORL 22 61 36 25 26.6 112.4 111.3 1.1 13.8 1.34 17.3 2.6 10.0 6.2 12.8 57.3 59.5 19.4 100.21 8.4 3386
106 Jrue Holiday BOS 33 61 48 13 33.1 121.3 110.8 10.5 19.7 2.68 28.4 3.8 11.5 7.9 10.6 58.7 60.5 16.1 99.27 10.0 4161
106 Kawhi Leonard LAC 32 61 39 22 34.3 119.0 110.6 8.4 16.9 2.17 15.2 3.7 13.7 9.0 7.0 58.8 63.0 25.9 98.08 15.6 4277
106 Keegan Murray SAC 23 61 35 26 33.0 116.3 114.8 1.5 6.5 1.87 10.6 3.7 13.0 8.1 5.7 54.9 57.3 17.5 100.57 7.9 4215
106 Kevin Durant PHX 35 61 34 27 37.3 118.4 114.2 4.2 22.4 1.63 17.5 1.6 15.5 9.0 10.8 58.1 63.0 28.6 100.75 15.2 4778
106 Paul George LAC 33 61 39 22 34.2 121.4 112.3 9.1 15.9 1.77 15.2 1.6 13.9 8.0 8.6 56.1 60.1 26.2 97.80 12.2 4248
106 Terance Mann LAC 27 61 39 22 25.4 117.3 115.4 1.9 8.8 2.76 17.9 5.0 8.6 6.9 6.5 56.0 58.8 13.1 97.65 6.6 3151
122 Franz Wagner ORL 22 60 37 23 32.9 112.4 108.3 4.1 19.0 1.85 16.7 3.1 14.2 8.6 9.0 52.4 57.2 25.3 98.63 13.2 4054
122 Fred VanVleet HOU 30 60 31 29 36.8 113.7 110.1 3.5 31.3 4.66 33.2 1.1 8.8 4.9 7.1 52.5 56.8 18.8 99.61 11.8 4590
122 Jaden Hardy DAL 21 60 34 26 14.0 109.3 114.5 -5.2 17.0 2.00 16.0 1.7 10.5 6.0 8.0 49.5 51.9 23.6 103.56 8.4 1810
122 Jalen Williams OKC 22 60 42 18 31.7 118.0 109.9 8.1 19.9 2.63 20.9 1.7 10.4 6.3 7.9 59.3 62.4 22.9 102.93 12.1 4063
122 James Harden LAC 34 60 38 22 34.7 121.1 114.6 6.5 32.7 3.16 34.2 1.5 13.2 7.6 10.8 55.9 62.9 20.3 97.16 13.2 4217
122 Jaylen Brown BOS 27 60 46 14 33.4 120.9 111.2 9.8 17.2 1.63 14.5 3.6 11.9 8.0 8.9 56.0 58.3 28.2 100.37 11.8 4188
122 Julian Champagnie SAS 22 60 12 48 17.6 110.3 115.4 -5.2 9.3 1.92 17.4 3.1 11.5 7.2 9.1 52.7 56.2 13.9 103.04 6.7 2271
122 Karl-Anthony Towns MIN 28 60 41 19 32.8 116.5 108.5 8.0 14.3 1.06 12.8 5.0 20.5 13.2 12.1 57.8 62.8 26.9 98.41 14.2 4045
122 Keyonte George UTA 20 60 25 35 26.0 110.8 118.5 -7.7 25.0 2.04 24.3 0.9 9.6 5.3 11.9 49.8 54.7 21.8 101.35 8.8 3300
122 Max Strus CLE 27 60 39 21 32.2 114.4 107.8 6.6 15.8 2.53 23.2 2.7 11.3 7.1 9.2 52.5 54.4 16.7 99.98 7.9 4021
122 P.J. Washington DAL 25 60 19 41 29.9 112.6 118.1 -5.5 9.1 1.42 12.9 3.8 14.3 8.9 9.1 51.2 53.3 18.9 100.72 7.6 3759
122 Precious Achiuwa NYK 24 60 31 29 23.0 112.6 111.3 1.4 9.0 1.20 13.9 10.9 17.5 14.1 11.6 52.9 54.5 16.2 96.08 9.6 2760
122 Scottie Barnes TOR 22 60 22 38 34.9 112.6 115.8 -3.2 25.3 2.20 23.1 6.4 16.7 11.5 10.5 52.8 56.6 24.0 101.17 13.2 4413
122 Stephen Curry GSW 36 60 34 26 32.8 118.0 116.7 1.2 23.1 1.67 16.7 1.5 11.4 6.5 10.0 57.4 61.8 30.5 102.38 13.8 4220
122 Tobias Harris PHI 31 60 35 25 33.8 117.7 113.1 4.6 13.6 2.36 16.4 3.2 15.1 9.1 6.9 53.5 57.8 20.1 99.32 11.4 4198
122 Victor Wembanyama SAS 20 60 14 46 29.0 107.5 111.4 -3.9 19.7 1.01 13.9 7.3 27.4 17.3 13.7 51.9 56.5 30.8 103.63 16.0 3760
138 Aaron Nesmith IND 24 59 33 26 27.2 119.1 116.1 3.0 6.7 1.62 12.2 3.2 10.6 7.0 7.5 62.1 64.1 16.1 102.65 7.5 3429
138 Alex Caruso CHI 30 59 29 30 27.8 110.8 109.6 1.1 15.7 2.26 24.5 3.2 10.2 6.8 10.8 58.7 60.8 14.8 99.34 8.8 3390
138 Bennedict Mathurin IND 21 59 33 26 26.1 115.0 117.9 -2.9 10.5 1.23 12.2 3.8 11.3 7.5 10.0 50.7 56.2 22.6 103.79 8.7 3329
138 Clint Capela ATL 29 59 27 32 25.4 114.9 116.6 -1.7 6.2 1.20 9.7 16.2 22.6 19.2 8.1 56.4 58.6 16.6 102.33 11.9 3192
138 David Roddy PHX 22 59 20 39 19.6 104.1 113.6 -9.5 10.0 1.33 13.5 4.2 13.4 8.6 10.1 46.5 48.7 17.8 101.09 6.7 2435
138 Dorian Finney-Smith BKN 30 59 23 36 28.5 111.4 112.6 -1.2 7.6 1.80 14.9 5.6 10.5 8.0 8.3 54.8 55.7 13.4 98.57 6.4 3445
138 LeBron James LAL 39 59 31 28 35.2 116.3 114.2 2.1 35.1 2.46 25.5 2.6 17.0 10.2 10.4 59.0 62.0 28.5 101.39 16.5 4391
138 Luka Doncic DAL 25 59 36 23 37.4 119.9 116.0 3.9 42.7 2.46 23.7 2.2 21.2 11.8 9.6 57.6 62.1 35.5 101.09 20.2 4654
146 Alec Burks NYK 32 58 14 44 19.3 107.9 118.7 -10.8 11.3 1.86 11.2 1.9 9.9 5.8 6.0 48.8 54.6 23.4 101.05 8.9 2358
146 Brandin Podziemski GSW 21 58 30 28 27.1 118.1 111.3 6.8 18.5 3.09 27.9 5.5 14.8 10.1 9.0 52.4 53.5 15.3 100.79 9.5 3310
146 De'Aaron Fox SAC 26 58 34 24 35.7 117.6 114.0 3.6 24.2 2.14 17.8 2.4 9.9 6.0 8.3 53.5 56.8 30.3 102.73 12.4 4424
146 Dillon Brooks HOU 28 58 28 30 31.2 112.3 112.8 -0.4 7.6 1.31 11.6 2.4 8.4 5.4 8.9 52.5 55.9 17.5 99.93 5.9 3759
146 Isaac Okoro CLE 23 58 36 22 27.3 113.3 110.0 3.3 10.0 2.52 18.5 3.8 7.5 5.7 7.3 58.1 60.3 13.9 98.77 7.2 3240
146 Jabari Walker POR 21 58 16 42 22.0 108.7 117.0 -8.4 5.8 0.93 9.2 8.5 21.4 14.5 9.9 50.8 55.4 16.1 98.70 9.3 2621
146 Jaren Jackson Jr. MEM 24 58 19 39 32.1 106.9 112.8 -5.9 12.6 0.91 9.0 3.6 13.8 8.5 9.9 50.1 55.9 29.9 100.05 11.2 3870
146 Kris Dunn UTA 30 58 25 33 18.6 118.8 117.5 1.3 25.2 3.20 39.2 3.8 10.8 7.3 12.3 54.5 55.4 13.1 103.30 8.0 2319
146 Marcus Sasser DET 23 58 10 48 16.5 109.9 116.4 -6.5 27.1 2.84 28.5 0.7 9.4 4.9 10.0 54.3 56.5 19.0 102.66 9.3 2052
146 Nic Claxton BKN 24 58 21 37 29.6 107.9 114.0 -6.1 10.8 1.74 16.1 8.4 24.1 16.0 9.3 62.8 63.2 15.7 99.08 13.1 3527
146 Nick Richards CHA 26 58 12 46 26.6 106.1 117.5 -11.4 4.4 0.72 9.0 10.0 21.8 15.8 12.5 68.6 71.1 13.2 98.13 10.8 3143
146 Russell Westbrook LAC 35 58 38 20 22.6 116.5 113.7 2.9 27.6 2.17 25.5 6.1 15.5 11.0 11.8 48.4 51.1 23.6 102.41 11.1 2793
146 Tyrese Maxey PHI 23 58 36 22 37.3 119.1 114.6 4.5 25.5 3.57 20.5 1.5 8.5 5.0 5.7 52.6 57.6 27.2 98.97 12.8 4464
159 Andrew Wiggins GSW 29 57 28 29 26.9 115.2 118.0 -2.8 8.9 1.45 11.6 5.4 9.7 7.6 8.0 50.9 53.9 19.9 101.19 7.3 3226
159 Bam Adebayo MIA 26 57 32 25 34.6 110.0 110.0 0.0 19.0 1.68 16.5 6.7 24.0 15.3 9.8 51.6 56.7 25.2 97.83 14.9 4018
159 Cade Cunningham DET 22 57 8 49 33.6 110.0 117.8 -7.8 35.6 2.19 24.3 1.5 11.3 6.3 11.1 50.2 54.7 29.1 100.84 12.3 4024
159 Jaden McDaniels MIN 23 57 38 19 29.0 114.5 109.8 4.7 6.7 1.16 12.1 2.8 7.3 5.1 10.4 55.5 56.9 15.5 97.38 5.3 3350
159 Jae'Sean Tate HOU 28 57 26 31 16.7 110.5 105.5 5.0 8.3 1.93 18.5 5.4 13.0 9.1 9.6 51.9 53.5 11.2 101.63 5.8 1999
159 Jaxson Hayes LAL 23 57 31 26 11.7 109.5 114.1 -4.5 4.9 0.77 11.3 8.0 14.1 11.3 14.6 69.9 69.8 12.1 102.32 7.5 1418
159 Jordan Hawkins NOP 21 57 34 23 19.0 113.8 114.6 -0.8 8.6 1.74 11.6 2.4 10.1 6.2 6.7 50.7 54.0 19.2 100.70 7.0 2289
159 Miles Bridges CHA 25 57 14 43 37.6 107.2 118.7 -11.6 14.7 1.67 13.8 2.6 18.1 10.1 8.2 52.3 55.2 24.4 98.92 11.4 4415
159 T.J. McConnell IND 31 57 31 26 17.8 116.9 114.6 2.2 39.9 3.66 36.2 3.0 12.8 7.8 9.9 55.8 57.6 21.5 103.94 14.9 2195
168 Al Horford BOS 37 56 44 12 26.8 120.1 108.6 11.5 12.8 3.82 27.0 4.9 18.1 11.8 7.1 62.7 63.9 11.6 99.24 10.4 3102
168 Bruce Brown TOR 27 56 25 31 28.3 117.6 119.6 -2.1 12.5 2.45 20.5 2.8 13.0 7.9 8.4 51.3 55.8 16.0 103.35 7.7 3413
168 Davion Mitchell SAC 25 56 33 23 13.7 106.7 114.5 -7.7 17.1 2.97 27.1 1.2 7.0 4.0 9.1 53.3 54.9 14.0 101.32 5.6 1618
168 Zach Collins SAS 26 56 12 44 22.7 106.5 118.8 -12.3 18.9 1.44 19.3 7.2 15.6 11.3 13.4 52.9 56.2 22.0 102.45 8.9 2713
168 Zion Williamson NOP 23 56 34 22 30.9 114.4 111.3 3.1 25.8 2.01 19.7 5.8 12.5 9.2 9.8 58.4 61.8 27.8 101.89 14.9 3679
173 Amir Coffey LAC 26 55 37 18 19.1 115.8 118.9 -3.1 6.7 2.16 15.9 2.0 8.2 5.1 7.4 60.8 64.3 11.4 101.05 6.2 2216
173 Caris LeVert CLE 29 55 33 22 28.2 114.7 110.7 3.9 25.9 3.28 25.2 1.9 11.5 6.7 7.7 48.1 51.4 22.6 100.11 10.5 3242
173 Eric Gordon PHX 35 55 32 23 29.3 116.7 114.1 2.6 10.2 1.86 16.2 1.1 5.4 3.4 8.7 57.4 58.9 16.5 100.57 7.2 3374
173 Ivica Zubac LAC 27 55 33 22 26.4 117.4 112.2 5.2 7.4 1.14 12.3 11.9 22.8 17.6 10.8 65.4 67.2 16.1 97.06 12.0 2937
173 Jaylin Williams OKC 21 55 39 16 12.4 116.4 106.4 10.0 13.6 3.43 25.6 4.4 21.1 13.0 7.5 51.4 54.2 13.0 100.94 8.9 1438
173 Kenrich Williams OKC 29 55 40 15 14.0 117.5 106.2 11.3 11.3 3.40 23.2 6.0 14.3 10.3 6.8 55.8 55.3 12.5 101.08 7.5 1613
173 Malachi Flynn DET 25 55 26 29 11.1 105.1 113.1 -8.0 21.4 2.12 26.3 1.9 10.8 6.2 12.4 49.2 52.1 16.8 100.51 7.5 1275
173 Naji Marshall NOP 26 55 36 19 19.0 116.5 108.3 8.2 14.3 1.95 21.6 4.7 13.8 9.4 11.1 54.3 58.1 16.2 101.52 9.2 2201
173 Santi Aldama MEM 23 55 21 34 26.0 106.2 113.4 -7.1 13.6 1.92 16.8 4.2 16.9 10.3 8.8 52.1 53.2 18.2 98.06 9.8 2919
173 Tyrese Haliburton IND 24 55 31 24 32.3 121.7 116.9 4.8 46.4 4.72 37.1 1.7 10.1 5.9 7.9 57.0 60.5 24.3 104.10 15.9 3850
173 Walker Kessler UTA 22 55 26 29 23.4 111.7 115.0 -3.3 5.3 0.87 10.7 11.0 19.6 15.4 12.2 65.1 65.0 12.8 101.13 10.9 2714
184 Andrew Nembhard IND 24 54 32 22 24.1 115.0 114.0 1.0 22.2 2.57 30.3 2.4 6.1 4.2 11.8 54.5 56.0 16.8 101.79 7.6 2753
184 Dean Wade CLE 27 54 36 18 20.5 111.9 103.5 8.3 5.2 2.15 14.0 3.3 15.4 9.4 6.5 58.4 59.8 10.1 99.94 7.3 2300
184 Devin Booker PHX 27 54 33 21 35.9 120.5 114.7 5.8 29.5 2.76 21.9 2.2 10.2 6.4 7.9 54.5 60.6 29.1 100.19 14.4 4056
184 Dwight Powell DAL 32 54 32 22 14.0 117.9 114.3 3.6 12.7 2.66 32.0 10.8 13.4 12.1 12.0 69.9 73.4 9.0 102.52 8.0 1610
184 Goga Bitadze ORL 24 54 29 25 16.9 113.2 109.3 3.9 11.5 1.88 21.8 11.0 18.6 14.7 11.6 61.3 63.4 12.5 97.52 11.5 1845
184 Jerami Grant POR 30 54 17 37 33.9 107.8 117.5 -9.6 13.8 1.31 12.2 1.9 8.7 5.2 9.3 51.6 57.3 25.5 98.26 10.0 3751
184 Joe Ingles ORL 36 54 35 19 17.2 115.2 111.9 3.3 21.7 3.27 39.3 2.0 10.7 6.4 12.0 57.9 60.1 11.3 99.46 8.0 1938
184 Jordan Clarkson UTA 31 54 22 32 30.5 114.3 119.8 -5.5 24.5 1.91 20.7 2.9 8.2 5.5 10.9 47.3 52.4 25.7 100.82 9.2 3468
184 Josh Green DAL 23 54 31 23 26.6 118.3 118.9 -0.7 11.0 2.19 22.3 2.7 9.4 6.1 10.2 59.3 60.4 12.9 101.42 6.5 3023
184 Josh Okogie PHX 25 54 33 21 17.1 113.3 110.9 2.3 9.1 1.88 18.3 7.8 8.1 8.0 9.8 48.5 54.9 12.4 100.94 6.8 1937
184 Kelly Oubre Jr. PHI 28 54 30 24 29.5 114.1 116.0 -1.9 6.1 1.06 7.6 4.3 11.5 7.7 7.2 50.0 53.6 21.3 99.33 7.4 3281
184 Max Christie LAL 21 54 28 26 15.6 109.1 111.8 -2.7 8.3 1.56 16.9 1.5 12.2 7.2 10.8 51.7 54.8 13.0 104.10 6.0 1832
184 Miles McBride NYK 23 54 33 21 15.1 104.6 107.6 -3.0 14.7 3.43 18.0 2.0 5.3 3.6 5.3 54.9 56.4 17.3 95.72 8.0 1618
184 Rui Hachimura LAL 26 54 29 25 25.8 115.4 113.9 1.5 5.8 1.51 9.0 3.1 10.9 7.2 5.9 59.7 61.4 18.3 101.90 8.8 2965
198 Cam Thomas BKN 22 53 18 35 30.2 111.7 115.9 -4.2 14.7 1.54 11.5 1.4 8.9 5.0 7.5 50.2 54.9 29.4 100.28 10.2 3355
198 Duop Reath POR 27 53 15 38 17.7 111.8 117.5 -5.7 9.0 1.23 10.6 7.6 13.2 10.2 8.6 56.3 58.3 20.0 98.35 8.4 1913
198 Onyeka Okongwu ATL 23 53 23 30 25.8 118.5 118.1 0.4 7.0 1.58 13.8 10.0 16.8 13.3 8.7 64.1 67.5 13.3 103.42 9.4 2942
198 RJ Barrett TOR 23 53 24 29 31.6 114.1 116.8 -2.7 15.3 1.60 14.5 2.6 13.7 8.1 9.1 54.2 57.5 25.2 101.27 10.5 3526
198 Trayce Jackson-Davis GSW 24 53 29 24 14.1 114.1 113.0 1.2 10.8 1.60 15.7 11.6 16.8 14.2 9.8 70.9 70.0 16.3 100.96 13.0 1578
198 Zeke Nnaji DEN 23 53 37 16 9.8 102.2 114.9 -12.8 8.4 1.11 13.6 10.3 9.5 9.9 12.3 46.7 52.2 15.4 98.87 6.1 1063
204 Cameron Johnson BKN 28 52 19 33 27.7 112.5 115.3 -2.7 13.1 2.46 16.3 3.3 12.5 7.6 6.6 56.4 58.7 19.2 98.61 9.8 2976
204 Daniel Theis LAC 31 52 35 17 16.7 116.4 114.8 1.5 8.2 1.51 14.9 8.6 14.2 11.4 9.8 56.6 58.5 14.9 99.61 7.8 1810
204 Dennis Smith Jr. BKN 26 52 19 33 19.5 110.6 109.9 0.7 27.3 3.11 31.7 4.8 11.1 7.9 10.2 47.6 50.2 17.5 98.69 9.1 2066
204 Doug McDermott IND 32 52 14 38 14.7 109.2 120.6 -11.5 10.4 2.44 18.4 1.1 5.4 3.2 7.5 59.4 59.6 14.6 103.45 5.4 1664
204 Dyson Daniels NOP 21 52 30 22 21.9 116.3 111.2 5.1 15.2 2.62 29.1 4.5 12.0 8.3 11.1 50.0 51.8 12.3 100.38 7.6 2369
204 Jalen Duren DET 20 52 12 40 29.9 110.3 117.7 -7.4 12.6 1.23 17.0 10.9 28.2 19.5 13.8 63.2 66.0 17.6 101.05 13.8 3260
204 Jamal Murray DEN 27 52 38 14 32.0 119.2 112.0 7.3 29.8 3.19 24.9 2.2 10.3 6.4 7.8 54.7 57.9 26.8 97.89 13.4 3398
204 John Konchar MEM 27 52 17 35 20.6 105.4 111.8 -6.3 13.1 2.33 28.7 5.8 16.6 10.9 12.4 52.3 54.4 9.9 98.80 8.4 2202
204 Vince Williams Jr. MEM 23 52 18 34 27.6 108.4 111.4 -3.0 17.7 1.90 25.0 3.9 16.3 9.9 13.1 55.0 59.7 15.5 99.07 9.6 2964
213 CJ McCollum NOP 32 51 34 17 31.3 116.2 112.2 3.9 19.9 2.78 20.2 1.7 11.9 6.9 7.3 56.6 58.6 23.4 99.90 11.4 3337
213 Caleb Houstan ORL 21 51 27 24 14.0 109.5 111.9 -2.5 5.4 1.80 11.8 3.3 7.1 5.2 6.6 55.9 57.8 12.2 96.27 5.0 1438
213 Day'Ron Sharpe BKN 22 51 20 31 15.5 115.3 109.2 6.1 13.7 1.34 17.6 15.8 23.4 19.6 13.1 59.9 61.4 18.2 99.63 13.4 1635
213 Garrison Mathews ATL 27 51 23 28 13.4 110.6 114.3 -3.7 4.6 1.60 13.2 2.0 8.1 5.0 8.2 64.0 65.3 9.7 102.03 3.8 1448
213 Haywood Highsmith MIA 27 51 30 21 19.4 110.4 110.7 -0.2 6.9 1.85 15.0 4.2 9.4 6.8 8.2 53.2 55.0 12.0 98.19 5.4 2011
213 JT Thor CHA 21 51 12 39 12.4 106.3 111.5 -5.3 4.4 1.54 10.5 5.7 12.5 8.9 6.8 45.0 45.6 11.2 100.55 4.7 1325
213 Keita Bates-Diop BKN 28 51 29 22 12.9 108.9 113.6 -4.6 8.3 2.47 15.8 5.0 11.7 8.5 6.4 49.7 53.1 12.9 98.91 7.7 1354
213 Lauri Markkanen UTA 26 51 22 29 32.9 118.7 117.2 1.5 9.0 1.54 9.4 6.6 17.8 12.2 6.1 58.3 63.4 23.7 102.67 13.5 3586
213 Moses Moody GSW 21 51 27 24 17.8 112.7 110.9 1.8 6.0 1.06 8.7 5.5 11.2 8.2 8.2 53.3 56.4 17.7 101.51 8.7 1924
213 Quentin Grimes DET 23 51 32 19 20.1 108.1 109.1 -0.9 9.4 2.36 15.0 1.3 8.0 4.6 6.3 49.5 51.6 15.5 97.78 5.9 2079
213 Trae Young ATL 25 51 22 29 36.5 116.3 118.9 -2.6 43.3 2.51 28.7 1.1 6.3 3.6 11.4 51.2 58.1 29.2 104.91 13.2 4066
213 Ziaire Williams MEM 22 51 20 31 20.3 102.5 112.4 -9.9 11.8 1.14 13.6 3.1 13.8 8.2 12.0 47.4 51.1 19.2 100.40 7.4 2156
225 Bryce McGowens CHA 21 50 9 41 15.8 104.6 116.6 -12.0 8.4 1.77 15.5 2.0 9.8 5.8 8.8 53.1 57.5 13.8 99.39 5.8 1637
225 Caleb Martin MIA 28 50 28 22 27.4 113.2 112.1 1.2 11.0 1.73 16.4 4.5 12.7 8.6 9.5 53.1 55.8 16.8 96.77 8.1 2761
225 Chris Boucher TOR 31 50 16 34 14.1 116.0 113.6 2.4 4.4 0.82 7.5 8.4 20.2 14.2 9.1 57.8 62.5 16.7 99.35 10.6 1456
225 Christian Wood LAL 28 50 28 22 17.4 109.9 109.9 0.0 7.9 0.98 12.1 4.8 22.6 14.4 12.3 53.2 56.8 17.3 101.73 10.1 1849
225 Isaiah Jackson IND 22 50 30 20 13.0 112.6 112.6 0.0 8.3 1.14 12.5 11.4 19.1 15.2 11.0 66.7 69.1 17.2 105.28 12.3 1426
225 Jakob Poeltl TOR 28 50 21 29 26.4 113.6 114.2 -0.6 13.1 1.65 20.3 11.0 21.4 16.2 12.3 65.6 65.3 16.0 100.54 11.7 2763
225 Jalen Johnson ATL 22 50 25 25 34.0 114.1 115.5 -1.3 14.8 2.02 18.8 3.5 20.7 12.0 9.3 56.6 58.8 18.0 103.64 11.5 3673
225 KJ Martin PHI 23 50 26 24 11.6 111.2 112.9 -1.7 8.7 1.48 17.5 4.2 11.6 7.8 11.8 57.0 57.6 12.5 101.64 5.5 1219
225 Terry Rozier MIA 30 50 16 34 34.1 109.6 119.1 -9.6 28.8 3.41 23.9 1.8 11.0 6.2 7.0 50.8 55.0 25.2 98.80 11.8 3504
234 Andre Jackson Jr. MIL 22 49 30 19 10.4 113.9 119.6 -5.6 11.5 2.00 28.2 7.7 11.8 9.7 14.1 61.2 62.3 9.6 102.59 4.6 1090
234 Dereck Lively II DAL 20 49 29 20 24.2 121.1 116.1 4.9 6.0 1.12 13.7 10.9 17.3 14.2 12.2 75.4 73.5 12.3 101.03 9.9 2500
234 Donovan Mitchell CLE 27 49 33 16 35.4 116.1 107.4 8.7 27.1 2.11 19.2 2.5 11.9 7.3 9.1 55.2 60.0 30.6 99.96 15.6 3620
234 Luke Kornet BOS 28 49 38 11 15.2 119.2 110.1 9.1 8.6 2.47 19.1 11.7 13.2 12.4 7.7 68.8 72.6 11.3 97.64 11.1 1502
234 Sam Merrill CLE 27 49 32 17 16.9 111.5 110.0 1.5 15.0 6.07 20.4 2.1 9.5 5.8 3.4 59.5 60.6 17.2 98.28 9.5 1708
234 Trendon Watford BKN 23 49 19 30 11.5 112.1 114.0 -1.9 14.9 1.60 17.4 6.9 15.3 11.1 10.9 56.6 61.3 19.6 99.52 10.9 1164
234 Trey Lyles SAC 28 49 29 20 19.8 118.2 112.3 5.9 7.2 1.77 14.7 4.9 17.0 11.0 8.3 58.2 60.2 13.7 101.25 8.2 2040
241 Amen Thompson HOU 21 48 21 27 20.0 109.1 109.1 0.0 15.8 1.61 20.6 8.2 19.0 13.3 12.8 54.0 56.7 17.2 104.09 11.3 2076
241 Jalen Smith IND 24 48 28 20 17.8 118.7 118.5 0.2 8.1 1.37 11.8 9.2 22.1 15.5 8.7 69.5 70.4 18.6 102.98 12.7 1816
241 James Wiseman DET 22 48 7 41 14.9 107.2 117.7 -10.5 7.6 0.88 12.1 9.8 20.8 15.2 13.8 65.8 66.9 15.1 104.22 9.9 1542
241 Jordan Goodwin MEM 25 48 26 22 16.3 105.3 110.5 -5.1 22.1 2.65 25.6 6.5 12.7 9.6 9.6 43.0 45.5 17.7 98.62 8.9 1608
241 Kyle Lowry PHI 37 48 25 23 28.2 111.0 112.5 -1.5 21.6 2.96 33.6 2.2 10.5 6.2 11.4 54.7 58.0 13.0 97.08 7.8 2737
241 Larry Nance Jr. NOP 31 48 28 20 18.9 112.1 107.4 4.7 11.8 1.98 24.8 7.9 18.5 13.3 12.6 64.1 66.4 11.2 100.84 10.5 1902
241 Scoot Henderson POR 20 48 16 32 26.8 108.5 120.2 -11.7 27.2 1.60 22.7 2.9 8.5 5.5 14.1 42.5 48.1 25.0 99.48 6.0 2661
248 Blake Wesley SAS 21 47 12 35 13.3 104.9 114.4 -9.5 27.2 3.60 37.0 1.9 7.5 4.6 10.3 51.6 54.9 14.0 103.95 7.2 1360
248 Gradey Dick TOR 20 47 16 31 18.4 105.4 118.4 -13.0 9.4 1.73 14.7 2.4 8.3 5.2 8.5 52.5 54.7 15.6 102.31 5.9 1845
248 Jimmy Butler MIA 34 47 24 23 34.1 115.7 111.7 4.0 22.0 2.74 20.3 5.9 10.5 8.2 7.4 53.6 62.3 24.1 97.68 14.6 3262
248 Kevin Love MIA 35 47 26 21 17.5 115.0 109.3 5.7 19.2 2.76 21.2 5.9 29.1 17.4 7.7 56.4 60.6 20.3 99.43 14.4 1697
248 Kris Murray POR 23 47 10 37 17.8 108.5 110.7 -2.2 9.3 1.60 17.6 5.0 11.3 8.0 11.0 46.0 47.9 13.1 98.65 6.1 1717
248 Lonnie Walker IV BKN 25 47 20 27 17.7 115.3 112.7 2.6 11.1 1.38 11.5 1.1 10.7 5.9 8.3 55.6 57.3 23.8 100.87 9.4 1762
248 Vasilije Micic CHA 30 47 30 17 17.2 112.4 108.9 3.5 29.2 2.49 33.2 1.3 6.0 3.8 13.4 49.8 53.4 19.1 98.19 8.3 1656
255 Chris Duarte SAC 26 46 27 19 12.8 112.5 113.7 -1.2 8.2 1.85 15.9 3.2 11.9 7.4 8.6 50.0 52.6 14.0 99.39 5.3 1209
255 Jonathan Isaac ORL 26 46 29 17 15.1 112.4 101.8 10.6 4.0 0.83 6.5 8.5 19.7 14.3 7.9 56.8 59.6 16.6 98.74 13.5 1424
255 Jose Alvarado NOP 25 46 31 15 17.5 117.8 104.6 13.2 15.3 2.60 21.4 1.9 9.5 5.8 8.2 52.0 53.8 17.2 100.39 8.3 1673
255 Julius Randle NYK 29 46 29 17 35.4 119.7 113.8 6.0 21.7 1.44 16.9 5.9 19.8 12.8 11.7 51.8 56.9 28.7 98.84 13.4 3364
255 Kristaps Porzingis BOS 28 46 35 11 29.8 121.4 109.5 11.9 9.3 1.22 10.2 5.7 16.0 11.2 8.4 59.4 65.4 24.6 101.10 13.7 2897
255 Kyrie Irving DAL 31 46 28 18 34.3 119.6 115.6 4.1 23.4 3.03 18.8 2.2 12.0 7.1 6.2 56.6 60.0 27.6 101.22 14.5 3324
255 Landry Shamet WAS 27 46 6 40 15.8 109.3 119.2 -9.9 10.4 1.80 14.4 2.1 6.5 4.2 8.0 52.7 55.6 18.1 103.63 5.8 1571
255 Nicolas Batum PHI 35 46 27 19 24.6 119.3 112.9 6.4 11.0 3.45 30.7 5.0 11.1 8.0 8.9 60.3 61.3 8.5 98.78 6.4 2327
263 AJ Green MIL 24 45 31 14 10.3 115.4 115.5 -0.1 8.2 3.86 13.9 1.7 9.9 5.9 3.6 60.6 62.6 15.8 99.35 7.3 958
263 Dalen Terry CHI 21 45 21 24 10.0 113.7 110.9 2.8 15.0 2.39 28.9 3.6 13.3 8.4 12.1 46.9 50.0 12.4 99.32 5.9 933
263 Deandre Ayton POR 25 45 12 33 32.3 108.3 115.2 -6.9 8.4 0.91 9.9 9.9 24.8 17.2 10.8 58.2 59.9 19.8 97.85 13.8 2964
263 Isaiah Stewart DET 22 45 9 36 31.2 110.6 114.4 -3.8 6.9 1.09 13.0 5.3 16.0 10.7 11.9 57.3 59.8 14.4 100.62 8.0 2943
263 MarJon Beauchamp MIL 23 45 29 16 13.1 113.6 115.0 -1.4 6.7 1.11 13.3 3.8 12.0 8.1 12.0 56.8 58.3 13.8 103.37 6.0 1269
263 Mo Bamba PHI 25 45 23 22 12.1 107.8 110.9 -3.1 8.5 0.91 13.9 10.0 20.8 15.2 15.2 53.8 55.5 15.0 97.52 8.9 1106
269 Gary Harris ORL 29 44 29 15 23.4 113.9 109.6 4.3 9.5 3.13 20.1 2.0 5.4 3.7 6.4 57.9 59.7 12.0 98.76 6.2 2114
269 Justin Holiday DEN 34 44 28 16 14.5 113.7 111.8 1.8 9.7 5.00 24.9 1.0 7.4 4.2 5.0 60.1 60.4 10.1 100.03 5.7 1326
269 Khris Middleton MIL 32 44 28 16 26.2 120.3 113.8 6.4 26.3 2.45 25.7 2.4 12.7 7.8 10.5 56.2 59.2 23.2 102.87 11.6 2480
269 Marvin Bagley III WAS 25 44 4 40 21.2 110.7 117.8 -7.1 8.6 1.02 10.4 12.2 16.9 14.5 10.2 58.2 61.6 20.4 103.11 11.4 2002
269 OG Anunoby NYK 26 44 26 18 34.1 117.7 107.2 10.5 8.8 1.41 13.9 2.8 9.5 6.2 9.8 58.0 60.0 17.3 99.16 8.4 3099
269 Oshae Brissett BOS 25 44 37 7 11.2 117.5 106.8 10.7 9.1 2.50 17.9 8.5 15.1 11.8 7.1 50.0 54.6 13.3 101.12 8.0 1032
269 Seth Curry CHA 33 44 25 19 14.0 110.6 107.5 3.1 10.0 2.10 15.9 2.8 7.8 5.3 7.6 48.5 51.9 15.9 100.77 6.7 1301
269 Shake Milton NYK 27 44 29 15 12.7 104.0 109.9 -5.9 14.5 1.81 18.9 2.3 9.5 5.9 10.5 44.4 49.4 17.5 103.77 6.3 1216
269 Troy Brown Jr. DET 24 44 28 16 11.2 109.5 114.0 -4.5 11.9 2.00 19.3 3.2 13.7 8.6 9.6 55.2 58.3 14.8 101.90 8.2 1053
278 Anfernee Simons POR 24 43 11 32 34.7 110.0 120.2 -10.2 26.7 1.96 19.5 1.4 9.8 5.3 10.0 52.4 56.9 27.9 97.95 11.1 3050
278 Ben Sheppard IND 22 43 23 20 12.6 118.1 115.4 2.8 6.7 4.00 15.9 1.6 10.4 5.8 4.0 53.0 55.5 12.4 105.55 5.1 1191
278 Craig Porter Jr. CLE 24 43 27 16 13.4 112.6 112.7 -0.2 26.3 2.50 27.8 3.7 14.1 9.0 11.1 54.3 57.0 20.6 97.19 11.6 1170
278 Danilo Gallinari MIL 35 43 14 29 13.2 111.2 119.9 -8.7 12.9 3.00 18.4 3.2 15.1 9.0 6.1 51.4 59.9 17.1 101.50 9.3 1209
278 Darius Garland CLE 24 43 25 18 33.2 113.3 110.4 2.9 28.6 2.00 24.5 1.4 6.0 3.8 12.3 53.9 57.9 25.1 98.87 10.9 2947
278 De'Andre Hunter ATL 26 43 20 23 28.4 117.6 118.4 -0.8 6.4 0.95 8.7 1.8 11.2 6.4 9.1 57.3 62.1 19.9 101.80 8.4 2590
278 Ish Smith CHA 35 43 6 37 17.2 101.7 119.2 -17.5 26.8 3.09 41.2 1.4 9.4 5.1 13.4 43.0 43.5 11.9 100.59 5.7 1549
278 Josh Richardson MIA 30 43 24 19 25.6 108.7 113.7 -5.0 14.4 2.92 20.7 1.7 9.4 5.6 7.1 53.9 57.3 15.9 98.56 8.0 2267
278 Patrick Williams CHI 22 43 19 24 27.3 114.3 115.5 -1.2 7.7 1.16 12.9 3.9 10.5 7.1 11.1 52.5 55.3 16.3 97.59 6.6 2393
278 Talen Horton-Tucker UTA 23 43 12 31 19.6 112.8 117.8 -5.0 28.1 2.82 25.1 2.2 9.7 5.9 8.9 45.9 50.3 23.0 100.32 9.3 1760
288 Bojan Bogdanovic NYK 34 42 10 32 29.5 109.6 122.3 -12.8 10.6 1.00 10.7 1.4 9.3 5.3 10.7 54.9 58.2 24.1 100.01 8.3 2584
288 Chris Paul GSW 38 42 22 20 26.9 113.4 111.6 1.8 34.8 6.10 42.2 1.3 12.5 6.9 6.9 51.9 54.5 14.7 100.32 11.9 2373
288 Dante Exum DAL 28 42 25 17 19.2 122.0 113.6 8.4 18.6 3.43 28.2 2.5 10.6 6.7 8.2 62.4 64.8 15.9 102.03 10.0 1711
288 Kessler Edwards SAC 23 42 26 16 4.6 98.3 103.3 -5.0 6.9 9.00 13.4 2.3 13.0 7.4 1.5 51.9 53.0 12.1 103.86 6.7 417
288 Killian Hayes DET 22 42 7 35 24.0 106.5 117.6 -11.1 26.8 4.02 36.8 1.1 10.7 5.9 9.2 45.2 47.4 14.7 102.49 7.7 2149
288 Mike Muscala OKC 32 42 11 31 12.6 107.3 115.5 -8.2 8.6 1.89 16.4 5.7 14.1 9.9 8.7 44.8 47.2 13.6 102.77 5.1 1136
288 Nick Smith Jr. CHA 19 42 8 34 15.0 102.3 115.4 -13.1 13.3 1.55 15.6 2.5 7.3 4.7 10.1 49.8 50.9 19.2 97.38 5.1 1271
288 Trey Murphy III NOP 23 42 27 15 27.5 116.0 106.4 9.6 10.3 4.20 14.3 2.4 12.5 7.6 3.4 58.3 60.8 18.5 99.75 11.0 2402
296 Draymond Green GSW 34 41 24 17 26.7 115.8 112.4 3.3 28.4 2.44 37.7 4.7 20.3 12.6 15.4 56.7 59.2 15.3 103.39 10.9 2365
296 Jaden Springer BOS 21 41 26 15 10.1 108.1 114.6 -6.5 12.9 1.20 17.1 6.6 8.8 7.7 14.2 41.1 46.5 17.5 100.38 4.7 862
296 Jock Landale HOU 28 41 19 22 10.3 109.7 100.9 8.8 11.0 2.33 20.2 12.0 10.5 11.2 8.7 46.8 51.8 12.9 103.16 8.1 907
296 Jordan McLaughlin MIN 27 41 25 16 9.6 105.1 99.0 6.0 25.4 5.36 38.9 2.9 9.8 6.3 7.3 56.6 57.1 12.4 103.15 11.2 851
296 Julian Strawther DEN 21 41 28 13 12.1 105.2 117.1 -11.9 12.1 2.47 15.6 0.7 9.2 4.9 6.3 47.0 48.8 18.7 101.42 5.7 1055
296 Keon Ellis SAC 24 41 25 16 13.1 117.0 111.8 5.2 11.7 2.43 25.1 3.0 8.7 5.8 10.3 59.8 60.6 11.9 100.90 5.7 1128
296 Wendell Carter Jr. ORL 24 41 23 18 26.3 110.7 109.6 1.1 9.5 1.35 13.9 8.3 19.6 13.9 10.3 61.2 63.8 17.3 97.67 11.4 2196
296 Xavier Tillman BOS 25 41 20 21 19.7 104.8 109.2 -4.4 11.6 2.07 17.7 7.1 14.7 10.7 8.6 45.6 46.0 15.0 99.88 7.8 1681
304 Cam Reddish LAL 24 40 22 18 22.2 111.3 112.0 -0.8 6.6 1.52 14.8 2.5 7.6 5.1 9.8 48.6 52.1 12.8 102.85 4.9 1902
304 Chuma Okeke ORL 25 40 19 21 10.0 101.0 107.0 -6.0 7.4 1.50 13.1 4.2 14.1 8.9 8.8 48.1 48.0 12.8 97.13 7.0 807
304 Dalano Banton POR 24 40 22 18 14.4 107.8 114.2 -6.4 17.7 1.64 16.8 5.0 12.3 8.6 10.2 47.6 51.8 22.8 98.39 9.1 1176
304 JaVale McGee SAC 36 40 24 16 7.9 108.6 111.5 -2.9 7.3 0.47 8.2 11.1 22.5 16.8 17.6 63.7 64.0 20.9 104.86 12.5 698
304 Julian Phillips CHI 20 40 20 20 8.1 112.1 111.7 0.4 5.2 1.30 12.1 3.5 7.7 5.5 9.3 49.4 52.1 12.1 100.90 3.0 675
309 Bradley Beal PHX 30 39 23 16 33.0 116.8 114.8 2.0 20.7 1.94 20.6 2.9 9.5 6.4 10.7 56.4 59.2 23.8 100.43 10.3 2686
309 Cody Zeller NOP 31 39 23 16 7.7 114.9 106.4 8.5 14.6 2.40 28.3 13.5 18.5 15.9 11.8 42.5 48.1 11.8 104.51 7.7 657
309 Jalen McDaniels TOR 26 39 10 29 9.4 101.8 110.1 -8.4 9.2 1.05 12.0 3.0 11.8 7.4 11.5 39.3 42.0 17.9 101.87 4.0 783
309 Jordan Nwora TOR 25 39 13 26 11.8 106.8 115.6 -8.9 12.4 1.56 14.0 3.8 15.8 9.8 9.0 52.0 55.7 21.0 105.70 10.1 1017
309 Malcolm Brogdon POR 31 39 15 24 28.7 110.7 114.5 -3.7 30.1 3.57 26.1 2.4 10.8 6.5 7.3 52.2 56.0 22.6 99.51 12.2 2326
309 Torrey Craig CHI 33 39 16 23 20.6 109.1 117.5 -8.4 7.3 1.72 15.7 6.8 14.8 10.5 9.1 54.1 56.1 12.2 97.91 6.4 1632
315 Anthony Gill WAS 31 38 6 32 5.6 118.0 102.3 15.7 9.7 1.00 15.2 8.6 12.1 10.4 15.2 49.3 54.1 17.6 107.14 8.0 473
315 Cam Whitmore HOU 19 38 16 22 17.8 108.4 110.0 -1.6 4.3 0.50 3.9 4.3 16.0 9.9 7.8 54.8 56.8 25.8 104.43 11.6 1470
315 Desmond Bane MEM 25 38 14 24 34.5 108.5 114.1 -5.6 26.7 1.99 19.0 2.5 10.3 6.3 9.5 56.2 59.6 27.6 100.50 13.3 2749
315 Evan Mobley CLE 22 38 24 14 31.1 109.1 107.6 1.5 14.9 1.59 17.2 7.8 22.7 15.6 10.8 59.0 61.4 20.0 100.83 14.4 2486
315 Gordon Hayward OKC 33 38 17 21 26.8 113.3 120.0 -6.7 18.3 2.46 24.0 3.2 11.8 7.5 9.8 49.9 53.9 18.3 99.88 8.8 2125
315 Jericho Sims NYK 25 38 24 14 13.6 108.5 111.3 -2.8 6.0 1.69 23.7 9.5 15.3 12.4 14.0 74.5 74.4 6.0 93.25 8.2 1002
321 Chimezie Metu PHX 26 37 22 15 12.1 109.2 114.2 -5.0 6.2 0.70 9.6 6.0 18.8 12.8 13.7 56.5 62.1 17.0 100.77 10.3 944
321 Delon Wright MIA 31 37 9 28 14.4 108.4 112.3 -4.0 22.9 8.27 35.5 2.7 9.3 5.9 4.3 45.7 50.5 12.9 102.34 9.7 1134
321 Jacob Gilyard BKN 25 37 10 27 17.7 106.3 118.4 -12.1 29.8 4.52 43.1 1.1 5.7 3.3 9.5 59.4 59.7 11.5 97.43 8.1 1329
321 Jae Crowder MIL 33 37 21 16 24.0 113.3 115.9 -2.6 7.6 3.19 18.3 2.2 12.0 7.0 5.8 54.7 56.0 10.9 102.00 6.0 1888
321 Johnny Davis WAS 22 37 4 33 10.1 102.1 112.1 -10.1 6.0 2.13 12.3 3.4 9.5 6.2 5.8 38.3 39.5 12.8 106.59 2.8 829
321 Marcus Morris Sr. PHI 34 37 22 15 17.2 113.4 114.1 -0.8 5.9 1.37 9.8 2.6 14.5 8.3 7.2 52.7 55.9 15.7 98.63 7.5 1309
321 Nassir Little PHX 24 37 22 15 11.6 103.7 112.1 -8.4 6.5 1.46 12.8 3.2 12.3 7.9 8.7 53.7 56.9 12.5 101.46 7.0 911
321 Sandro Mamukelashvili SAS 24 37 8 29 6.4 108.6 104.4 4.2 18.9 4.00 25.8 9.5 17.2 13.1 6.5 50.0 52.7 15.5 105.86 10.4 521
321 Tristan Thompson CLE 33 37 24 13 12.5 117.9 112.6 5.2 12.2 1.64 22.4 13.4 17.2 15.3 13.7 65.6 60.7 13.0 98.52 9.1 941
330 De'Anthony Melton PHI 25 36 23 13 27.8 121.9 111.9 10.0 14.2 2.82 20.6 2.7 11.0 6.8 7.3 49.9 54.0 17.6 101.25 7.9 2115
330 Eugene Omoruyi WAS 27 36 4 32 7.9 96.7 112.7 -16.0 16.0 1.50 14.8 9.0 15.2 11.9 9.9 51.7 55.0 21.4 108.23 9.8 632
330 Kobe Brown LAC 24 36 25 11 8.1 109.9 121.1 -11.1 7.7 2.43 19.3 3.3 12.5 7.7 8.0 47.6 47.7 10.0 99.40 3.2 605
330 Luke Kennard MEM 27 36 13 23 25.2 107.4 115.3 -7.9 20.3 2.64 25.6 1.2 10.4 5.7 9.7 62.5 65.0 16.5 99.58 10.1 1878
330 Omer Yurtseven UTA 25 36 15 21 9.3 104.4 116.1 -11.7 7.4 0.62 10.7 12.4 25.1 18.5 17.3 56.4 57.2 16.3 101.21 9.8 708
330 Tyler Herro MIA 24 36 19 17 33.6 112.0 112.7 -0.7 21.4 2.05 17.3 1.5 14.1 7.8 8.4 52.7 54.9 26.9 98.97 11.6 2491
336 Bismack Biyombo OKC 31 35 17 18 21.4 111.0 114.6 -3.6 9.1 1.33 22.3 7.8 17.8 12.8 16.8 55.3 55.5 10.4 99.11 6.3 1547
336 Furkan Korkmaz PHI 26 35 22 13 8.6 116.5 110.2 6.4 10.8 2.50 21.2 1.3 8.7 4.9 8.5 48.7 51.9 12.6 104.27 6.1 653
336 Richaun Holmes WAS 30 35 10 25 12.2 107.2 116.1 -8.9 6.9 1.24 12.7 10.2 18.2 14.0 10.3 57.1 59.4 13.8 102.55 8.5 916
336 Sasha Vezenkov SAC 28 35 18 17 12.6 113.5 112.1 1.4 4.7 1.36 7.7 6.6 12.7 9.6 5.6 56.4 57.4 17.1 103.05 8.5 939
340 Danuel House Jr. PHI 30 34 21 13 15.0 109.9 107.7 2.3 7.5 1.47 16.4 3.0 8.1 5.5 11.1 51.9 57.5 11.6 101.74 5.3 1077
340 GG Jackson MEM 19 34 10 24 22.3 103.2 108.2 -4.9 7.1 0.77 6.6 4.7 10.7 7.7 8.6 51.8 55.6 23.6 99.81 9.6 1572
340 Joel Embiid PHI 30 34 26 8 34.0 120.6 110.5 10.1 31.2 1.53 15.5 7.8 24.1 16.3 10.1 56.0 64.5 38.6 101.01 22.6 2429
340 Yuta Watanabe MEM 29 34 18 16 13.7 107.4 114.7 -7.3 4.5 0.79 9.5 2.3 8.8 5.6 12.0 46.1 47.4 12.9 99.95 3.0 969
344 Luka Samanic UTA 24 33 13 20 7.2 108.6 110.3 -1.8 5.5 0.60 6.9 4.9 18.9 12.3 11.5 42.1 48.2 20.4 105.79 7.0 524
344 Mason Plumlee LAC 34 33 20 13 15.3 119.3 115.9 3.4 10.2 1.67 19.4 9.3 25.0 17.6 11.7 63.0 66.3 14.1 100.24 11.4 1055
344 Olivier-Maxence Prosper DAL 21 33 19 14 7.9 103.1 113.8 -10.7 10.1 3.80 16.7 5.8 16.0 10.6 4.4 40.5 46.7 14.4 104.93 7.4 573
344 Skylar Mays LAL 26 33 11 22 12.8 104.3 115.0 -10.7 29.3 4.37 31.4 2.2 8.5 5.0 7.2 44.9 46.8 18.0 99.42 8.8 869
348 A.J. Lawson DAL 23 32 19 13 7.6 111.8 108.3 3.6 7.8 1.40 11.2 4.2 8.3 6.2 8.0 53.8 55.3 17.5 107.30 7.5 549
348 Alex Len SAC 30 32 16 16 8.7 117.8 99.8 17.9 12.1 1.42 23.1 11.7 18.1 14.8 16.2 58.1 57.6 13.1 102.33 9.1 591
348 Nikola Jovic MIA 20 32 15 17 17.6 116.2 107.7 8.5 14.0 1.94 22.6 3.4 19.6 11.7 11.7 55.0 56.2 16.0 98.50 8.2 1157
348 Shaedon Sharpe POR 20 32 8 24 33.1 105.8 116.0 -10.3 13.8 1.31 14.5 3.6 11.6 7.3 11.1 47.5 52.4 22.0 99.67 8.0 2190
352 Damian Jones CLE 28 31 21 10 7.4 96.2 110.7 -14.5 9.9 1.17 15.6 7.9 17.9 12.8 13.3 58.6 62.6 14.3 96.74 11.0 470
352 Gary Payton II GSW 31 31 18 13 15.2 112.3 107.8 4.5 9.2 1.88 17.0 7.3 10.5 8.8 9.0 57.5 58.2 12.9 105.73 7.8 1038
352 Kevin Knox II DET 24 31 4 27 18.1 109.4 117.2 -7.8 5.7 1.05 9.6 3.0 10.8 6.6 9.2 54.6 57.0 15.7 103.16 6.2 1208
352 Lamar Stevens MEM 26 31 19 12 12.3 101.7 101.9 -0.2 7.6 0.70 7.5 6.3 14.3 10.5 10.7 50.6 53.6 22.0 98.94 11.1 784
352 Maxi Kleber DAL 32 31 17 14 21.0 116.0 114.6 1.4 9.5 2.45 24.9 2.9 13.4 8.3 10.2 49.1 52.1 9.8 101.75 4.9 1379
357 Bol Bol PHX 24 30 19 11 11.0 107.1 107.8 -0.6 5.2 0.92 7.7 8.2 19.2 14.0 8.5 66.4 67.0 16.1 101.79 13.9 701
357 Bruno Fernando ATL 25 30 14 16 13.2 108.2 111.2 -3.0 7.7 0.81 12.2 9.7 21.5 15.7 15.1 54.8 57.5 16.3 99.46 9.5 821
357 Davis Bertans CHA 31 30 17 13 13.3 108.3 106.8 1.5 9.4 3.71 14.2 1.6 8.7 5.0 3.8 55.3 58.7 16.6 100.11 8.1 839
357 Lester Quinones GSW 23 30 17 13 11.9 109.7 109.6 0.1 11.4 1.88 16.9 5.0 12.9 8.7 9.0 50.4 52.7 16.1 101.39 6.3 761
357 Markelle Fultz ORL 25 30 18 12 21.8 107.8 108.1 -0.3 20.5 2.50 24.2 6.1 10.0 8.0 9.7 47.9 49.0 18.3 99.34 9.2 1357
357 Ousmane Dieng OKC 20 30 18 12 11.3 110.7 108.9 1.8 13.9 2.06 20.8 2.9 11.0 7.0 10.1 51.5 54.5 16.0 99.70 7.4 698
357 Thomas Bryant MIA 26 30 17 13 10.5 108.6 114.6 -6.0 8.2 1.13 12.2 9.1 21.2 15.1 10.8 56.4 60.9 16.8 99.08 10.4 649
364 Bones Hyland LAC 23 29 16 13 14.5 108.7 112.8 -4.1 24.6 1.86 23.0 1.0 6.8 4.0 12.3 46.2 47.9 23.4 99.06 6.5 874
364 DeAndre Jordan DEN 35 29 19 10 11.3 106.2 116.3 -10.1 9.0 1.05 14.6 13.4 23.5 18.5 13.9 63.2 60.5 14.9 97.25 10.7 662
364 Dominick Barlow SAS 20 29 5 24 12.9 112.9 118.2 -5.4 11.2 4.43 19.3 10.1 17.0 13.3 4.3 52.4 55.9 14.2 101.14 8.9 793
364 Jalen Wilson BKN 23 29 8 21 14.2 112.5 119.7 -7.2 10.3 2.91 19.6 7.4 11.4 9.2 6.7 48.6 53.8 13.2 97.36 6.7 840
364 Jarred Vanderbilt LAL 24 29 14 15 20.0 113.6 109.4 4.2 7.7 1.29 18.7 7.3 16.4 12.0 14.5 55.3 57.8 11.1 103.85 7.7 1253
364 Jeremiah Robinson-Earl NOP 23 29 16 13 9.9 106.4 107.9 -1.5 9.5 1.58 16.4 7.0 14.4 10.7 10.3 56.4 59.1 13.7 102.77 9.7 610
364 Reggie Bullock Jr. HOU 33 29 15 14 9.3 107.2 109.5 -2.2 5.3 1.38 14.3 1.1 14.4 7.7 10.4 56.9 57.3 10.1 101.56 6.4 568
364 Robert Covington PHI 33 29 20 9 16.8 115.6 103.6 12.1 6.4 2.18 16.8 6.4 12.7 9.7 7.7 53.6 58.0 10.4 98.87 7.9 998
364 Trent Forrest ATL 25 29 14 15 10.5 104.3 114.2 -9.9 27.3 5.00 41.7 1.9 10.3 5.8 8.3 38.5 42.9 11.7 99.45 6.3 630
373 Cody Martin CHA 28 28 7 21 26.9 106.4 116.9 -10.5 19.2 2.36 27.6 2.4 12.4 7.2 11.7 44.4 46.0 15.7 98.10 6.6 1541
373 Lindy Waters III OKC 26 28 19 9 6.6 104.9 108.6 -3.7 12.5 2.50 18.8 1.0 12.8 7.0 7.5 64.4 64.4 15.2 99.26 8.6 386
373 Orlando Robinson MIA 23 28 15 13 9.8 114.4 109.3 5.1 15.0 1.71 23.4 9.2 20.4 14.9 13.7 54.5 58.7 14.8 98.72 9.3 564
373 Svi Mykhailiuk BOS 26 28 22 6 8.2 112.2 102.9 9.2 9.5 2.00 14.8 3.3 8.9 6.2 7.4 49.4 49.6 16.4 100.22 6.4 477
373 Thanasis Antetokounmpo MIL 31 28 18 10 4.8 100.7 111.7 -11.0 14.1 1.08 25.0 5.1 3.6 4.3 23.1 50.0 48.4 12.7 101.38 0.9 281
378 Terry Taylor CHI 24 27 11 16 6.4 108.8 105.2 3.5 6.6 1.29 16.7 8.6 10.6 9.6 13.0 54.1 54.8 11.0 100.23 5.8 365
378 Tre Mann CHA 23 27 17 10 20.6 103.1 108.6 -5.6 23.5 2.74 27.3 2.6 15.0 8.9 10.0 53.8 55.7 17.9 97.46 11.4 1138
378 Wesley Matthews ATL 37 27 7 20 11.1 108.1 114.0 -5.9 7.1 2.50 16.0 1.2 10.3 5.6 6.4 47.6 52.3 11.0 103.15 4.6 633
381 Cory Joseph GSW 32 26 10 16 11.4 114.2 117.2 -3.0 17.4 3.50 34.7 1.9 8.3 5.0 9.9 46.1 47.0 10.8 102.20 4.2 633
381 Jarace Walker IND 20 26 12 14 10.3 116.7 114.0 2.6 12.3 2.15 20.1 4.0 15.6 9.6 9.4 47.9 50.0 16.4 105.63 7.4 588
381 Jared Butler WAS 23 26 2 24 9.5 109.3 113.7 -4.5 32.6 2.55 33.1 1.2 7.6 4.3 13.0 57.1 60.9 19.0 103.52 10.5 529
381 Thaddeus Young PHX 35 26 6 20 14.7 117.5 119.7 -2.2 17.9 4.25 31.3 9.9 13.2 11.5 7.4 62.2 60.9 12.5 98.65 9.1 782
385 Nathan Mensah CHA 25 25 3 22 12.3 94.9 114.5 -19.6 4.3 0.64 15.8 8.7 12.7 10.5 24.6 42.9 49.6 6.8 99.71 0.7 633
385 Neemias Queta BOS 24 25 21 4 11.7 128.3 109.2 19.1 5.3 1.20 10.7 15.1 19.3 17.2 8.9 60.5 62.9 14.2 97.73 10.3 594
385 Patrick Baldwin Jr. WAS 21 25 3 22 9.4 102.3 101.9 0.4 8.6 1.50 14.3 3.3 20.8 11.8 9.5 44.0 46.5 15.2 105.96 7.4 521
385 Taylor Hendricks UTA 20 25 11 14 18.1 110.5 115.5 -5.0 4.1 0.78 8.0 6.3 16.7 11.6 10.3 51.5 53.3 14.2 103.10 6.7 974
385 Zach LaVine CHI 29 25 10 15 34.9 109.9 115.3 -5.4 17.2 1.88 17.3 0.9 13.4 7.2 9.2 53.1 57.8 23.8 97.91 11.0 1780
390 Derrick Rose MEM 35 24 6 18 16.6 103.9 107.7 -3.8 31.0 2.52 27.3 1.7 8.9 5.3 10.8 50.6 54.0 22.2 101.51 10.8 844
390 Jontay Porter TOR 24 24 6 18 14.0 105.6 116.0 -10.3 21.2 2.89 29.2 6.6 15.9 11.2 10.1 47.5 50.4 15.6 103.80 8.8 728
390 Josh Minott MIN 21 24 18 6 2.8 100.0 101.3 -1.3 9.3 2.00 10.5 4.1 14.9 9.2 5.3 48.1 57.3 18.9 111.43 12.0 160
390 Justin Minaya POR 24 24 2 22 8.0 99.0 106.9 -7.9 6.9 1.50 16.4 5.5 8.1 6.6 10.9 31.9 34.2 9.9 97.82 2.3 389
390 Maxwell Lewis LAL 21 24 11 13 3.2 74.4 104.7 -30.3 7.3 0.43 13.6 1.3 2.4 1.8 31.8 29.2 29.2 10.1 106.97 -2.2 172
390 Patty Mills MIA 35 24 11 13 11.3 107.8 111.5 -3.7 9.9 1.67 18.0 1.6 8.8 4.8 10.8 46.2 46.6 13.6 101.98 4.2 574
390 Rayan Rupert POR 19 24 5 19 9.3 103.2 110.8 -7.6 13.5 1.62 20.0 5.2 12.1 8.2 12.4 44.6 47.7 15.1 101.88 5.3 473
397 Brandon Boston Jr. LAC 22 23 13 10 7.2 102.0 124.7 -22.7 5.7 0.86 5.9 5.4 7.1 6.2 6.9 44.4 47.8 23.3 99.03 4.4 348
397 Isaiah Livers WAS 25 23 1 22 20.4 106.1 125.4 -19.3 7.1 1.56 15.2 3.0 7.3 5.0 9.7 44.0 46.0 12.2 103.54 2.6 1011
397 Jake LaRavia MEM 22 23 4 19 18.0 99.5 110.6 -11.1 10.9 1.39 11.1 6.5 10.2 8.3 8.0 42.4 49.4 20.1 98.49 8.0 848
400 LaMelo Ball CHA 22 22 7 15 32.3 111.8 120.2 -8.4 39.5 2.12 24.3 3.8 12.2 7.8 11.5 51.5 56.1 31.5 103.00 13.3 1522
400 Leaky Black CHA 24 22 1 21 9.9 104.9 113.1 -8.2 11.3 3.60 26.1 3.5 13.8 8.5 7.2 52.6 55.4 10.1 99.38 6.9 450
400 Ricky Council IV PHI 22 22 8 14 9.2 107.3 113.2 -5.9 5.4 1.75 5.7 5.3 13.4 9.1 3.3 48.2 56.6 22.8 103.99 10.8 437
400 Stanley Umude DET 24 22 4 18 11.4 107.4 110.5 -3.1 5.7 0.83 9.7 3.0 13.6 8.7 11.7 59.9 66.1 15.5 104.19 8.1 540
400 Tari Eason HOU 22 22 12 10 21.8 112.6 103.1 9.4 8.7 1.35 10.8 8.8 20.3 14.5 8.0 51.3 52.8 18.8 101.43 13.1 1011
405 Jalen Hood-Schifino LAL 20 21 10 11 5.2 88.9 111.9 -23.0 12.9 0.89 11.1 1.7 9.6 5.7 12.5 24.4 31.6 24.2 103.50 -1.8 235
405 Jalen Pickett DEN 24 21 15 6 5.2 102.3 106.8 -4.6 20.5 1.88 27.3 1.0 8.9 5.2 14.5 51.7 53.5 16.3 97.94 5.8 222
405 Mitchell Robinson NYK 25 21 12 9 29.2 116.6 113.7 2.9 3.3 0.71 9.9 16.9 17.9 17.4 13.8 59.2 56.7 9.3 97.24 8.9 1241
405 P.J. Tucker LAC 38 21 7 14 16.2 107.7 109.8 -2.1 3.9 1.43 18.9 6.6 10.8 8.7 13.2 47.1 49.6 5.4 98.88 2.8 697
405 Saben Lee PHX 24 21 12 9 8.5 105.8 101.1 4.8 25.9 3.75 27.3 5.3 11.0 8.4 7.3 35.8 47.7 18.9 102.08 9.9 377
410 Harry Giles III LAL 25 20 8 12 4.4 113.4 120.7 -7.4 9.8 1.00 9.5 11.8 16.1 13.8 9.5 51.1 52.2 24.5 103.73 8.4 187
410 Marcus Smart MEM 30 20 7 13 30.2 108.5 109.2 -0.8 21.1 1.39 21.0 0.9 7.3 4.1 15.1 51.9 55.2 22.5 102.65 8.3 1289
410 Markieff Morris DAL 34 20 11 9 8.4 103.3 119.0 -15.7 9.6 1.10 14.7 2.2 14.9 8.5 13.3 48.1 49.3 15.6 102.57 6.3 365
410 Matt Ryan NOP 26 20 11 9 17.7 110.6 107.2 3.4 6.2 0.89 11.2 1.6 8.3 5.1 12.6 64.4 66.7 14.7 103.88 7.0 765
410 Ryan Arcidiacono NYK 29 20 15 5 2.3 82.1 80.0 2.1 13.3 2.00 33.3 0.0 13.8 7.5 16.7 0.0 0.0 7.4 100.99 0.8 95
415 Charles Bassey SAS 23 19 3 16 10.8 105.1 116.7 -11.6 13.6 1.40 26.9 10.2 26.5 17.8 19.2 72.5 73.9 11.0 105.69 11.6 455
415 Colby Jones SAC 21 19 9 10 6.7 108.1 107.4 0.7 12.9 2.20 16.7 7.1 12.8 9.8 7.6 38.5 38.8 17.8 98.08 4.4 259
415 Collin Gillespie DEN 24 19 12 7 8.5 110.7 111.6 -0.9 13.8 1.60 21.6 0.6 6.9 3.7 13.5 63.3 63.9 15.4 100.23 6.7 336
415 Ibou Badji POR 21 19 5 14 10.8 96.0 112.2 -16.2 9.8 0.93 25.5 8.6 14.5 11.4 27.5 63.2 62.0 7.8 100.51 3.5 423
415 Kira Lewis Jr. UTA 22 19 10 9 8.0 97.0 102.4 -5.4 22.6 2.63 24.1 2.9 5.4 4.2 9.2 33.3 39.1 17.7 104.28 5.9 330
415 Mark Williams CHA 22 19 7 12 26.8 115.2 116.4 -1.2 5.9 1.29 10.0 14.3 20.9 17.6 7.7 64.9 67.5 16.2 100.03 12.9 1056
421 AJ Griffin ATL 20 18 8 10 7.4 109.7 119.5 -9.8 4.2 0.67 7.1 1.4 10.1 5.4 10.7 38.9 40.3 15.6 107.79 1.8 298
421 Admiral Schofield ORL 26 18 11 7 3.4 94.5 90.1 4.4 15.2 1.25 17.9 3.2 13.0 8.4 14.3 41.7 39.7 16.7 101.97 2.8 127
421 Evan Fournier DET 31 18 6 12 16.2 99.4 108.0 -8.6 12.4 1.92 14.4 0.9 10.7 5.6 7.5 47.0 50.7 19.3 103.27 7.3 630
421 Monte Morris MIN 28 18 11 7 13.9 109.8 104.4 5.3 23.3 8.00 28.8 1.8 9.4 5.5 3.6 44.5 45.8 16.7 99.79 8.9 523
425 Braxton Key DEN 27 17 12 5 3.2 98.3 103.4 -5.1 22.2 8.00 29.6 5.5 20.0 12.7 3.7 40.6 45.6 15.2 102.42 11.1 116
425 Brice Sensabaugh UTA 20 17 6 11 14.6 112.2 122.2 -10.0 9.7 0.90 14.2 2.8 13.8 8.1 15.7 50.0 53.5 17.9 102.14 5.8 532
425 Gui Santos GSW 21 17 11 6 8.7 113.3 106.7 6.6 9.6 1.57 17.2 9.0 17.9 13.4 10.9 57.7 64.7 14.0 102.26 10.6 315
425 Jamal Cain MIA 24 17 8 9 13.3 104.3 108.8 -4.6 2.6 0.80 4.5 5.7 8.7 7.1 5.6 47.8 53.1 15.8 100.00 6.6 468
425 Jerome Robinson GSW 27 17 12 5 3.8 108.3 94.3 14.0 10.0 5.00 13.9 1.4 5.7 3.5 2.8 36.0 40.8 18.1 105.64 3.4 144
425 Kenneth Lofton Jr. UTA 21 17 5 12 6.3 103.4 106.3 -2.9 20.0 1.75 19.7 1.6 15.5 7.8 11.3 38.4 41.3 21.0 106.14 4.3 237
425 Theo Maledon PHX 22 17 5 12 12.5 107.8 121.6 -13.8 17.4 1.56 23.0 1.6 9.3 5.3 14.8 32.1 38.5 17.3 104.35 2.9 463
425 Wendell Moore Jr. MIN 22 17 13 4 2.9 91.7 111.0 -19.4 5.3 0.67 13.3 0.0 12.2 5.8 20.0 50.0 50.0 9.6 114.89 5.2 120
433 Chris Livingston MIL 20 16 10 6 4.3 109.4 119.7 -10.3 8.9 1.25 19.2 3.4 20.0 12.1 15.4 46.9 50.4 13.0 103.55 4.6 149
433 Garrett Temple TOR 37 16 4 12 4.3 101.9 109.2 -7.2 12.5 1.20 17.1 6.5 9.0 7.6 14.3 42.9 48.6 16.3 106.97 5.3 154
433 Joe Harris DET 32 16 4 12 10.6 104.9 119.4 -14.5 7.9 2.50 18.5 1.7 5.7 3.7 7.4 48.7 48.9 10.4 104.06 2.2 371
433 Luka Garza MIN 25 16 12 4 3.9 101.3 106.3 -4.9 7.9 1.00 5.7 11.4 13.3 12.2 5.7 50.0 55.4 28.6 111.96 8.3 149
433 Robin Lopez MIL 35 16 10 6 4.0 95.8 115.9 -20.1 8.7 2.00 15.4 4.5 3.0 3.8 7.7 42.1 45.3 13.9 104.19 2.6 143
433 Taj Gibson DET 38 16 7 9 10.3 104.1 109.1 -5.1 7.0 1.80 23.7 5.9 10.9 8.4 13.2 30.4 33.5 7.7 101.00 0.6 345
439 Aleksej Pokusevski CHA 22 15 10 5 9.5 105.5 115.7 -10.2 14.9 2.14 22.1 4.8 13.6 9.1 10.3 40.7 42.7 16.1 98.83 6.3 293
439 Ben Simmons BKN 27 15 7 8 23.9 109.6 113.0 -3.4 30.6 3.19 44.3 8.0 24.1 15.8 13.9 58.1 57.1 12.6 102.24 11.9 759
439 Otto Porter Jr. TOR 30 15 6 9 11.6 112.2 107.5 4.7 5.8 4.00 18.2 3.2 13.0 8.0 4.5 54.5 56.8 8.3 103.13 5.4 376
439 Trey Jemison MEM 24 15 3 12 19.4 107.1 110.7 -3.7 5.8 0.58 10.1 10.5 12.0 11.2 17.4 61.1 63.6 14.6 97.07 6.7 580
443 Devonte' Graham SAS 29 14 4 10 8.2 116.4 102.0 14.4 20.9 6.33 31.7 1.6 14.2 7.5 5.0 52.9 55.8 14.5 104.51 10.3 250
443 James Bouknight CHA 23 14 0 14 5.8 107.8 115.2 -7.3 12.5 3.00 12.0 1.2 11.8 6.0 4.0 59.8 59.7 24.0 98.20 11.1 166
443 Jay Huff DEN 26 14 11 3 2.6 84.8 101.2 -16.4 6.3 1.00 6.7 2.9 23.1 13.5 6.7 70.8 73.8 16.5 107.07 14.2 79
443 Jett Howard ORL 20 14 7 7 3.7 95.7 98.3 -2.6 10.3 1.50 10.0 2.0 7.0 4.6 6.7 45.7 46.4 21.3 107.13 5.0 116
443 Moses Brown POR 24 14 4 10 8.3 103.3 116.1 -12.8 5.6 0.67 8.5 16.7 29.7 22.6 12.8 47.1 44.5 14.8 99.51 8.4 239
443 Nate Williams HOU 25 14 6 8 5.8 114.5 108.0 6.5 8.8 3.00 14.0 9.3 4.3 6.8 4.7 46.8 50.1 17.1 103.82 6.3 179
443 Olivier Sarr OKC 25 14 7 7 6.8 109.1 104.0 5.1 3.0 0.67 6.5 11.5 23.6 18.1 9.7 63.2 66.4 12.9 100.77 9.6 198
443 Udoka Azubuike PHX 24 14 10 4 7.7 108.8 126.0 -17.2 3.9 0.75 8.8 10.2 18.3 14.3 11.8 72.7 65.2 11.9 101.73 7.0 228
451 Ashton Hagans POR 24 13 2 11 16.6 106.7 107.9 -1.1 23.3 1.67 32.4 3.6 11.4 7.3 19.4 47.9 51.1 14.2 95.94 6.4 430
451 DaQuan Jeffries NYK 26 13 8 5 2.6 87.1 95.8 -8.7 10.0 2.00 11.1 0.0 12.5 6.0 5.6 39.3 37.0 20.5 100.23 3.3 70
451 Trevelin Queen ORL 27 13 5 8 12.5 108.2 108.3 -0.1 16.7 2.57 26.5 2.1 9.6 6.2 10.3 40.8 46.2 13.8 98.29 5.8 330
454 Brandon Williams DAL 24 12 7 5 4.9 93.8 114.7 -20.9 32.4 4.00 29.3 4.2 6.3 5.1 7.3 40.9 44.7 20.0 104.80 7.6 129
454 Daishen Nix MIN 22 12 9 3 3.3 117.8 101.2 16.6 6.7 1.00 7.7 0.0 2.7 1.2 7.7 52.5 50.6 23.3 107.42 6.7 90
454 Dylan Windler ATL 27 12 6 6 3.3 108.1 105.6 2.5 23.3 0.00 38.9 0.0 9.8 5.8 0.0 68.2 68.2 12.1 105.06 9.7 86
454 Onuralp Bitim CHI 24 12 6 6 14.6 111.1 111.0 0.0 7.1 1.80 14.1 2.8 10.4 6.6 7.8 55.2 56.3 13.0 99.24 6.2 361
454 Terquavion Smith PHI 21 12 4 8 5.8 118.2 117.9 0.3 18.9 2.50 18.2 0.0 3.0 1.4 7.3 55.0 55.7 23.8 113.36 8.8 165
459 Cole Swider MIA 24 11 4 7 5.0 98.3 98.3 0.0 11.8 0.67 11.1 1.6 5.7 3.5 16.7 46.0 48.3 23.5 101.69 4.7 116
459 Emoni Bates CLE 20 11 6 5 8.0 90.7 123.6 -33.0 10.9 3.00 14.3 1.1 11.9 6.3 4.8 37.5 37.0 17.9 99.35 3.0 182
459 Hunter Tyson DEN 23 11 8 3 2.9 101.4 101.5 -0.1 4.2 0.50 7.1 3.2 25.8 14.5 14.3 36.4 36.4 17.6 103.21 0.4 70
459 Jermaine Samuels Jr. HOU 25 11 6 5 4.8 105.1 115.5 -10.4 4.8 0.00 14.3 4.1 18.0 11.1 0.0 72.7 75.8 9.2 105.42 10.6 117
459 Juan Toscano-Anderson SAC 30 11 7 4 4.8 99.1 99.2 -0.1 10.8 2.00 22.2 6.8 16.7 11.8 11.1 29.2 29.2 10.6 104.36 1.3 110
459 Jules Bernard WAS 24 11 1 10 6.0 101.4 104.2 -2.8 15.2 1.75 16.7 5.7 7.0 6.3 9.5 46.7 47.2 19.2 104.90 6.5 147
459 Moussa Diabate LAC 22 11 7 4 5.8 117.7 121.1 -3.4 8.9 2.00 12.5 22.7 12.9 17.6 6.3 52.6 57.6 17.1 96.39 14.1 130
459 Nate Hinton HOU 24 11 6 5 5.2 112.9 100.8 12.1 13.0 3.00 20.0 5.3 13.2 9.6 6.7 67.5 69.8 16.1 110.14 11.4 132
467 Armoni Brooks BKN 25 10 3 7 10.4 127.7 114.0 13.7 6.0 1.67 9.3 6.1 9.8 7.9 5.6 44.6 44.8 18.8 98.52 5.4 213
467 Boban Marjanovic HOU 35 10 6 4 5.0 93.7 118.0 -24.3 11.4 2.00 13.3 12.2 32.0 22.2 6.7 45.5 46.7 20.6 106.93 11.8 111
467 Noah Clowney BKN 19 10 4 6 8.6 107.1 126.1 -19.0 13.6 1.60 22.9 6.9 13.9 10.1 14.3 60.5 67.0 13.3 101.50 8.2 184
467 Ryan Rollins MIL 21 10 1 9 6.6 120.8 82.0 38.8 20.0 1.57 22.0 3.2 11.8 7.9 14.0 56.0 63.1 23.2 108.92 16.8 149
471 Dru Smith MIA 26 9 7 2 14.5 97.4 112.5 -15.0 18.7 2.80 26.4 4.1 5.8 4.9 9.4 56.1 57.6 12.8 99.74 8.3 271
471 Ish Wainright PHX 29 9 1 8 6.6 79.4 85.6 -6.2 3.1 0.50 3.6 3.9 18.0 10.2 7.1 43.8 46.2 17.4 108.24 10.0 136
471 Ja Morant MEM 24 9 6 3 35.3 111.0 111.1 -0.2 38.4 2.70 24.5 1.9 13.4 7.7 9.1 51.2 57.0 29.6 101.08 15.7 675
471 Jacob Toppin NYK 23 9 2 7 4.2 98.7 118.4 -19.8 14.3 3.00 21.4 7.7 14.8 10.6 7.1 61.1 65.8 13.3 94.99 9.0 75
471 Jaylen Nowell MEM 24 9 3 6 17.3 108.2 108.8 -0.6 14.5 3.20 20.8 1.8 6.7 4.2 6.5 43.6 45.3 16.2 101.14 4.9 329
471 Kendall Brown IND 20 9 5 4 3.5 82.9 94.0 -11.2 15.8 3.00 21.4 5.7 0.0 3.2 7.1 57.1 62.2 12.6 103.53 6.5 70
471 Keyontae Johnson OKC 23 9 7 2 7.4 100.0 105.8 -5.8 8.5 1.00 16.7 6.5 9.5 8.0 16.7 34.4 34.4 12.8 100.42 1.5 139
471 Kobe Bufkin ATL 20 9 6 3 9.9 105.7 102.6 3.1 25.0 3.00 25.4 2.2 11.9 7.3 8.5 41.9 42.6 20.3 103.24 7.9 192
471 Leonard Miller MIN 20 9 8 1 3.3 89.9 104.5 -14.7 27.8 5.00 29.4 6.5 35.7 20.3 5.9 68.2 68.2 16.0 107.88 17.7 69
471 Scotty Pippen Jr. MEM 23 9 1 8 23.1 104.7 108.2 -3.5 35.4 2.56 32.6 4.1 10.7 7.3 12.8 57.5 60.3 19.7 98.79 11.5 429
471 Seth Lundy ATL 23 9 2 7 5.8 102.7 114.4 -11.7 0.0 0.00 0.0 2.2 11.8 7.2 5.0 32.4 37.3 16.8 102.49 -0.2 111
482 Charlie Brown Jr. NYK 27 8 2 6 4.7 104.1 105.1 -1.0 0.0 0.00 0.0 2.5 2.7 2.6 16.7 30.0 30.0 14.5 97.20 -4.7 73
482 E.J. Liddell NOP 23 8 3 5 2.9 98.1 109.8 -11.7 6.7 0.50 10.0 0.0 21.7 10.6 20.0 16.7 29.1 14.8 108.13 4.5 53
482 Javon Freeman-Liberty TOR 24 8 1 7 9.2 108.8 115.2 -6.4 12.3 2.33 20.6 2.4 12.8 7.5 8.8 45.0 54.3 14.9 103.21 6.8 159
482 Johnny Juzang UTA 23 8 3 5 12.8 109.9 111.7 -1.8 5.4 1.33 9.3 1.9 11.1 6.5 7.0 56.9 56.9 16.1 98.46 6.8 213
482 Jordan Miller LAC 24 8 5 3 3.5 95.2 119.7 -24.4 0.0 0.00 0.0 10.3 5.7 7.8 9.1 61.1 65.8 15.3 105.56 8.4 63
482 Matt Hurt MEM 23 8 2 6 14.2 98.7 104.8 -6.0 6.2 2.00 9.8 7.0 6.0 6.5 4.9 42.6 45.3 13.4 98.34 5.4 233
482 Oscar Tshiebwe IND 24 8 2 6 5.2 114.9 98.9 15.9 6.5 0.00 7.7 16.7 22.9 19.3 0.0 50.0 55.3 20.5 108.21 16.5 94
482 R.J. Hampton MIA 23 8 3 5 9.5 118.4 107.8 10.6 12.7 2.67 30.8 2.6 4.5 3.6 11.5 32.1 33.6 9.8 98.50 0.3 158
490 Colin Castleton LAL 23 7 3 4 5.1 95.9 124.3 -28.4 16.7 3.00 18.8 12.1 15.2 13.6 6.3 70.0 76.5 15.9 98.75 11.8 74
490 D'Moi Hodge LAL 25 7 1 6 5.9 86.4 130.6 -44.2 22.7 5.00 22.7 0.0 0.0 0.0 4.5 43.3 44.1 17.2 100.67 2.7 88
490 Tosan Evbuomwan DET 23 7 0 7 13.0 100.0 113.7 -13.7 9.5 6.00 24.0 8.1 9.3 8.6 4.0 47.2 47.2 9.1 98.29 5.0 184
490 Vit Krejci ATL 23 7 3 4 19.3 117.2 118.2 -1.0 13.8 7.50 39.5 1.3 4.2 2.6 5.3 42.1 47.2 7.2 94.65 3.2 268
494 Dereon Seabron NOP 23 6 3 3 9.2 118.8 92.5 26.3 11.6 0.00 23.8 2.1 8.2 5.8 0.0 34.6 44.8 12.2 103.26 6.9 117
494 Greg Brown III DAL 22 6 3 3 6.6 101.1 110.6 -9.6 13.8 1.00 17.4 6.4 12.2 9.4 17.4 50.0 50.1 17.8 113.53 4.4 94
494 Isaiah Mobley CLE 24 6 1 5 8.5 106.9 114.6 -7.7 16.2 6.00 30.0 0.0 14.3 6.7 5.0 46.2 46.2 12.5 96.75 4.9 102
494 Jalen Slawson SAC 24 6 4 2 3.4 85.7 121.4 -35.7 15.4 1.00 28.6 0.0 21.7 11.9 28.6 66.7 66.7 10.6 98.45 7.0 42
494 Jamaree Bouyea SAS 24 6 0 6 9.5 80.3 100.0 -19.7 25.8 1.00 21.6 2.7 15.7 8.1 21.6 23.8 23.8 20.0 101.51 0.0 122
494 James Johnson IND 37 6 2 4 5.3 122.9 111.6 11.3 18.8 3.00 40.0 3.2 12.5 7.3 13.3 33.3 43.6 11.1 105.59 4.6 70
494 Jared Rhoden DET 24 6 1 5 7.1 129.0 110.9 18.2 11.8 1.33 21.1 3.6 10.0 7.4 15.8 59.1 63.1 15.3 104.64 6.6 93
494 Jordan Ford SAC 25 6 2 4 3.6 128.9 100.0 28.9 11.8 2.00 18.2 0.0 10.0 5.1 9.1 71.4 76.1 18.4 97.91 11.9 45
494 Justin Champagnie WAS 22 6 0 6 13.4 100.6 118.6 -18.0 9.3 0.83 11.6 4.3 16.9 9.8 14.0 54.8 56.5 19.5 103.52 9.8 175
494 Robert Williams III POR 26 6 2 4 19.8 101.6 114.9 -13.3 6.5 0.71 12.2 8.0 22.7 14.8 17.1 65.4 68.4 12.2 101.25 11.3 252
494 Sidy Cissoko SAS 19 6 1 5 5.3 104.1 83.8 20.3 0.0 0.00 0.0 0.0 17.1 8.1 11.1 16.7 38.7 10.5 111.20 5.7 74
505 Frank Ntilikina CHA 25 5 0 5 8.6 121.3 121.1 0.2 10.8 4.00 26.7 2.1 11.1 6.5 6.7 16.7 25.3 11.1 100.14 0.7 89
505 Gabe Vincent LAL 27 5 2 3 25.5 102.2 103.7 -1.5 17.2 7.50 30.0 1.5 2.3 1.9 4.0 40.6 41.1 11.5 100.97 3.6 269
505 JD Davison BOS 21 5 5 0 1.7 89.5 71.4 18.0 0.0 0.00 0.0 12.5 14.3 13.6 0.0 75.0 86.8 13.6 111.07 23.9 19
505 Micah Potter UTA 25 5 2 3 9.4 107.4 113.7 -6.3 3.4 0.00 9.1 4.3 18.0 11.5 0.0 100 101.7 9.5 96.58 13.1 95
505 T.J. Warren MIN 30 5 3 2 16.1 114.8 97.7 17.1 7.7 1.67 14.7 3.2 11.4 7.0 8.8 40.4 40.4 14.1 104.34 3.0 176
505 TyTy Washington Jr. MIL 22 5 3 2 4.1 75.0 84.8 -9.8 10.0 0.50 10.0 0.0 5.6 2.5 20.0 21.4 21.4 18.0 109.07 -1.8 48
505 Wenyen Gabriel MEM 26 5 1 4 16.2 89.0 96.4 -7.4 7.1 0.38 8.6 7.2 22.0 14.0 22.9 38.6 35.1 16.6 98.35 3.0 164
505 Xavier Moon LAC 29 5 3 2 4.1 80.0 118.6 -38.6 36.4 2.00 33.3 5.3 9.1 7.3 16.7 80.0 76.5 16.7 102.52 10.9 45
513 Adama Sanogo CHI 22 4 1 3 2.9 88.5 8.0 80.5 0.0 0.00 0.0 21.4 28.6 25.0 16.7 100 94.0 19.4 104.21 112.5 26
513 Alex Fudge DAL 20 4 1 3 3.6 60.6 137.9 -77.3 0.0 0.00 0.0 13.3 0.0 6.9 12.5 16.7 29.1 21.1 102.86 -4.7 33
513 Amari Bailey CHA 20 4 0 4 4.1 114.3 108.6 5.7 7.1 1.00 10.0 12.5 0.0 5.7 10.0 28.6 31.7 22.5 102.96 0.0 35
513 D.J. Carton TOR 23 4 2 2 8.9 81.5 122.8 -41.3 15.0 3.00 21.4 5.1 4.3 4.7 7.1 43.8 53.9 12.5 108.07 6.0 81
513 DeJon Jarreau MEM 26 4 1 3 17.8 104.8 102.7 2.1 30.6 2.50 33.3 1.3 33.3 16.2 13.3 34.1 40.0 17.4 99.63 12.6 146
513 Dexter Dennis DAL 25 4 1 3 7.5 89.0 100.0 -11.0 36.4 1.33 15.4 2.5 21.1 11.5 11.5 55.3 54.1 27.8 118.13 16.4 73
513 Jahmi'us Ramsey TOR 22 4 0 4 15.4 98.5 101.5 -3.0 9.8 1.33 12.9 5.6 14.9 10.3 9.7 38.1 44.4 18.0 104.11 8.4 133
513 Jeff Dowtin Jr. PHI 26 4 0 4 14.3 114.3 103.6 10.7 19.5 2.67 36.4 0.0 5.8 3.1 13.6 72.7 72.7 10.8 93.83 10.7 112
513 Jordan Walsh BOS 20 4 4 0 8.3 121.5 78.3 43.3 6.7 1.00 22.2 6.3 22.0 15.1 22.2 20.0 20.0 9.0 97.45 4.5 65
513 Keon Johnson BKN 22 4 0 4 12.8 123.3 144.2 -20.9 8.3 0.75 9.7 5.4 5.1 5.3 12.9 47.4 59.8 22.2 97.31 6.6 103
513 Marques Bolden CHA 25 4 2 2 3.9 118.4 102.9 15.5 0.0 0.00 0.0 0.0 14.3 9.1 50.0 0.0 0.0 5.3 111.27 -1.3 38
524 Darius Bazley UTA 23 3 0 3 3.3 121.1 126.3 -5.3 22.2 2.00 50.0 0.0 14.3 7.7 25.0 0.0 0.0 9.5 93.22 2.0 19
524 Filip Petrusev SAC 23 3 2 1 3.1 110.0 80.0 30.0 0.0 0.00 0.0 0.0 8.3 5.6 0.0 50.0 52.1 15.0 103.11 2.6 20
524 Jason Preston UTA 24 3 1 2 8.8 118.2 96.5 21.7 29.2 3.50 46.7 12.5 13.8 13.2 13.3 33.3 33.3 13.3 102.34 7.8 55
524 Lindell Wigginton MIL 25 3 3 0 2.5 64.7 131.3 -66.5 0.0 0.00 0.0 0.0 0.0 0.0 14.3 40.0 51.0 41.2 103.80 2.9 17
524 Mamadi Diakite NYK 27 3 2 1 5.3 100.0 84.8 15.2 25.0 0.00 20.0 5.9 11.8 8.8 0.0 80.0 78.5 22.2 99.31 25.2 33
524 Pete Nance CLE 24 3 1 2 2.5 64.3 53.8 10.4 0.0 0.00 0.0 0.0 20.0 9.1 0.0 0.0 0.0 14.3 87.37 -9.5 14
524 Shaquille Harrison MEM 30 3 1 2 2.0 46.2 121.4 -75.3 0.0 0.00 0.0 0.0 40.0 16.7 0.0 50.0 50.0 15.4 108.60 15.9 13
524 Taze Moore POR 25 3 1 2 3.4 121.4 111.5 9.9 11.1 1.00 14.3 0.0 0.0 0.0 14.3 60.0 60.0 18.8 127.27 6.0 28
524 Usman Garuba GSW 22 3 2 1 2.6 85.0 129.4 -44.4 33.3 0.00 50.0 8.3 0.0 5.3 0.0 0.0 0.0 4.2 113.85 -1.8 20
533 Alondes Williams MIA 24 2 2 0 4.7 52.2 95.2 -43.1 0.0 0.00 0.0 0.0 11.1 5.6 25.0 0.0 0.0 16.7 112.38 -10.2 23
533 Andrew Funk CHI 24 2 1 1 1.3 160.0 0.0 160.0 0.0 0.00 0.0 0.0 0.0 0.0 0.0 0.0 0.0 14.3 94.12 -11.8 5
533 Danny Green PHI 36 2 1 1 9.2 114.6 120.5 -5.9 5.6 0.00 33.3 0.0 11.1 5.6 0.0 0.0 0.0 4.3 104.07 1.2 41
533 Dariq Whitehead BKN 19 2 1 1 12.0 110.9 153.7 -42.8 14.3 0.00 33.3 0.0 19.0 7.8 0.0 20.0 25.5 9.4 109.08 3.5 55
533 Dmytro Skapintsev NYK 25 2 0 2 1.1 75.0 60.0 15.0 0.0 0.00 0.0 0.0 0.0 0.0 0.0 0.0 0.0 25.0 101.25 -16.7 4
533 Hamidou Diallo WAS 25 2 1 1 2.4 81.8 50.0 31.8 33.3 1.00 25.0 18.2 0.0 12.5 25.0 50.0 50.0 18.8 106.11 26.1 11
533 Joshua Primo LAC 21 2 2 0 5.1 91.7 104.5 -12.9 0.0 0.00 0.0 11.1 0.0 4.2 57.1 33.3 33.3 25.9 107.53 -7.6 24
533 Justin Jackson MIN 28 2 2 0 0.4 0.0 0.0 0.0 0.0 0.00 0.0 0.0 0.0 0.0 0.0 0.0 0.0 0.0 137.14 0.0 2
533 Kevon Harris ORL 26 2 1 1 3.0 142.9 133.3 9.5 20.0 1.00 20.0 0.0 28.6 20.0 20.0 66.7 66.7 28.6 115.04 5.3 14
533 Mouhamadou Gueye TOR 25 2 0 2 4.8 91.3 95.2 -3.9 0.0 0.00 0.0 23.1 11.8 16.7 0.0 25.0 25.0 13.8 109.05 7.0 23
533 Mouhamed Gueye ATL 21 2 2 0 2.2 10.0 127.3 -117.3 0.0 0.00 0.0 0.0 0.0 0.0 0.0 0.0 0.0 8.3 114.98 -11.1 10
533 Pat Spencer GSW 27 2 0 2 1.7 33.3 100.0 -66.7 100 0.00 100.0 0.0 0.0 0.0 0.0 0.0 0.0 0.0 85.97 20.0 6
533 Ty Jerome CLE 26 2 1 1 7.4 106.7 143.8 -37.1 27.3 3.00 37.5 6.7 0.0 4.0 12.5 50.0 50.0 14.7 100.43 3.4 30
546 Adam Flagler OKC 24 1 1 0 5.5 100.0 100.0 0.0 25.0 0.00 25.0 0.0 0.0 0.0 0.0 0.0 0.0 21.4 113.45 -7.4 13
546 Drew Peterson BOS 24 1 1 0 2.6 160.0 100.0 60.0 50.0 0.00 50.0 0.0 0.0 0.0 0.0 150.0 150.0 20.0 103.53 20.7 5
546 Henri Drell CHI 23 1 0 1 2.9 150.0 100.0 50.0 66.7 0.00 50.0 50.0 0.0 25.0 0.0 50.0 50.0 28.6 99.88 24.1 6
546 Izaiah Brockington NOP 24 1 1 0 3.4 150.0 100.0 50.0 0.0 0.00 0.0 12.5 16.7 14.3 0.0 40.0 40.0 38.5 120.59 12.8 8
546 Jalen Crutcher NOP 24 1 1 0 2.7 120.0 100.0 20.0 0.0 0.00 0.0 0.0 0.0 0.0 0.0 0.0 0.0 16.7 90.57 -8.0 5
546 Javonte Smart PHI 24 1 1 0 0.7 0.0 150.0 -150.0 0.0 0.00 0.0 0.0 0.0 0.0 0.0 0.0 0.0 0.0 108.00 0.0 1
546 Kaiser Gates NOP 27 1 0 1 7.4 81.3 88.2 -7.0 0.0 0.00 0.0 0.0 9.1 4.5 0.0 0.0 0.0 22.2 106.55 -15.0 16
546 Malcolm Cazalon DET 22 1 0 1 2.6 183.3 100.0 83.3 0.0 0.00 0.0 0.0 0.0 0.0 0.0 0.0 0.0 0.0 111.48 0.0 6
546 Markquis Nowell TOR 24 1 0 1 3.5 128.6 62.5 66.1 100 0.00 50.0 50.0 0.0 28.6 0.0 0.0 53.2 22.2 102.37 35.7 7
546 Mason Jones SAC 25 1 0 1 13.0 103.8 63.0 40.9 36.4 0.00 50.0 5.9 20.0 12.5 0.0 0.0 12.9 12.1 97.85 12.9 26
546 Quenton Jackson IND 25 1 1 0 1.8 0.0 120.0 -120.0 0.0 0.00 0.0 0.0 50.0 25.0 0.0 0.0 0.0 0.0 132.11 18.2 5
546 Ron Harper Jr. TOR 23 1 1 0 3.7 100.0 188.9 -88.9 33.3 0.00 100.0 0.0 0.0 0.0 0.0 0.0 0.0 0.0 111.78 -4.5 8