PLAYER TEAM AGE GP W L MIN DEF RTG DREB DREB% %DREB STL STL% BLK %BLK OPP PTS
OFF TOV OPP PTS
2ND CHANCE OPP PTS
FB OPP PTS
PAINT DEF
WS




1 Mason Jones SAC 25 1 0 1 13.0 63.0 3.0 20.0 27.3 0.0 0.0 0.0 0.0 6.0 0.0 0.0 0.0 0.224
2 Rudy Gobert MIN 31 63 44 19 33.9 106.2 9.2 25.5 36.6 0.6 13.0 2.1 51.1 11.9 8.9 9.1 30.8 0.169
3 Donovan Mitchell CLE 27 49 33 16 35.4 107.4 4.4 11.9 17.5 1.8 29.6 0.5 13.4 11.5 9.6 10.1 34.5 0.169
4 OG Anunoby NYK 26 44 26 18 34.1 107.2 3.4 9.5 13.5 1.3 23.6 0.7 20.1 10.9 9.3 9.7 34.8 0.166
5 Anthony Edwards MIN 22 64 44 20 35.1 107.7 4.8 12.9 18.6 1.3 23.5 0.6 13.0 11.8 9.1 9.3 33.9 0.162
6 Max Strus CLE 27 60 39 21 32.2 107.8 3.9 11.3 16.7 0.9 16.4 0.5 14.3 11.1 8.8 9.5 30.8 0.150
7 Evan Mobley CLE 22 38 24 14 31.1 107.6 7.8 22.7 33.9 0.9 19.2 1.6 44.4 10.7 9.1 8.9 29.6 0.148
8 Franz Wagner ORL 22 60 37 23 32.9 108.3 4.6 14.2 20.4 1.1 19.1 0.4 11.9 10.0 7.6 9.8 31.7 0.148
9 Jayson Tatum BOS 26 64 51 13 35.7 109.7 7.4 19.0 27.8 1.0 19.6 0.6 11.9 9.4 10.1 9.4 35.7 0.146
10 Gabe Vincent LAL 27 5 2 3 25.5 103.7 0.6 2.3 3.2 1.2 25.0 0.0 0.0 9.8 8.6 4.4 19.2 0.146
11 Karl-Anthony Towns MIN 28 60 41 19 32.8 108.5 6.9 20.5 29.5 0.7 15.2 0.7 18.3 11.0 8.5 8.8 32.3 0.144
12 Fred VanVleet HOU 30 60 31 29 36.8 110.1 3.4 8.8 12.8 1.2 21.3 0.8 24.0 10.8 9.6 7.6 35.7 0.144
13 Derrick White BOS 29 62 50 12 32.3 109.2 3.5 9.7 14.1 1.0 23.4 1.3 27.9 8.5 9.2 8.4 32.4 0.138
14 Bam Adebayo MIA 26 57 32 25 34.6 110.0 8.2 24.0 34.8 1.1 18.8 1.0 36.8 10.8 10.0 9.5 32.7 0.138
15 Trey Murphy III NOP 23 42 27 15 27.5 106.4 3.6 12.5 18.0 0.8 16.2 0.5 16.4 7.5 6.7 7.3 26.3 0.137
16 Mike Conley MIN 36 62 44 18 28.9 107.3 2.5 8.2 11.9 1.0 24.7 0.2 5.6 10.5 7.9 8.0 28.1 0.136
17 Joel Embiid PHI 30 34 26 8 34.0 110.5 8.7 24.1 35.5 1.1 19.8 1.8 43.8 10.1 9.4 11.1 35.9 0.134
18 Shai Gilgeous-Alexander OKC 25 66 47 19 34.5 110.5 4.8 13.1 20.3 2.0 33.7 0.9 18.7 9.8 10.8 8.5 32.7 0.134
19 Naz Reid MIN 24 67 46 21 23.6 104.5 4.1 16.1 24.0 0.7 17.1 0.9 25.9 7.9 6.7 6.4 22.2 0.134
20 Marcus Smart MEM 30 20 7 13 30.2 109.2 2.4 7.3 10.5 2.1 37.6 0.3 6.5 10.9 8.6 9.8 27.5 0.132
21 Jarrett Allen CLE 25 62 40 22 31.6 109.5 7.3 22.5 32.8 0.7 14.2 1.2 38.5 11.0 8.3 9.2 30.7 0.132
22 Tari Eason HOU 22 22 12 10 21.8 103.1 4.9 20.3 29.8 1.4 36.9 0.9 33.3 6.4 6.5 3.9 20.4 0.132
23 Ja Morant MEM 24 9 6 3 35.3 111.1 4.9 13.4 20.3 0.8 15.2 0.6 11.1 13.0 10.3 11.7 38.0 0.131
24 Kawhi Leonard LAC 32 61 39 22 34.3 110.6 4.9 13.7 20.4 1.6 27.2 0.9 23.7 10.1 9.6 9.5 33.6 0.131
25 Jalen Williams OKC 22 60 42 18 31.7 109.9 3.6 10.4 16.2 1.1 19.6 0.6 12.8 9.1 10.4 8.2 31.5 0.130
26 Josh Hart NYK 29 66 39 27 32.1 109.8 6.5 20.3 29.4 0.9 18.4 0.3 11.2 9.4 7.8 8.9 30.4 0.129
27 Darius Garland CLE 24 43 25 18 33.2 110.4 2.0 6.0 9.0 1.3 24.6 0.1 3.5 11.7 9.5 9.3 31.6 0.129
28 Wenyen Gabriel MEM 26 5 1 4 16.2 96.4 3.6 22.0 30.0 0.4 12.5 0.4 28.6 7.6 3.2 4.6 12.8 0.128
29 T.J. Warren MIN 30 5 3 2 16.1 97.7 1.8 11.4 15.0 0.4 15.4 0.0 0.0 4.6 3.4 3.8 20.8 0.126
30 Nikola Jokic DEN 29 66 46 20 34.3 111.2 9.3 26.8 38.3 1.3 24.3 0.9 27.5 10.7 8.2 10.4 36.7 0.125
31 Kristaps Porzingis BOS 28 46 35 11 29.8 109.5 5.4 16.0 23.1 0.6 16.5 1.8 39.4 8.2 8.7 8.9 28.8 0.125
32 Jrue Holiday BOS 33 61 48 13 33.1 110.8 4.2 11.5 16.9 0.9 20.7 0.8 17.7 9.2 9.4 8.9 32.0 0.125
33 Jaylen Brown BOS 27 60 46 14 33.4 111.2 4.4 11.9 17.4 1.1 24.3 0.5 10.3 9.4 9.7 9.5 33.7 0.124
34 Kyle Anderson MIN 30 64 45 19 22.5 105.3 2.8 11.9 17.3 0.8 21.0 0.5 16.9 7.9 6.0 6.1 21.0 0.123
35 Nickeil Alexander-Walker MIN 25 67 46 21 23.4 106.0 1.6 6.6 9.6 0.8 21.5 0.5 16.9 7.5 5.9 6.1 22.0 0.122
36 Dean Wade CLE 27 54 36 18 20.5 103.5 3.4 15.4 22.3 0.7 21.5 0.5 21.0 7.1 4.6 5.8 20.1 0.122
37 Chet Holmgren OKC 21 67 47 20 30.2 110.3 6.3 19.2 30.1 0.6 13.4 2.5 51.7 8.6 10.3 7.9 29.4 0.120
38 Jimmy Butler MIA 34 47 24 23 34.1 111.7 3.5 10.5 15.3 1.4 24.9 0.4 13.7 11.1 9.7 10.0 33.3 0.119
39 Al Horford BOS 37 56 44 12 26.8 108.6 5.2 18.1 25.8 0.6 17.1 1.0 26.7 7.4 6.8 6.5 26.5 0.117
40 Damian Lillard MIL 33 63 44 19 35.1 112.4 3.8 10.2 14.7 1.0 20.2 0.2 5.8 10.9 9.5 10.8 39.1 0.117
41 Paolo Banchero ORL 21 66 39 27 34.9 112.3 5.7 17.2 25.0 1.0 16.5 0.6 15.0 11.8 9.2 10.7 35.5 0.117
42 Jaden McDaniels MIN 23 57 38 19 29.0 109.8 2.2 7.3 10.5 0.9 20.5 0.5 17.0 9.7 8.0 7.4 28.1 0.116
43 Aaron Gordon DEN 28 62 42 20 31.4 111.0 4.1 13.1 18.8 0.8 16.7 0.6 18.9 10.4 8.0 9.4 34.4 0.116
44 Alex Caruso CHI 30 59 29 30 27.8 109.6 2.9 10.2 15.5 1.6 33.8 1.1 35.6 8.8 7.8 7.1 24.5 0.116
45 Herbert Jones NOP 25 61 38 23 29.4 110.3 2.6 8.5 12.2 1.3 26.6 0.9 24.6 9.1 7.6 8.0 28.0 0.115
46 Kentavious Caldwell-Pope DEN 31 62 44 18 31.6 111.2 1.9 5.9 8.7 1.4 27.7 0.5 14.6 10.0 8.4 9.5 33.8 0.115
47 Brook Lopez MIL 35 65 43 22 31.0 111.2 3.9 11.3 16.1 0.6 15.1 2.5 69.3 9.7 8.8 9.6 33.5 0.114
48 Zion Williamson NOP 23 56 34 22 30.9 111.3 4.0 12.5 18.4 0.9 16.7 0.6 18.0 10.5 8.8 9.7 30.2 0.114
49 Paul George LAC 33 61 39 22 34.2 112.3 4.8 13.9 20.5 1.6 27.1 0.5 12.6 10.1 9.3 9.5 33.7 0.113
50 Brandon Ingram NOP 26 61 37 24 33.2 112.2 4.4 13.2 18.7 0.8 14.8 0.6 18.8 10.6 8.6 9.7 32.4 0.111
51 Jalen Brunson NYK 27 62 39 23 35.2 113.0 3.0 8.7 12.5 1.0 17.6 0.2 7.2 10.6 8.9 11.2 35.2 0.111
52 Isaac Okoro CLE 23 58 36 22 27.3 110.0 2.1 7.5 11.1 0.9 21.1 0.6 19.0 9.7 6.6 7.7 26.9 0.110
53 Tyler Herro MIA 24 36 19 17 33.6 112.7 4.8 14.1 20.8 0.8 15.4 0.1 3.4 11.8 10.1 10.6 35.9 0.110
54 Jamal Murray DEN 27 52 38 14 32.0 112.0 3.4 10.3 15.4 0.9 19.0 0.6 15.1 11.1 9.3 9.9 35.1 0.110
55 DeJon Jarreau MEM 26 4 1 3 17.8 102.7 5.8 33.3 42.6 1.3 35.7 0.0 0.0 6.0 3.3 6.3 12.5 0.110
56 Duncan Robinson MIA 29 62 35 27 28.6 110.6 2.3 8.3 12.0 0.7 15.5 0.2 11.0 8.9 7.9 7.5 27.4 0.109
57 Jordan Walsh BOS 20 4 4 0 8.3 78.3 2.3 22.0 29.0 0.5 28.6 0.3 33.3 2.0 0.8 3.3 5.0 0.109
58 Caris LeVert CLE 29 55 33 22 28.2 110.7 3.3 11.5 17.3 1.1 25.3 0.5 14.9 9.1 8.0 7.9 27.3 0.108
59 Michael Porter Jr. DEN 25 67 47 20 31.7 112.0 5.7 17.8 25.4 0.5 11.3 0.7 22.3 9.6 7.9 9.4 33.7 0.108
60 Wendell Carter Jr. ORL 24 41 23 18 26.3 109.6 4.8 19.6 27.6 0.5 10.8 0.5 26.2 9.1 6.2 8.0 24.6 0.107
61 Malik Beasley MIL 27 65 41 24 29.7 111.5 3.2 9.9 14.2 0.8 19.4 0.1 3.1 8.7 8.4 9.0 32.5 0.107
62 Giannis Antetokounmpo MIL 29 64 41 23 35.0 113.5 8.7 23.6 34.2 1.2 24.4 1.0 26.6 10.5 9.4 9.0 37.1 0.106
63 Tobias Harris PHI 31 60 35 25 33.8 113.1 5.1 15.1 22.5 1.1 18.4 0.6 12.6 9.6 9.4 10.9 36.2 0.105
64 Julius Randle NYK 29 46 29 17 35.4 113.8 7.0 19.8 28.6 0.5 9.9 0.3 9.0 11.7 8.8 11.7 35.7 0.105
65 Victor Wembanyama SAS 20 60 14 46 29.0 111.4 8.2 27.4 39.3 1.3 27.5 3.5 71.1 11.4 7.7 8.6 31.6 0.105
66 CJ McCollum NOP 32 51 34 17 31.3 112.2 3.7 11.9 17.0 1.0 19.5 0.7 20.0 9.5 8.2 8.8 31.0 0.105
67 Kevin Durant PHX 35 61 34 27 37.3 114.2 6.2 15.5 23.2 0.9 15.6 1.2 28.9 14.3 11.3 11.5 40.0 0.105
68 Jaime Jaquez Jr. MIA 23 61 36 25 29.4 111.6 2.8 9.3 13.6 1.1 26.1 0.2 10.9 9.6 8.3 7.8 28.5 0.104
69 De'Aaron Fox SAC 26 58 34 24 35.7 114.0 3.4 9.9 14.0 1.9 33.0 0.4 13.6 12.0 7.9 9.2 36.6 0.104
70 Scotty Pippen Jr. MEM 23 9 1 8 23.1 108.2 2.4 10.7 16.2 1.1 26.3 0.6 17.9 10.3 6.8 9.0 22.4 0.104
71 Jaren Jackson Jr. MEM 24 58 19 39 32.1 112.8 4.4 13.8 20.7 1.1 20.6 1.6 36.4 11.0 9.5 9.7 31.4 0.103
72 Jahmi'us Ramsey TOR 22 4 0 4 15.4 101.5 2.8 14.9 23.4 1.0 30.8 0.0 0.0 5.0 3.0 4.0 14.5 0.103
73 Jabari Smith Jr. HOU 20 62 31 31 32.0 112.8 6.5 19.6 28.7 0.8 17.0 0.8 27.0 9.3 9.0 7.2 32.0 0.102
74 Sam Hauser BOS 26 66 53 13 21.2 107.1 2.8 12.1 17.7 0.4 15.5 0.3 10.8 5.8 5.8 4.7 20.6 0.102
75 Adama Sanogo CHI 22 4 1 3 2.9 8.0 1.0 28.6 40.0 0.0 0.0 0.0 0.0 0.5 0.0 0.5 0.5 0.102
76 GG Jackson MEM 19 34 10 24 22.3 108.2 2.5 10.7 16.6 0.4 10.8 0.6 20.6 9.2 6.8 7.4 23.9 0.101
77 DeMar DeRozan CHI 34 66 32 34 37.7 114.6 3.7 10.1 15.0 1.1 18.9 0.6 15.7 11.8 10.2 9.8 35.1 0.101
78 Dillon Brooks HOU 28 58 28 30 31.2 112.8 2.7 8.4 12.5 0.9 19.3 0.1 4.5 10.0 8.7 6.8 31.1 0.100
79 Tyrese Maxey PHI 23 58 36 22 37.3 114.6 3.2 8.5 12.9 1.0 15.5 0.5 10.1 10.7 10.9 12.6 40.6 0.100
80 Markelle Fultz ORL 25 30 18 12 21.8 108.1 2.1 10.0 14.5 1.0 23.8 0.3 20.4 6.8 5.9 6.2 21.4 0.100
81 Alperen Sengun HOU 21 63 29 34 32.5 113.2 6.4 19.3 28.1 1.2 24.1 0.7 27.7 9.3 9.2 7.3 31.8 0.099
82 Vince Williams Jr. MEM 23 52 18 34 27.6 111.4 4.4 16.3 24.9 0.9 18.9 0.7 16.9 9.9 7.9 7.9 28.8 0.099
83 Robert Covington PHI 33 29 20 9 16.8 103.6 2.3 12.7 19.8 1.3 36.8 0.6 32.7 6.1 5.0 5.6 16.0 0.099
84 Jalen Suggs ORL 22 61 36 25 26.6 111.3 2.5 10.0 14.2 1.4 30.6 0.6 21.2 9.9 6.6 8.3 26.9 0.099
85 Desmond Bane MEM 25 38 14 24 34.5 114.1 3.6 10.3 15.1 1.0 19.3 0.6 13.0 13.2 9.9 10.3 32.1 0.098
86 De'Anthony Melton PHI 25 36 23 13 27.8 111.9 3.1 11.0 16.4 1.6 30.3 0.4 12.2 8.4 7.1 8.6 30.9 0.098
87 Luguentz Dort OKC 24 65 45 20 28.6 112.1 2.7 8.8 13.5 0.9 19.4 0.6 16.2 8.4 9.1 7.8 27.3 0.098
88 Jose Alvarado NOP 25 46 31 15 17.5 104.6 1.7 9.5 14.5 1.1 30.6 0.3 17.7 5.6 4.5 5.2 16.2 0.098
89 Isaiah Hartenstein NYK 25 61 38 23 24.9 110.4 5.1 20.3 29.0 1.0 25.7 1.1 46.2 7.1 6.0 7.7 24.1 0.098
90 Mikal Bridges BKN 27 68 26 42 35.3 114.3 4.0 11.1 16.5 1.0 19.6 0.4 9.7 10.9 10.1 11.3 35.9 0.098
91 LeBron James LAL 39 59 31 28 35.2 114.2 6.3 17.0 25.1 1.3 22.4 0.6 13.9 12.2 11.1 11.5 37.3 0.098
92 Brandin Podziemski GSW 21 58 30 28 27.1 111.3 4.2 14.8 21.6 0.9 22.9 0.2 8.5 9.3 8.0 8.0 27.5 0.097
93 Jonathan Isaac ORL 26 46 29 17 15.1 101.8 3.1 19.7 30.6 0.7 24.2 1.2 53.9 4.7 3.2 4.1 12.7 0.097
94 Gary Harris ORL 29 44 29 15 23.4 109.6 1.2 5.4 7.8 0.9 22.7 0.3 11.9 7.5 6.5 6.6 23.5 0.096
95 Devin Booker PHX 27 54 33 21 35.9 114.7 3.9 10.2 15.5 0.9 17.7 0.4 10.0 12.7 10.7 10.3 35.7 0.096
96 Chris Paul GSW 38 42 22 20 26.9 111.6 3.6 12.5 19.1 1.3 29.8 0.1 3.6 8.8 8.0 7.2 27.0 0.094
97 Jalen Green HOU 22 67 32 35 31.1 113.4 4.5 14.0 20.3 0.7 16.8 0.3 12.7 9.2 8.7 7.3 31.6 0.093
98 Dorian Finney-Smith BKN 30 59 23 36 28.5 112.6 3.0 10.5 15.5 0.8 20.7 0.6 19.5 8.6 7.9 8.2 28.6 0.093
99 Coby White CHI 24 66 32 34 36.7 115.2 4.1 11.3 16.7 0.7 13.8 0.2 7.1 11.7 10.0 9.7 34.6 0.093
100 Caleb Martin MIA 28 50 28 22 27.4 112.1 3.5 12.7 18.7 0.7 18.1 0.4 23.9 8.6 7.5 6.9 24.6 0.092
101 Jusuf Nurkic PHX 29 64 39 25 27.3 112.2 8.0 28.2 40.0 1.0 23.1 1.0 35.6 9.8 6.6 7.9 28.4 0.092
102 James Harden LAC 34 60 38 22 34.7 114.6 4.7 13.2 19.7 1.1 19.3 0.9 24.2 10.7 9.3 9.9 35.1 0.092
103 Larry Nance Jr. NOP 31 48 28 20 18.9 107.4 3.6 18.5 27.8 1.0 28.0 0.4 22.2 6.4 5.1 5.4 18.2 0.091
104 Kyle Lowry PHI 37 48 25 23 28.2 112.5 2.8 10.5 15.5 1.1 24.3 0.3 15.8 9.7 7.2 8.7 27.0 0.090
105 Jonathan Kuminga GSW 21 65 34 31 26.1 112.1 3.5 12.6 18.4 0.7 17.2 0.5 20.1 8.9 7.1 8.1 27.6 0.090
106 Draymond Green GSW 34 41 24 17 26.7 112.4 5.8 20.3 29.2 0.8 21.3 0.9 35.9 9.3 6.8 8.4 26.0 0.090
107 Jae'Sean Tate HOU 28 57 26 31 16.7 105.5 2.2 13.0 18.5 0.7 21.9 0.2 15.3 4.9 4.8 3.8 15.7 0.090
108 Royce O'Neale PHX 30 65 28 37 25.4 111.8 4.0 15.0 22.7 0.8 18.6 0.6 19.3 9.5 7.1 8.0 24.2 0.090
109 Payton Pritchard BOS 26 67 53 14 20.7 108.7 2.3 10.7 15.9 0.4 16.3 0.1 3.3 5.6 5.3 5.3 20.2 0.089
110 Amen Thompson HOU 21 48 21 27 20.0 109.1 3.9 19.0 27.0 1.2 29.5 0.6 32.6 6.5 4.8 5.9 20.0 0.089
111 Toumani Camara POR 23 64 19 45 24.5 111.4 3.0 12.4 18.9 1.0 23.2 0.5 22.1 9.7 7.1 8.6 26.1 0.089
112 Matt Ryan NOP 26 20 11 9 17.7 107.2 1.7 8.3 13.4 0.3 10.9 0.1 2.7 7.6 6.1 5.3 19.4 0.089
113 Tre Mann CHA 23 27 17 10 20.6 108.6 3.1 15.0 23.0 1.0 28.6 0.0 0.0 6.7 6.1 5.9 20.1 0.089
114 Zach LaVine CHI 29 25 10 15 34.9 115.3 4.8 13.4 20.9 0.8 16.5 0.3 10.3 9.8 11.2 9.8 30.7 0.087
115 Naji Marshall NOP 26 55 36 19 19.0 108.3 2.7 13.8 20.7 0.7 20.4 0.2 11.6 6.2 5.1 6.1 18.0 0.087
116 Ivica Zubac LAC 27 55 33 22 26.4 112.2 6.2 22.8 32.9 0.2 5.7 1.2 44.1 8.2 7.0 7.7 24.8 0.087
117 Bradley Beal PHX 30 39 23 16 33.0 114.8 3.2 9.5 14.3 1.0 18.7 0.3 9.6 12.8 9.9 10.7 34.2 0.087
118 Keegan Murray SAC 23 61 35 26 33.0 114.8 4.1 13.0 18.2 1.1 19.3 0.7 27.8 11.5 7.0 7.9 34.1 0.087
119 Mitchell Robinson NYK 25 21 12 9 29.2 113.7 5.0 17.9 25.5 1.5 33.7 1.3 71.1 10.1 7.2 9.8 29.2 0.086
120 Dereon Seabron NOP 23 6 3 3 9.2 92.5 1.0 8.2 12.5 0.3 33.3 0.2 16.7 4.0 2.2 1.8 8.7 0.086
121 Anthony Davis LAL 31 64 35 29 35.6 115.5 9.2 24.7 36.3 1.2 20.9 2.4 55.0 11.9 10.7 11.5 36.7 0.086
122 Nikola Vucevic CHI 33 63 31 32 34.5 115.2 7.8 22.9 33.7 0.7 13.5 0.8 23.5 11.1 9.3 9.1 32.2 0.086
123 Nic Claxton BKN 24 58 21 37 29.6 114.0 7.2 24.1 36.4 0.6 14.9 2.1 59.5 9.2 8.4 10.4 29.6 0.086
124 Cole Anthony ORL 23 67 40 27 22.9 110.8 3.1 13.8 21.1 0.8 21.8 0.4 17.0 7.9 6.1 6.5 22.4 0.085
125 Devin Vassell SAS 23 62 14 48 32.8 114.9 3.4 10.1 14.9 1.0 19.7 0.4 8.5 13.3 10.0 9.8 39.3 0.085
126 Jarred Vanderbilt LAL 24 29 14 15 20.0 109.4 3.3 16.4 24.1 1.2 29.5 0.2 8.1 7.8 5.9 7.0 19.9 0.085
127 Isaiah Stewart DET 22 45 9 36 31.2 114.4 5.0 16.0 22.7 0.4 9.7 0.8 24.7 13.0 8.7 8.2 34.7 0.085
128 Luka Doncic DAL 25 59 36 23 37.4 116.0 8.2 21.2 31.9 1.4 27.1 0.6 14.2 11.6 10.7 12.8 40.4 0.085
129 Ryan Rollins MIL 21 10 1 9 6.6 82.0 0.9 11.8 20.9 0.8 36.4 0.3 20.0 1.5 1.8 1.6 4.8 0.085
130 Jalen Johnson ATL 22 50 25 25 34.0 115.5 7.3 20.7 31.2 1.2 21.4 0.9 25.4 11.4 10.0 12.6 37.5 0.084
131 Isaiah Joe OKC 24 63 44 19 18.4 108.2 1.9 9.8 15.5 0.6 17.1 0.3 12.9 6.3 5.6 4.1 16.4 0.084
132 Xavier Tillman BOS 25 41 20 21 19.7 109.2 2.9 14.7 22.0 1.1 29.5 1.0 35.8 7.2 5.7 6.2 19.9 0.084
133 Grayson Allen PHX 28 62 36 26 33.8 115.4 3.2 9.0 13.4 0.9 18.3 0.6 16.0 12.7 9.9 9.9 35.9 0.083
134 Kaiser Gates NOP 27 1 0 1 7.4 88.2 1.0 9.1 20.0 0.0 0.0 0.0 0.0 3.0 4.0 0.0 6.0 0.083
135 Eric Gordon PHX 35 55 32 23 29.3 114.1 1.7 5.4 8.5 0.9 20.6 0.5 12.2 11.8 9.5 8.4 31.1 0.083
136 Josh Giddey OKC 21 66 47 19 24.5 112.2 4.7 18.0 27.8 0.7 18.3 0.5 14.2 7.2 8.3 6.8 25.4 0.083
137 D'Angelo Russell LAL 28 63 36 27 32.1 115.0 2.5 7.5 11.2 0.8 16.8 0.5 12.4 9.7 10.7 10.2 35.5 0.083
138 Tre Jones SAS 24 63 14 49 26.8 113.2 2.7 9.8 14.5 1.0 23.7 0.1 3.0 10.2 8.0 7.4 30.3 0.083
139 Precious Achiuwa NYK 24 60 31 29 23.0 111.3 4.0 17.5 26.5 0.7 19.3 1.0 39.5 7.3 6.4 6.7 23.1 0.083
140 Quentin Grimes DET 23 51 32 19 20.1 109.1 1.7 8.0 11.9 0.7 24.0 0.1 8.0 6.1 5.7 6.2 20.4 0.083
141 Nikola Jovic MIA 20 32 15 17 17.6 107.7 3.5 19.6 27.2 0.5 16.1 0.3 22.4 5.5 5.5 4.3 18.3 0.083
142 Kyrie Irving DAL 31 46 28 18 34.3 115.6 4.3 12.0 18.4 1.2 25.8 0.5 12.9 10.3 10.7 10.0 36.9 0.083
143 Scottie Barnes TOR 22 60 22 38 34.9 115.8 5.9 16.7 25.1 1.3 22.8 1.5 38.1 11.4 10.8 9.0 38.8 0.082
144 Donte DiVincenzo NYK 27 66 40 26 26.9 113.4 2.7 10.1 14.6 1.3 29.2 0.4 15.8 8.5 6.8 8.2 26.2 0.082
145 Norman Powell LAC 30 65 41 24 26.0 113.3 2.4 8.9 13.7 0.6 14.0 0.3 10.4 8.7 7.6 8.3 26.9 0.081
146 Bogdan Bogdanovic ATL 31 64 29 35 29.7 114.4 2.7 9.2 13.6 1.3 26.2 0.3 12.2 9.6 7.9 9.6 31.2 0.081
147 Dyson Daniels NOP 21 52 30 22 21.9 111.2 2.7 12.0 18.2 1.4 34.4 0.4 19.1 7.0 6.3 5.9 21.3 0.081
148 Anthony Black ORL 20 61 34 27 17.9 108.6 1.7 9.7 14.2 0.6 18.9 0.3 13.0 6.8 4.2 6.0 18.5 0.081
149 Deandre Ayton POR 25 45 12 33 32.3 115.2 7.8 24.8 37.8 1.0 19.3 0.8 27.1 12.8 9.1 10.8 36.4 0.080
150 Immanuel Quickley TOR 24 62 26 36 28.9 114.3 3.4 11.6 17.4 0.7 15.3 0.1 5.3 8.7 8.0 7.9 30.0 0.080
151 Aaron Holiday HOU 27 64 31 33 16.3 107.1 1.4 8.0 11.6 0.5 18.0 0.1 5.2 5.1 4.6 3.8 15.8 0.080
152 Derrick Rose MEM 35 24 6 18 16.6 107.7 1.6 8.9 13.3 0.3 13.1 0.1 4.3 5.5 5.8 3.5 16.3 0.079
153 Reggie Jackson DEN 33 68 47 21 21.9 111.5 1.5 6.7 10.1 0.5 16.7 0.1 5.5 7.6 6.0 5.5 22.1 0.079
154 Dennis Smith Jr. BKN 26 52 19 33 19.5 109.9 2.1 11.1 16.9 1.2 35.4 0.2 13.5 5.9 5.4 4.9 18.0 0.079
155 Jeff Dowtin Jr. PHI 26 4 0 4 14.3 103.6 1.0 5.8 10.3 0.8 37.5 0.3 10.0 4.3 5.3 1.8 14.0 0.079
156 Ausar Thompson DET 21 63 10 53 25.1 113.1 4.3 17.3 25.2 1.1 31.8 0.9 33.1 9.8 6.9 7.7 26.3 0.079
157 Malcolm Brogdon POR 31 39 15 24 28.7 114.5 3.1 10.8 16.7 0.7 15.7 0.2 7.0 11.0 8.8 9.1 33.4 0.079
158 Monte Morris MIN 28 18 11 7 13.9 104.4 1.3 9.4 13.3 0.4 19.0 0.2 7.9 3.5 3.3 5.1 15.2 0.079
159 Ben Simmons BKN 27 15 7 8 23.9 113.0 5.9 24.1 33.5 0.8 22.2 0.6 26.5 8.1 5.7 8.3 25.5 0.078
160 Santi Aldama MEM 23 55 21 34 26.0 113.4 4.4 16.9 26.2 0.7 17.1 0.8 23.0 9.7 7.5 7.6 25.2 0.078
161 Nicolas Batum PHI 35 46 27 19 24.6 112.9 2.8 11.1 16.9 0.8 18.6 0.7 21.2 7.3 7.1 6.7 26.9 0.078
162 Lamar Stevens MEM 26 31 19 12 12.3 101.9 2.1 14.3 23.4 0.4 18.8 0.5 33.3 5.1 4.1 3.6 11.4 0.078
163 Pascal Siakam IND 29 66 29 37 33.9 115.8 5.1 15.1 22.1 0.8 17.8 0.3 9.4 10.6 9.6 9.2 38.4 0.078
164 Ish Wainright PHX 29 9 1 8 6.6 85.6 1.2 18.0 23.9 0.3 30.0 0.1 25.0 2.2 0.6 2.0 3.6 0.077
165 Khris Middleton MIL 32 44 28 16 26.2 113.8 3.6 12.7 18.7 0.9 25.8 0.3 9.8 7.5 8.0 7.1 28.3 0.077
166 Matt Hurt MEM 23 8 2 6 14.2 104.8 0.9 6.0 10.0 0.4 16.7 0.4 25.0 6.1 5.8 2.8 14.8 0.077
167 Jaylen Nowell MEM 24 9 3 6 17.3 108.8 1.2 6.7 10.8 0.3 10.3 0.0 0.0 4.0 5.6 4.4 18.2 0.077
168 Shaedon Sharpe POR 20 32 8 24 33.1 116.0 3.7 11.6 18.6 0.9 15.9 0.4 12.4 12.2 10.3 11.5 39.2 0.076
169 Cam Reddish LAL 24 40 22 18 22.2 112.0 1.7 7.6 11.1 1.1 26.6 0.3 12.2 8.8 6.6 7.4 23.5 0.076
170 Josh Richardson MIA 30 43 24 19 25.6 113.7 2.4 9.4 14.0 0.6 15.1 0.3 21.5 8.9 7.3 6.1 25.9 0.076
171 Cason Wallace OKC 20 67 47 20 20.5 111.1 1.6 7.6 12.2 0.8 20.5 0.4 15.4 6.9 6.9 4.8 21.0 0.076
172 Evan Fournier DET 31 18 6 12 16.2 108.0 1.8 10.7 15.4 1.1 31.1 0.1 7.1 7.4 4.3 5.2 17.7 0.075
173 Kevin Love MIA 35 47 26 21 17.5 109.3 5.1 29.1 43.1 0.3 14.4 0.2 22.5 5.8 3.9 4.2 17.2 0.075
174 Domantas Sabonis SAC 27 66 38 28 35.9 116.7 10.1 29.7 41.6 0.9 16.1 0.6 22.4 12.3 7.8 8.9 37.6 0.074
175 Cam Whitmore HOU 19 38 16 22 17.8 110.0 3.0 16.0 23.2 0.6 17.8 0.3 14.5 5.7 4.6 5.1 17.6 0.074
176 Haywood Highsmith MIA 27 51 30 21 19.4 110.7 1.8 9.4 13.8 0.8 25.3 0.5 33.3 7.0 5.6 5.4 18.2 0.074
177 Ashton Hagans POR 24 13 2 11 16.6 107.9 1.8 11.4 18.4 0.5 22.6 0.5 31.8 7.2 4.1 4.5 14.5 0.074
178 Christian Braun DEN 22 68 47 21 19.2 110.7 2.7 12.9 20.2 0.5 17.7 0.4 16.2 6.6 5.9 4.8 19.2 0.074
179 Jakob Poeltl TOR 28 50 21 29 26.4 114.2 5.7 21.4 30.9 0.7 16.7 1.5 53.1 8.5 7.2 7.4 27.8 0.074
180 Rui Hachimura LAL 26 54 29 25 25.8 113.9 2.9 10.9 16.1 0.7 16.7 0.3 11.3 7.9 7.8 7.9 28.0 0.074
181 Gary Payton II GSW 31 31 18 13 15.2 107.8 1.6 10.5 15.2 1.0 29.7 0.4 23.4 5.0 3.0 5.2 15.6 0.074
182 Vasilije Micic CHA 30 47 30 17 17.2 108.9 1.1 6.0 9.4 0.4 14.9 0.1 6.0 5.9 6.2 4.9 17.4 0.074
183 Grant Williams CHA 25 64 31 33 27.5 114.8 2.9 10.5 16.1 0.6 15.2 0.5 20.7 9.0 8.2 9.2 31.1 0.074
184 Jeremy Sochan SAS 20 68 15 53 29.7 115.3 4.4 14.6 21.4 0.8 17.4 0.5 13.2 12.0 8.6 9.0 34.9 0.073
185 Trey Jemison MEM 24 15 3 12 19.4 110.7 2.1 12.0 17.0 0.4 12.0 1.0 53.6 9.1 4.0 7.0 20.5 0.073
186 Jonas Valanciunas NOP 31 67 41 26 24.6 113.6 6.8 27.0 38.1 0.4 10.6 1.0 34.6 7.6 6.3 7.4 23.4 0.072
187 Ayo Dosunmu CHI 24 66 33 33 28.0 115.0 2.1 7.5 11.3 0.8 19.7 0.5 16.5 9.2 7.7 7.7 26.9 0.072
188 Danuel House Jr. PHI 30 34 21 13 15.0 107.7 1.2 8.1 12.2 0.4 13.8 0.1 10.6 4.2 4.2 6.1 15.1 0.072
189 John Konchar MEM 27 52 17 35 20.6 111.8 3.3 16.6 24.4 0.9 24.9 0.9 30.1 8.5 5.2 5.8 21.0 0.072
190 Kenrich Williams OKC 29 55 40 15 14.0 106.2 2.1 14.3 21.6 0.5 19.2 0.1 6.4 4.7 4.1 3.3 13.2 0.071
191 Jordan McLaughlin MIN 27 41 25 16 9.6 99.0 1.0 9.8 14.1 0.7 33.7 0.2 15.6 2.6 2.5 2.6 8.7 0.071
192 Cam Thomas BKN 22 53 18 35 30.2 115.9 2.7 8.9 13.4 0.8 17.2 0.2 7.1 9.4 8.3 10.5 31.6 0.071
193 Jason Preston UTA 24 3 1 2 8.8 96.5 1.3 13.8 20.0 0.0 0.0 0.0 0.0 3.0 1.3 1.7 6.7 0.071
194 Christian Wood LAL 28 50 28 22 17.4 109.9 4.3 22.6 33.0 0.3 13.1 0.7 30.0 6.6 5.3 6.0 17.1 0.070
195 Goga Bitadze ORL 24 54 29 25 16.9 109.3 3.1 18.6 26.9 0.6 20.7 1.3 54.7 5.4 4.5 4.6 17.2 0.070
196 Jock Landale HOU 28 41 19 22 10.3 100.9 1.2 10.5 14.7 0.3 15.7 0.4 36.2 3.6 2.7 3.0 9.4 0.070
197 Miles McBride NYK 23 54 33 21 15.1 107.6 0.8 5.3 7.8 0.6 27.4 0.1 6.9 4.7 3.4 3.6 13.9 0.070
198 Georges Niang CLE 30 67 42 25 21.9 112.9 3.3 14.5 21.4 0.3 9.9 0.2 9.7 7.7 6.1 6.6 21.1 0.070
199 Dennis Schroder BKN 30 68 24 44 30.6 116.1 2.3 7.7 11.4 0.8 18.9 0.2 6.5 9.6 8.8 9.0 32.9 0.069
200 Russell Westbrook LAC 35 58 38 20 22.6 113.7 3.7 15.5 23.7 1.1 28.0 0.4 15.6 7.5 7.1 8.6 24.4 0.069
201 Stephen Curry GSW 36 60 34 26 32.8 116.7 3.9 11.4 16.6 0.8 18.0 0.4 12.7 12.4 8.7 11.2 35.1 0.069
202 Cameron Johnson BKN 28 52 19 33 27.7 115.3 3.4 12.5 18.4 0.9 22.8 0.3 8.3 7.4 7.9 8.8 27.4 0.069
203 Peyton Watson DEN 21 66 46 20 18.4 111.2 2.3 11.4 18.1 0.6 22.6 1.0 36.4 6.6 5.8 4.8 19.1 0.068
204 Ziaire Williams MEM 22 51 20 31 20.3 112.4 2.8 13.8 21.5 0.7 19.7 0.2 7.2 7.8 6.4 6.6 21.3 0.068
205 Jake LaRavia MEM 22 23 4 19 18.0 110.6 1.9 10.2 16.3 0.8 31.7 0.3 12.7 8.7 6.3 5.5 17.8 0.068
206 Andrew Nembhard IND 24 54 32 22 24.1 114.0 1.5 6.1 9.4 0.9 23.3 0.1 3.1 8.0 7.4 6.8 27.3 0.068
207 Simone Fontecchio DET 28 66 29 37 24.9 114.5 2.8 10.7 15.4 0.7 17.1 0.3 12.8 8.7 6.5 9.2 27.2 0.068
208 Kelly Oubre Jr. PHI 28 54 30 24 29.5 116.0 3.3 11.5 17.4 1.1 22.3 0.5 14.4 8.9 8.9 9.7 30.7 0.067
209 Kris Murray POR 23 47 10 37 17.8 110.7 1.9 11.3 17.7 0.8 26.7 0.3 17.6 7.1 4.9 6.4 17.8 0.067
210 Markquis Nowell TOR 24 1 0 1 3.5 62.5 0.0 0.0 0.0 1.0 50.0 0.0 0.0 0.0 0.0 0.0 2.0 0.067
211 Moses Moody GSW 21 51 27 24 17.8 110.9 2.1 11.2 16.2 0.7 26.3 0.5 26.4 6.1 4.3 6.1 17.7 0.067
212 Seth Curry CHA 33 44 25 19 14.0 107.5 1.1 7.8 12.0 0.5 20.6 0.1 9.7 4.8 4.3 4.4 14.2 0.067
213 Day'Ron Sharpe BKN 22 51 20 31 15.5 109.2 3.8 23.4 35.4 0.5 18.4 0.7 44.0 5.2 4.1 4.4 14.6 0.067
214 Sam Merrill CLE 27 49 32 17 16.9 110.0 1.6 9.5 13.6 0.3 13.9 0.1 4.2 5.7 3.9 4.8 15.9 0.067
215 Trey Lyles SAC 28 49 29 20 19.8 112.3 3.4 17.0 24.7 0.3 10.7 0.3 14.7 6.9 4.9 5.1 19.1 0.066
216 Patrick Williams CHI 22 43 19 24 27.3 115.5 2.8 10.5 15.2 0.9 22.3 0.8 29.7 8.9 7.3 8.4 26.5 0.066
217 Sidy Cissoko SAS 19 6 1 5 5.3 83.8 1.0 17.1 22.2 0.5 37.5 0.0 0.0 2.0 1.7 2.0 5.0 0.066
218 P.J. Tucker LAC 38 21 7 14 16.2 109.8 1.8 10.8 15.8 0.5 15.9 0.3 17.9 6.1 3.7 7.0 16.4 0.066
219 Tyrese Haliburton IND 24 55 31 24 32.3 116.9 3.4 10.1 15.3 1.1 21.9 0.7 15.6 10.1 10.3 9.8 41.5 0.066
220 RJ Barrett TOR 23 53 24 29 31.6 116.8 4.4 13.7 20.9 0.5 10.5 0.4 13.1 10.5 9.6 10.7 34.9 0.066
221 Austin Reaves LAL 25 68 36 32 31.8 116.7 3.5 10.6 15.6 0.9 18.2 0.2 5.7 10.8 9.4 10.8 33.8 0.066
222 Davis Bertans CHA 31 30 17 13 13.3 106.8 1.1 8.7 12.3 0.5 24.2 0.2 17.6 4.7 2.8 3.5 12.7 0.065
223 Lauri Markkanen UTA 26 51 22 29 32.9 117.2 6.0 17.8 26.1 0.9 18.9 0.5 13.2 12.5 9.3 11.9 35.6 0.065
224 Josh Okogie PHX 25 54 33 21 17.1 110.9 1.4 8.1 12.4 0.9 29.0 0.4 19.6 7.0 5.3 5.3 18.1 0.065
225 Jamaree Bouyea SAS 24 6 0 6 9.5 100.0 1.3 15.7 25.0 0.0 0.0 0.0 0.0 3.2 2.0 3.3 9.0 0.064
226 Moritz Wagner ORL 26 66 39 27 18.1 111.8 3.0 16.9 25.9 0.5 16.3 0.3 15.4 6.3 4.5 5.7 18.0 0.064
227 Spencer Dinwiddie LAL 30 62 27 35 29.1 116.2 2.4 7.9 11.7 0.7 20.4 0.2 6.0 8.2 8.4 8.9 30.0 0.064
228 Patrick Beverley MIL 35 63 38 25 19.6 112.3 2.4 12.0 18.8 0.6 17.8 0.4 18.4 6.0 5.9 5.4 18.7 0.063
229 Malik Monk SAC 26 65 38 27 26.2 115.7 2.6 10.0 14.6 0.6 17.5 0.6 25.3 9.1 6.4 6.4 26.4 0.063
230 Jerami Grant POR 30 54 17 37 33.9 117.5 2.9 8.7 13.7 0.8 16.4 0.6 19.3 12.4 10.1 11.5 39.5 0.063
231 Luke Kennard MEM 27 36 13 23 25.2 115.3 2.5 10.4 16.4 0.5 12.8 0.0 0.9 9.5 8.3 8.8 27.7 0.063
232 Kevin Huerter SAC 25 63 36 27 24.8 115.1 2.9 12.4 17.4 0.7 17.4 0.4 18.3 7.9 5.8 6.0 27.2 0.063
233 Jevon Carter CHI 28 64 31 33 13.7 108.3 0.7 5.2 7.9 0.5 18.6 0.2 15.4 3.9 4.2 3.5 12.1 0.063
234 Jordan Goodwin MEM 25 48 26 22 16.3 110.5 2.2 12.7 19.5 0.8 27.7 0.4 15.0 6.4 3.9 4.5 16.5 0.063
235 Jaylin Williams OKC 21 55 39 16 12.4 106.4 2.7 21.1 31.6 0.4 17.9 0.4 29.4 3.9 3.3 2.6 11.1 0.062
236 Terance Mann LAC 27 61 39 22 25.4 115.4 2.2 8.6 12.6 0.6 15.5 0.2 9.9 8.8 7.0 7.4 26.2 0.062
237 Keldon Johnson SAS 24 63 15 48 29.6 116.8 4.1 13.6 20.0 0.8 17.8 0.3 8.6 10.7 9.5 8.9 33.6 0.062
238 Myles Turner IND 27 64 36 28 27.4 116.1 5.5 19.6 29.0 0.5 14.1 1.8 50.9 8.7 7.6 7.3 33.7 0.061
239 Aaron Nesmith IND 24 59 33 26 27.2 116.1 2.9 10.6 16.4 1.0 23.2 0.7 20.7 9.0 8.6 6.8 31.6 0.061
240 Kobe Bufkin ATL 20 9 6 3 9.9 102.6 1.3 11.9 19.0 0.3 23.1 0.1 7.1 2.8 2.6 3.1 10.2 0.061
241 Mamadi Diakite NYK 27 3 2 1 5.3 84.8 0.7 11.8 16.7 0.0 0.0 0.3 50.0 0.0 1.7 1.3 4.0 0.061
242 Alex Len SAC 30 32 16 16 8.7 99.8 1.6 18.1 25.1 0.3 24.4 0.6 52.9 2.1 1.7 1.6 7.3 0.061
243 Brandon Miller CHA 21 61 15 46 31.9 117.3 3.3 10.8 16.1 0.9 20.1 0.6 18.0 11.3 9.4 8.9 36.4 0.061
244 Dexter Dennis DAL 25 4 1 3 7.5 100.0 2.0 21.1 32.0 0.0 0.0 0.3 25.0 3.8 3.3 5.8 12.0 0.060
245 Derrick Jones Jr. DAL 27 63 36 27 23.6 115.2 2.3 9.2 14.2 0.7 21.8 0.6 24.8 7.9 7.0 8.1 26.3 0.060
246 Walker Kessler UTA 22 55 26 29 23.4 115.0 4.9 19.6 29.5 0.5 15.3 2.6 73.0 9.9 7.4 9.2 23.7 0.060
247 Patrick Baldwin Jr. WAS 21 25 3 22 9.4 101.9 2.2 20.8 32.1 0.2 12.2 0.2 21.4 3.3 2.6 3.4 9.1 0.060
248 Joe Ingles ORL 36 54 35 19 17.2 111.9 1.8 10.7 16.5 0.6 21.5 0.1 4.0 5.9 4.7 5.1 17.6 0.060
249 Luke Kornet BOS 28 49 38 11 15.2 110.1 2.1 13.2 19.4 0.3 18.7 1.0 52.7 4.5 4.0 4.1 14.2 0.060
250 Matisse Thybulle POR 27 63 18 45 23.4 115.2 1.7 7.4 12.1 1.8 40.1 0.8 32.7 9.3 7.6 8.4 26.7 0.059
251 Jamal Cain MIA 24 17 8 9 13.3 108.8 1.1 8.7 12.8 0.6 30.3 0.2 36.4 5.2 3.2 3.8 14.0 0.059
252 Mark Williams CHA 22 19 7 12 26.8 116.4 5.7 20.9 31.1 0.8 20.8 1.1 42.6 9.4 8.9 8.9 30.6 0.059
253 Cade Cunningham DET 22 57 8 49 33.6 117.8 3.7 11.3 16.1 0.8 19.0 0.4 10.7 14.0 9.2 9.6 36.8 0.059
254 Harrison Barnes SAC 31 66 38 28 29.4 117.0 2.1 7.4 10.4 0.7 14.4 0.2 7.8 10.1 6.4 7.5 31.8 0.059
255 David Roddy PHX 22 59 20 39 19.6 113.6 2.6 13.4 20.2 0.4 15.1 0.2 8.0 7.4 6.1 5.5 20.5 0.059
256 Aaron Wiggins OKC 25 64 46 18 14.4 109.8 1.5 9.8 15.7 0.5 21.6 0.2 11.1 4.1 5.2 3.3 14.3 0.059
257 Lonnie Walker IV BKN 25 47 20 27 17.7 112.7 1.9 10.7 15.8 0.6 20.1 0.3 18.2 6.7 5.0 5.4 17.6 0.058
258 Tim Hardaway Jr. DAL 32 65 38 27 27.9 116.8 3.1 10.7 16.8 0.5 13.2 0.1 3.2 8.6 9.2 8.7 30.6 0.058
259 Dante Exum DAL 28 42 25 17 19.2 113.6 2.2 10.6 16.5 0.5 18.9 0.1 6.6 5.0 5.8 5.4 19.5 0.057
260 Trevelin Queen ORL 27 13 5 8 12.5 108.3 1.2 9.6 15.2 0.5 23.3 0.4 29.4 5.2 3.9 3.0 14.8 0.057
261 Oshae Brissett BOS 25 44 37 7 11.2 106.8 1.8 15.1 22.0 0.4 22.5 0.1 7.5 3.3 2.9 3.3 12.1 0.057
262 Saben Lee PHX 24 21 12 9 8.5 101.1 1.0 11.0 17.1 0.3 30.4 0.1 9.4 3.7 2.0 2.6 7.7 0.057
263 Maxi Kleber DAL 32 31 17 14 21.0 114.6 2.9 13.4 19.8 0.3 12.3 0.6 35.1 7.3 5.7 6.4 21.9 0.056
264 Miles Bridges CHA 25 57 14 43 37.6 118.7 6.6 18.1 26.9 1.0 19.4 0.5 14.7 12.7 10.8 11.3 41.6 0.056
265 Jeff Green HOU 37 63 30 33 16.3 112.1 1.5 9.0 13.7 0.2 7.3 0.4 22.6 5.1 4.4 3.9 16.9 0.056
266 Bismack Biyombo OKC 31 35 17 18 21.4 114.6 3.9 17.8 25.8 0.3 10.8 1.0 36.5 8.2 5.9 6.2 20.6 0.056
267 Jae Crowder MIL 33 37 21 16 24.0 115.9 2.9 12.0 17.3 0.9 23.1 0.2 8.9 6.9 5.7 7.7 25.9 0.056
268 Otto Porter Jr. TOR 30 15 6 9 11.6 107.5 1.5 13.0 18.4 0.3 14.3 0.3 25.0 3.9 3.2 3.3 10.9 0.056
269 Max Christie LAL 21 54 28 26 15.6 111.8 2.1 12.2 17.6 0.3 14.7 0.3 16.2 6.0 4.9 5.6 16.1 0.055
270 Deni Avdija WAS 23 63 11 52 29.1 117.4 5.7 18.9 29.3 0.8 17.5 0.4 14.5 10.8 10.0 9.2 36.6 0.055
271 Trae Young ATL 25 51 22 29 36.5 118.9 2.3 6.3 9.6 1.4 23.3 0.2 5.9 12.3 11.8 13.7 43.6 0.055
272 Klay Thompson GSW 34 63 32 31 29.6 117.5 2.9 9.7 14.4 0.6 15.3 0.5 18.6 10.6 8.1 9.2 32.5 0.055
273 Onuralp Bitim CHI 24 12 6 6 14.6 111.0 1.6 10.4 15.7 0.3 12.5 0.2 15.4 5.5 5.3 2.1 13.7 0.055
274 Shake Milton NYK 27 44 29 15 12.7 109.9 1.3 9.5 13.7 0.4 20.5 0.1 8.6 4.5 3.9 4.2 13.0 0.054
275 Clint Capela ATL 29 59 27 32 25.4 116.6 5.8 22.6 33.2 0.5 14.3 1.5 56.1 8.7 7.6 9.6 28.8 0.054
276 Paul Reed PHI 24 67 37 30 19.0 113.9 3.5 19.5 29.4 0.7 20.0 1.0 43.2 5.3 5.6 6.0 20.6 0.054
277 Dereck Lively II DAL 20 49 29 20 24.2 116.1 4.4 17.3 25.8 0.7 20.0 1.4 50.7 7.3 6.8 8.6 25.5 0.054
278 Cody Martin CHA 28 28 7 21 26.9 116.9 3.2 12.4 17.9 1.1 29.9 0.6 25.4 8.6 7.3 7.2 28.6 0.054
279 Jalen Duren DET 20 52 12 40 29.9 117.7 8.6 28.2 39.8 0.5 13.7 0.8 25.1 12.7 8.2 8.7 33.4 0.054
280 Gary Trent Jr. TOR 25 61 22 39 27.5 117.2 2.2 7.9 12.1 1.0 23.8 0.2 6.0 9.0 8.6 7.9 32.0 0.053
281 Buddy Hield PHI 31 69 36 33 26.8 117.2 2.6 10.1 15.5 0.9 21.2 0.5 16.7 9.1 8.1 8.2 31.9 0.053
282 Robert Williams III POR 26 6 2 4 19.8 114.9 4.5 22.7 34.6 1.2 31.8 1.2 46.7 7.5 4.3 8.2 20.7 0.053
283 Devonte' Graham SAS 29 14 4 10 8.2 102.0 1.1 14.2 21.1 0.3 21.1 0.1 5.9 1.2 2.4 2.6 8.4 0.052
284 Drew Eubanks PHX 27 62 33 29 15.6 112.4 2.9 17.3 27.6 0.4 16.4 0.8 37.3 5.8 5.2 5.3 14.9 0.052
285 Bol Bol PHX 24 30 19 11 11.0 107.8 2.5 19.2 29.0 0.2 15.8 0.6 36.0 4.4 3.3 4.1 9.9 0.051
286 Justin Holiday DEN 34 44 28 16 14.5 111.8 1.1 7.4 11.3 0.6 23.6 0.1 7.7 4.6 3.8 4.8 15.6 0.051
287 Taurean Prince LAL 29 65 34 31 28.3 117.7 2.7 9.1 13.7 0.8 18.9 0.5 14.7 9.7 9.1 10.1 30.7 0.051
288 Jordan Hawkins NOP 21 57 34 23 19.0 114.6 2.0 10.1 15.6 0.3 10.1 0.1 6.5 6.5 5.8 5.9 19.1 0.051
289 Kira Lewis Jr. UTA 22 19 10 9 8.0 102.4 0.5 5.4 8.8 0.3 27.3 0.1 10.0 3.0 2.4 1.5 8.2 0.051
290 Delon Wright MIA 31 37 9 28 14.4 112.3 1.4 9.3 14.0 1.1 44.4 0.2 18.4 5.2 4.5 4.1 16.1 0.050
291 Svi Mykhailiuk BOS 26 28 22 6 8.2 102.9 0.8 8.9 13.1 0.3 21.1 0.0 0.0 3.1 1.9 2.7 8.2 0.050
292 P.J. Washington DAL 25 60 19 41 29.9 118.1 4.2 14.3 21.3 0.9 20.5 0.8 22.8 10.4 8.6 8.5 32.0 0.050
293 Andre Drummond CHI 30 68 33 35 17.0 113.8 5.4 32.3 48.4 0.9 32.6 0.6 32.3 5.7 5.0 4.6 15.3 0.050
294 Neemias Queta BOS 24 25 21 4 11.7 109.2 2.4 19.3 28.6 0.4 23.8 0.6 48.4 2.6 3.0 3.2 9.7 0.049
295 Nick Richards CHA 26 58 12 46 26.6 117.5 5.6 21.8 32.6 0.4 10.1 1.2 46.4 9.6 7.0 8.3 30.1 0.049
296 Lester Quinones GSW 23 30 17 13 11.9 109.6 1.6 12.9 17.5 0.2 14.3 0.1 4.4 4.3 2.6 3.9 13.1 0.049
297 Dru Smith MIA 26 9 7 2 14.5 112.5 0.9 5.8 9.9 1.0 34.6 0.3 23.1 4.9 5.4 4.0 13.3 0.049
298 Hamidou Diallo WAS 25 2 1 1 2.4 50.0 0.0 0.0 0.0 1.0 100 0.0 0.0 0.0 0.0 0.0 1.0 0.049
299 TyTy Washington Jr. MIL 22 5 3 2 4.1 84.8 0.2 5.6 6.3 0.4 40.0 0.0 0.0 2.6 0.4 1.4 1.6 0.048
300 Marcus Morris Sr. PHI 34 37 22 15 17.2 114.1 2.5 14.5 22.1 0.4 12.6 0.3 17.2 5.1 5.1 5.9 17.5 0.048
301 Chuma Okeke ORL 25 40 19 21 10.0 107.0 1.4 14.1 20.5 0.2 14.5 0.2 17.5 3.9 2.1 2.6 10.2 0.048
302 Terry Rozier MIA 30 50 16 34 34.1 119.1 3.5 11.0 16.2 1.0 20.9 0.3 11.0 11.2 10.2 10.5 35.8 0.048
303 T.J. McConnell IND 31 57 31 26 17.8 114.6 2.2 12.8 19.7 1.1 35.8 0.1 5.3 6.3 5.4 5.1 21.6 0.048
304 Ousmane Dieng OKC 20 30 18 12 11.3 108.9 1.3 11.0 16.8 0.2 10.2 0.1 7.9 4.1 2.9 2.9 11.1 0.048
305 Caleb Houstan ORL 21 51 27 24 14.0 111.9 1.0 7.1 10.7 0.2 13.6 0.1 4.2 4.9 4.0 4.0 13.9 0.047
306 Jericho Sims NYK 25 38 24 14 13.6 111.3 2.1 15.3 23.7 0.2 10.6 0.4 41.5 4.4 3.9 3.0 13.2 0.047
307 Bruno Fernando ATL 25 30 14 16 13.2 111.2 2.9 21.5 34.4 0.6 29.2 0.7 55.6 4.6 4.0 3.9 12.8 0.047
308 Dejounte Murray ATL 27 64 28 36 35.4 119.3 4.5 12.7 18.9 1.3 24.6 0.3 9.3 12.4 10.8 12.4 40.5 0.047
309 Jeremiah Robinson-Earl NOP 23 29 16 13 9.9 107.9 1.5 14.4 21.5 0.3 26.3 0.1 18.2 4.6 3.0 2.9 11.0 0.047
310 Bones Hyland LAC 23 29 16 13 14.5 112.8 1.0 6.8 10.7 0.7 29.4 0.1 6.7 6.0 4.6 5.1 15.7 0.046
311 Cameron Payne PHI 29 63 36 27 16.3 114.2 1.1 7.0 10.6 0.5 19.2 0.1 6.7 4.3 5.0 4.1 16.9 0.046
312 Andrew Wiggins GSW 29 57 28 29 26.9 118.0 2.7 9.7 14.8 0.6 17.5 0.5 21.9 10.5 8.6 8.3 28.2 0.046
313 Keon Ellis SAC 24 41 25 16 13.1 111.8 1.1 8.7 12.4 0.7 31.9 0.4 30.8 4.5 3.1 2.8 13.7 0.046
314 Saddiq Bey ATL 24 63 28 35 32.7 119.1 3.9 11.9 17.9 0.8 17.3 0.2 5.7 11.1 9.7 10.9 38.1 0.046
315 Bennedict Mathurin IND 21 59 33 26 26.1 117.9 2.9 11.3 17.8 0.6 13.9 0.2 8.4 9.9 9.0 7.7 33.4 0.045
316 Stanley Umude DET 24 22 4 18 11.4 110.5 1.7 13.6 19.9 0.4 25.8 0.3 26.9 5.3 2.4 3.4 11.7 0.045
317 De'Andre Hunter ATL 26 43 20 23 28.4 118.4 3.1 11.2 17.3 0.7 16.2 0.3 11.7 10.0 9.1 9.1 31.8 0.045
318 Taylor Hendricks UTA 20 25 11 14 18.1 115.5 3.2 16.7 24.0 0.6 22.7 0.7 32.7 7.0 5.0 6.8 18.4 0.045
319 JT Thor CHA 21 51 12 39 12.4 111.5 1.5 12.5 18.2 0.2 10.7 0.4 36.2 4.5 3.4 3.5 13.0 0.045
320 Mo Bamba PHI 25 45 23 22 12.1 110.9 2.5 20.8 32.1 0.3 16.0 0.9 60.9 3.7 3.2 4.3 11.4 0.045
321 Bobby Portis MIL 29 68 44 24 24.0 117.5 5.5 22.7 33.5 0.8 21.2 0.4 15.8 6.8 6.7 6.8 26.4 0.044
322 Jaden Ivey DET 22 63 12 51 28.6 118.6 2.2 7.9 11.2 0.7 22.1 0.6 20.1 11.9 8.1 8.2 32.8 0.044
323 Killian Hayes DET 22 42 7 35 24.0 117.6 2.6 10.7 15.8 0.9 28.8 0.5 18.9 9.8 7.2 6.8 28.3 0.044
324 Trayce Jackson-Davis GSW 24 53 29 24 14.1 113.0 2.5 16.8 25.4 0.3 15.5 0.9 53.3 5.0 4.4 3.9 14.8 0.044
325 Daniel Theis LAC 31 52 35 17 16.7 114.8 2.4 14.2 22.5 0.4 13.7 0.8 40.6 5.2 5.4 5.4 18.1 0.044
326 Dario Saric GSW 29 61 32 29 17.6 115.1 3.4 19.1 27.9 0.5 19.2 0.1 11.8 6.6 4.4 5.1 18.7 0.044
327 Taj Gibson DET 38 16 7 9 10.3 109.1 1.1 10.9 14.5 0.1 9.1 0.4 54.5 2.7 1.9 3.1 9.0 0.044
328 Onyeka Okongwu ATL 23 53 23 30 25.8 118.1 4.3 16.8 25.2 0.4 10.5 1.1 50.4 8.8 7.7 8.3 29.2 0.044
329 Jabari Walker POR 21 58 16 42 22.0 117.0 4.4 21.4 34.7 0.6 17.6 0.4 16.9 9.1 6.8 8.5 25.2 0.044
330 Sasha Vezenkov SAC 28 35 18 17 12.6 112.1 1.6 12.7 19.4 0.5 31.4 0.2 15.2 4.9 3.1 3.4 13.0 0.044
331 R.J. Hampton MIA 23 8 3 5 9.5 107.8 0.5 4.5 6.5 0.0 0.0 0.0 0.0 4.3 2.5 3.6 9.8 0.044
332 Andrew Funk CHI 24 2 1 1 1.3 0.0 0.0 0.0 0.0 0.0 0.0 0.0 0.0 0.0 0.0 0.0 0.0 0.043
333 Julian Champagnie SAS 22 60 12 48 17.6 115.4 2.0 11.5 16.6 0.6 20.0 0.5 17.8 6.9 4.9 5.4 20.6 0.043
334 Bilal Coulibaly WAS 19 63 11 52 27.2 118.4 3.2 11.6 18.8 0.9 19.1 0.8 25.7 9.9 10.0 8.8 34.6 0.043
335 Isaiah Jackson IND 22 50 30 20 13.0 112.6 2.5 19.1 30.8 0.6 25.0 1.0 56.0 5.0 4.6 3.7 15.2 0.043
336 Gui Santos GSW 21 17 11 6 8.7 106.7 1.7 17.9 23.4 0.2 16.7 0.1 10.0 3.2 2.2 3.1 9.2 0.043
337 Johnny Juzang UTA 23 8 3 5 12.8 111.7 1.5 11.1 16.4 0.0 0.0 0.0 0.0 3.5 2.6 3.0 12.0 0.043
338 Craig Porter Jr. CLE 24 43 27 16 13.4 112.7 1.8 14.1 19.3 0.4 27.5 0.3 23.1 5.6 3.0 3.8 12.6 0.043
339 Alondes Williams MIA 24 2 2 0 4.7 95.2 0.5 11.1 12.5 0.0 0.0 0.0 0.0 4.5 0.5 4.0 6.0 0.042
340 Pete Nance CLE 24 3 1 2 2.5 53.8 0.3 20.0 20.0 0.0 0.0 0.0 0.0 0.0 0.0 0.0 0.7 0.042
341 Adam Flagler OKC 24 1 1 0 5.5 100.0 0.0 0.0 0.0 0.0 0.0 0.0 0.0 2.0 0.0 4.0 10.0 0.042
342 Orlando Robinson MIA 23 28 15 13 9.8 109.3 2.0 20.4 28.9 0.3 18.4 0.3 43.8 3.9 2.9 2.5 9.2 0.042
343 Patty Mills MIA 35 24 11 13 11.3 111.5 1.0 8.8 12.3 0.5 31.0 0.0 5.0 3.8 3.0 2.8 11.8 0.042
344 Obi Toppin IND 26 68 38 30 21.8 117.4 2.8 13.1 20.0 0.5 14.9 0.5 18.3 7.6 6.2 7.1 28.2 0.042
345 Chris Boucher TOR 31 50 16 34 14.1 113.6 2.9 20.2 30.9 0.3 12.5 0.5 34.3 4.3 4.8 4.1 14.1 0.041
346 Daniel Gafford DAL 25 61 19 42 24.7 118.3 5.0 18.8 29.9 0.9 23.6 2.1 58.0 8.3 8.9 8.0 28.7 0.041
347 Mouhamadou Gueye TOR 25 2 0 2 4.8 95.2 1.0 11.8 20.0 0.0 0.0 1.5 100 1.0 2.5 1.0 6.0 0.041
348 Keyonte George UTA 20 60 25 35 26.0 118.5 2.6 9.6 14.1 0.5 15.3 0.1 3.4 10.4 7.4 10.7 28.9 0.041
349 Tristan Thompson CLE 33 37 24 13 12.5 112.6 2.2 17.2 24.8 0.2 15.0 0.3 33.3 4.5 3.1 3.7 11.7 0.041
350 Cody Zeller NOP 31 39 23 16 7.7 106.4 1.6 18.5 29.3 0.2 13.1 0.1 31.3 2.5 2.3 2.1 7.6 0.041
351 Pat Connaughton MIL 31 62 40 22 21.8 117.5 2.6 11.8 17.2 0.5 16.3 0.3 13.4 6.5 5.9 6.5 23.4 0.040
352 Nassir Little PHX 24 37 22 15 11.6 112.1 1.6 12.3 19.1 0.3 14.3 0.3 14.9 4.2 3.7 3.3 12.4 0.040
353 Dalano Banton POR 24 40 22 18 14.4 114.2 1.8 12.3 18.5 0.4 17.9 0.3 18.0 5.9 4.1 5.5 15.1 0.040
354 Filip Petrusev SAC 23 3 2 1 3.1 80.0 0.3 8.3 11.1 0.0 0.0 0.0 0.0 0.7 0.7 0.0 2.7 0.040
355 Oscar Tshiebwe IND 24 8 2 6 5.2 98.9 1.0 22.9 32.0 0.3 16.7 0.1 14.3 1.5 0.9 2.9 4.8 0.039
356 Dwight Powell DAL 32 54 32 22 14.0 114.3 1.9 13.4 20.9 0.4 20.0 0.4 42.2 4.3 4.5 4.5 14.6 0.039
357 Reggie Bullock Jr. HOU 33 29 15 14 9.3 109.5 1.4 14.4 20.9 0.2 15.6 0.1 7.4 3.0 2.7 3.1 9.4 0.039
358 Justin Minaya POR 24 24 2 22 8.0 106.9 0.6 8.1 12.5 0.3 19.4 0.2 38.5 3.5 2.4 2.2 7.1 0.039
359 Torrey Craig CHI 33 39 16 23 20.6 117.5 2.9 14.8 21.6 0.5 15.8 0.4 23.2 5.8 5.5 5.3 19.9 0.039
360 Ochai Agbaji TOR 23 67 29 38 19.8 117.2 1.7 8.3 12.6 0.5 20.4 0.5 20.5 7.7 6.6 6.3 21.9 0.039
361 Josh Green DAL 23 54 31 23 26.6 118.9 2.5 9.4 14.2 0.8 21.7 0.2 7.0 9.2 8.3 8.9 29.0 0.039
362 Keita Bates-Diop BKN 28 51 29 22 12.9 113.6 1.5 11.7 18.1 0.5 26.7 0.4 22.4 4.8 3.2 4.1 13.0 0.039
363 Kelly Olynyk TOR 32 66 29 37 21.3 117.8 3.7 16.6 25.7 0.9 28.2 0.3 14.7 9.4 7.0 7.3 23.3 0.039
364 Jaden Hardy DAL 21 60 34 26 14.0 114.5 1.5 10.5 16.5 0.3 14.9 0.1 5.4 5.1 4.4 4.7 15.2 0.038
365 Olivier Sarr OKC 25 14 7 7 6.8 104.0 1.8 23.6 33.3 0.0 0.0 0.5 53.8 3.6 1.8 2.2 4.9 0.038
366 Nate Hinton HOU 24 11 6 5 5.2 100.8 0.8 13.2 17.0 0.2 28.6 0.2 25.0 1.3 0.9 1.5 5.1 0.038
367 Dalen Terry CHI 21 45 21 24 10.0 110.9 1.3 13.3 19.2 0.4 21.7 0.2 16.7 3.6 2.4 2.7 8.8 0.038
368 KJ Martin PHI 23 50 26 24 11.6 112.9 1.3 11.6 18.9 0.4 18.0 0.1 11.1 4.0 4.0 3.3 13.0 0.038
369 Tosan Evbuomwan DET 23 7 0 7 13.0 113.7 1.1 9.3 15.1 0.1 10.0 0.1 12.5 5.7 3.7 4.0 13.4 0.038
370 Jalen McDaniels TOR 26 39 10 29 9.4 110.1 1.2 11.8 18.3 0.4 26.2 0.1 9.3 3.8 3.4 2.5 10.4 0.038
371 Keyontae Johnson OKC 23 9 7 2 7.4 105.8 0.7 9.5 11.8 0.1 10.0 0.0 0.0 3.7 0.8 3.2 6.9 0.038
372 Cole Swider MIA 24 11 4 7 5.0 98.3 0.3 5.7 7.1 0.1 12.5 0.1 50.0 2.1 1.1 0.8 4.9 0.038
373 Ibou Badji POR 21 19 5 14 10.8 112.2 1.5 14.5 22.5 0.1 9.1 1.1 62.5 4.5 3.7 3.6 10.2 0.038
374 Chris Duarte SAC 26 46 27 19 12.8 113.7 1.5 11.9 17.4 0.5 27.3 0.1 11.1 4.9 2.9 2.9 13.0 0.037
375 Garrison Mathews ATL 27 51 23 28 13.4 114.3 1.1 8.1 12.4 0.3 14.3 0.1 11.8 5.0 3.8 4.5 13.8 0.037
376 Davion Mitchell SAC 25 56 33 23 13.7 114.5 0.9 7.0 9.9 0.2 10.6 0.1 5.5 5.0 3.4 3.0 14.4 0.037
377 Marvin Bagley III WAS 25 44 4 40 21.2 117.8 3.5 16.9 24.7 0.4 13.1 0.6 34.6 8.2 6.1 6.6 25.6 0.037
378 Anfernee Simons POR 24 43 11 32 34.7 120.2 3.2 9.8 14.9 0.5 9.6 0.1 3.5 14.1 10.0 12.0 39.3 0.037
379 Blake Wesley SAS 21 47 12 35 13.3 114.4 1.0 7.5 11.2 0.5 23.2 0.1 10.0 4.4 4.2 3.9 15.1 0.037
380 Jordan Clarkson UTA 31 54 22 32 30.5 119.8 2.5 8.2 12.2 0.6 16.4 0.1 3.1 12.2 9.1 11.5 33.0 0.037
381 Collin Sexton UTA 25 67 29 38 25.7 119.1 1.7 6.5 9.7 0.8 20.9 0.2 7.1 10.0 7.0 9.4 27.1 0.037
382 Juan Toscano-Anderson SAC 30 11 7 4 4.8 99.2 0.9 16.7 22.7 0.1 16.7 0.1 10.0 1.8 1.5 0.8 3.6 0.036
383 Sandro Mamukelashvili SAS 24 37 8 29 6.4 104.4 1.1 17.2 24.8 0.2 15.8 0.2 36.4 2.2 1.9 1.3 5.7 0.036
384 Yuta Watanabe MEM 29 34 18 16 13.7 114.7 1.3 8.8 14.1 0.4 16.7 0.2 11.3 5.1 4.6 3.5 13.9 0.036
385 Nick Smith Jr. CHA 19 42 8 34 15.0 115.4 1.0 7.3 11.0 0.2 9.2 0.2 12.5 5.2 4.2 4.1 15.0 0.036
386 Bruce Brown TOR 27 56 25 31 28.3 119.6 3.7 13.0 19.6 0.9 20.3 0.3 9.2 10.5 9.3 8.1 35.5 0.036
387 LaMelo Ball CHA 22 22 7 15 32.3 120.2 3.8 12.2 17.9 1.8 33.3 0.2 6.8 10.5 8.6 10.8 36.0 0.036
388 Rayan Rupert POR 19 24 5 19 9.3 110.8 1.0 12.1 18.9 0.2 13.5 0.0 0.0 4.3 2.5 3.8 9.3 0.036
389 Marcus Sasser DET 23 58 10 48 16.5 116.4 1.6 9.4 14.4 0.6 26.4 0.1 8.5 6.9 5.0 4.8 18.4 0.036
390 A.J. Lawson DAL 23 32 19 13 7.6 108.3 0.7 8.3 13.0 0.3 25.0 0.1 10.7 2.6 2.4 3.1 8.6 0.036
391 Anthony Gill WAS 31 38 6 32 5.6 102.3 0.7 12.1 19.7 0.2 17.9 0.2 24.1 1.8 1.7 1.3 5.4 0.036
392 Kevin Knox II DET 24 31 4 27 18.1 117.2 1.8 10.8 15.2 0.4 17.1 0.2 17.1 7.0 4.2 5.6 21.0 0.036
393 Mason Plumlee LAC 34 33 20 13 15.3 115.9 4.0 25.0 39.0 0.3 12.3 0.4 24.0 5.1 4.7 5.7 17.2 0.036
394 Furkan Korkmaz PHI 26 35 22 13 8.6 110.2 0.7 8.7 14.2 0.4 21.2 0.1 10.7 2.7 2.7 2.6 9.5 0.036
395 Johnny Davis WAS 22 37 4 33 10.1 112.1 0.9 9.5 14.5 0.3 16.9 0.2 15.4 2.8 3.2 2.8 11.3 0.035
396 Terry Taylor CHI 24 27 11 16 6.4 105.2 0.7 10.6 16.5 0.1 13.8 0.1 11.8 1.9 2.2 1.6 5.6 0.035
397 Kris Dunn UTA 30 58 25 33 18.6 117.5 2.1 10.8 15.9 1.1 35.8 0.4 21.6 6.9 5.0 7.5 19.6 0.035
398 Admiral Schofield ORL 26 18 11 7 3.4 90.1 0.5 13.0 22.5 0.0 0.0 0.0 0.0 1.6 1.1 0.7 3.6 0.034
399 Talen Horton-Tucker UTA 23 43 12 31 19.6 117.8 2.0 9.7 15.2 0.9 31.0 0.4 14.0 8.0 6.0 5.8 19.6 0.034
400 Malachi Flynn DET 25 55 26 29 11.1 113.1 1.2 10.8 17.0 0.4 22.0 0.1 9.2 4.5 3.6 3.3 12.4 0.034
401 Kevon Looney GSW 28 62 33 29 16.9 116.9 3.8 22.3 32.2 0.4 18.5 0.4 27.5 6.5 4.2 5.9 17.4 0.034
402 MarJon Beauchamp MIL 23 45 29 16 13.1 115.0 1.6 12.0 18.4 0.3 12.9 0.1 10.5 4.6 4.5 3.7 14.0 0.034
403 Jules Bernard WAS 24 11 1 10 6.0 104.2 0.5 7.0 11.9 0.1 10.0 0.1 8.3 3.0 2.5 2.5 6.4 0.034
404 Zach Collins SAS 26 56 12 44 22.7 118.8 3.6 15.6 22.9 0.5 18.2 0.7 33.1 9.4 6.9 7.0 25.9 0.034
405 Chimezie Metu PHX 26 37 22 15 12.1 114.2 2.3 18.8 28.6 0.5 26.4 0.2 18.8 4.8 3.4 3.3 11.5 0.034
406 Nathan Mensah CHA 25 25 3 22 12.3 114.5 1.4 12.7 19.4 0.2 14.3 0.6 50.0 4.3 3.6 4.2 11.8 0.034
407 Kenneth Lofton Jr. UTA 21 17 5 12 6.3 106.3 0.9 15.5 23.9 0.2 18.8 0.2 16.7 2.0 2.1 1.7 6.2 0.034
408 Bryce McGowens CHA 21 50 9 41 15.8 116.6 1.5 9.8 15.2 0.4 19.4 0.1 9.5 5.4 4.7 3.9 16.7 0.034
409 Jaxson Hayes LAL 23 57 31 26 11.7 114.1 1.8 14.1 21.8 0.5 27.1 0.4 38.6 4.3 4.1 4.0 12.7 0.034
410 Jerome Robinson GSW 27 17 12 5 3.8 94.3 0.2 5.7 7.5 0.0 0.0 0.2 21.4 0.9 0.4 1.6 3.3 0.033
411 Jontay Porter TOR 24 24 6 18 14.0 116.0 2.3 15.9 24.0 0.8 32.7 0.8 52.8 4.9 3.2 3.8 16.9 0.033
412 Trendon Watford BKN 23 49 19 30 11.5 114.0 1.8 15.3 22.8 0.3 20.7 0.3 29.8 4.4 3.4 3.7 10.7 0.033
413 Duop Reath POR 27 53 15 38 17.7 117.5 2.2 13.2 20.9 0.5 16.8 0.5 37.7 6.5 5.7 6.5 20.5 0.033
414 Wesley Matthews ATL 37 27 7 20 11.1 114.0 1.2 10.3 16.5 0.4 22.4 0.3 22.9 2.8 4.3 4.0 11.7 0.032
415 Skylar Mays LAL 26 33 11 22 12.8 115.0 1.0 8.5 13.7 0.5 27.3 0.1 9.3 4.7 3.4 5.4 14.8 0.032
416 Troy Brown Jr. DET 24 44 28 16 11.2 114.0 1.6 13.7 20.0 0.2 14.1 0.0 3.6 4.5 3.1 3.5 12.9 0.032
417 Ben Sheppard IND 22 43 23 20 12.6 115.4 1.3 10.4 15.7 0.5 22.4 0.0 3.1 4.0 3.9 4.0 15.3 0.032
418 Leaky Black CHA 24 22 1 21 9.9 113.1 1.4 13.8 20.3 0.2 20.8 0.3 23.1 3.5 2.5 3.3 10.9 0.031
419 Mike Muscala OKC 32 42 11 31 12.6 115.5 1.8 14.1 21.2 0.2 11.4 0.3 27.3 4.7 3.7 3.9 15.1 0.031
420 Collin Gillespie DEN 24 19 12 7 8.5 111.6 0.6 6.9 9.9 0.5 34.5 0.0 0.0 2.6 2.1 1.8 9.1 0.031
421 Colby Jones SAC 21 19 9 10 6.7 107.4 0.8 12.8 18.6 0.2 25.0 0.1 7.1 2.7 1.9 1.5 5.9 0.031
422 JD Davison BOS 21 5 5 0 1.7 71.4 0.4 14.3 22.2 0.0 0.0 0.0 0.0 0.0 0.6 0.4 2.0 0.030
423 Gordon Hayward OKC 33 38 17 21 26.8 120.0 3.1 11.8 17.6 0.9 21.7 0.3 10.0 9.9 8.7 8.2 29.7 0.030
424 Alec Burks NYK 32 58 14 44 19.3 118.7 1.9 9.9 15.7 0.4 17.6 0.2 10.1 7.9 5.7 5.6 21.7 0.030
425 Gradey Dick TOR 20 47 16 31 18.4 118.4 1.5 8.3 12.9 0.5 17.5 0.0 1.5 7.4 5.9 6.0 21.7 0.030
426 Jarace Walker IND 20 26 12 14 10.3 114.0 1.5 15.6 23.1 0.5 22.0 0.4 30.3 3.7 2.8 3.8 11.8 0.030
427 Joshua Primo LAC 21 2 2 0 5.1 104.5 0.0 0.0 0.0 0.0 0.0 0.5 50.0 4.0 3.5 1.0 9.0 0.030
428 Armoni Brooks BKN 25 10 3 7 10.4 114.0 1.1 9.8 15.3 0.1 7.7 0.1 14.3 2.3 3.9 2.1 9.0 0.030
429 Izaiah Brockington NOP 24 1 1 0 3.4 100.0 1.0 16.7 33.3 0.0 0.0 0.0 0.0 0.0 3.0 2.0 8.0 0.030
430 Ricky Council IV PHI 22 22 8 14 9.2 113.2 1.2 13.4 20.1 0.1 6.5 0.0 3.8 2.8 2.8 3.0 10.5 0.030
431 Kendall Brown IND 20 9 5 4 3.5 94.0 0.0 0.0 0.0 0.0 0.0 0.0 0.0 1.4 0.4 1.6 2.9 0.030
432 Ryan Arcidiacono NYK 29 20 15 5 2.3 80.0 0.4 13.8 21.6 0.1 20.0 0.0 0.0 0.8 0.7 0.2 2.2 0.029
433 Vit Krejci ATL 23 7 3 4 19.3 118.2 0.7 4.2 6.3 0.7 25.0 0.4 18.8 7.3 6.1 7.0 21.4 0.029
434 Jett Howard ORL 20 14 7 7 3.7 98.3 0.3 7.0 10.0 0.0 0.0 0.1 25.0 1.7 1.0 1.1 4.0 0.029
435 Scoot Henderson POR 20 48 16 32 26.8 120.2 2.2 8.5 14.0 0.6 13.9 0.2 9.5 11.0 8.4 10.1 30.8 0.029
436 Jordan Nwora TOR 25 39 13 26 11.8 115.6 1.9 15.8 24.4 0.5 21.2 0.2 13.5 3.9 3.5 4.1 13.8 0.029
437 Julian Phillips CHI 20 40 20 20 8.1 111.7 0.6 7.7 11.3 0.2 12.3 0.2 16.7 2.1 2.3 2.4 8.2 0.029
438 Luka Samanic UTA 24 33 13 20 7.2 110.3 1.6 18.9 26.3 0.1 6.5 0.2 16.7 3.0 1.8 2.6 7.2 0.029
439 JaVale McGee SAC 36 40 24 16 7.9 111.5 1.9 22.5 33.9 0.3 24.4 0.5 46.3 3.7 2.2 2.4 8.0 0.029
440 Thomas Bryant MIA 26 30 17 13 10.5 114.6 2.2 21.2 30.8 0.2 15.0 0.3 34.6 3.7 2.8 3.3 11.9 0.029
441 Trent Forrest ATL 25 29 14 15 10.5 114.2 1.0 10.3 16.4 0.2 15.6 0.1 6.7 3.9 3.1 3.8 12.1 0.029
442 Kessler Edwards SAC 23 42 26 16 4.6 103.3 0.6 13.0 18.7 0.1 17.2 0.1 20.0 1.6 1.0 0.9 4.6 0.029
443 Jordan Poole WAS 24 66 11 55 29.1 120.6 2.1 7.1 11.3 1.1 24.5 0.4 11.2 9.7 10.5 9.4 36.5 0.028
444 Amir Coffey LAC 26 55 37 18 19.1 118.9 1.6 8.2 12.9 0.5 19.4 0.1 7.0 7.1 5.2 7.2 21.7 0.028
445 Lindy Waters III OKC 26 28 19 9 6.6 108.6 0.9 12.8 19.1 0.1 7.7 0.1 22.2 1.9 1.8 2.3 5.6 0.028
446 Greg Brown III DAL 22 6 3 3 6.6 110.6 1.0 12.2 17.1 0.0 0.0 0.7 57.1 3.5 2.3 5.8 12.3 0.028
447 Jalen Smith IND 24 48 28 20 17.8 118.5 3.9 22.1 34.5 0.2 7.6 0.6 34.1 6.4 6.1 5.7 21.8 0.028
448 Jaden Springer BOS 21 41 26 15 10.1 114.6 0.9 8.8 13.6 0.7 31.4 0.3 25.0 2.7 2.7 3.1 11.1 0.028
449 Jacob Gilyard BKN 25 37 10 27 17.7 118.4 0.9 5.7 9.3 0.7 27.0 0.1 7.5 6.2 5.5 4.7 18.5 0.028
450 Malaki Branham SAS 20 63 13 50 20.5 119.3 1.6 7.8 11.7 0.4 13.1 0.1 4.4 8.2 6.5 6.3 23.9 0.028
451 Jared Butler WAS 23 26 2 24 9.5 113.7 0.7 7.6 12.2 0.4 28.2 0.1 10.0 3.7 2.5 2.5 9.3 0.028
452 James Wiseman DET 22 48 7 41 14.9 117.7 3.1 20.8 32.1 0.2 8.9 0.6 39.0 6.0 4.9 4.7 16.7 0.028
453 Nate Williams HOU 25 14 6 8 5.8 108.0 0.3 4.3 6.3 0.1 14.3 0.0 0.0 1.1 1.9 1.3 6.0 0.027
454 Damian Jones CLE 28 31 21 10 7.4 110.7 1.3 17.9 25.0 0.2 28.0 0.4 63.2 3.2 1.8 2.5 6.0 0.027
455 Jared Rhoden DET 24 6 1 5 7.1 110.9 0.7 10.0 14.8 0.0 0.0 0.3 33.3 4.3 3.0 1.7 6.7 0.027
456 Richaun Holmes WAS 30 35 10 25 12.2 116.1 2.2 18.2 27.6 0.3 15.0 0.4 40.0 4.1 3.4 4.0 13.8 0.027
457 Corey Kispert WAS 25 66 11 55 23.4 120.0 2.2 9.2 14.6 0.5 13.3 0.2 9.9 8.8 8.2 7.3 28.7 0.027
458 Eugene Omoruyi WAS 27 36 4 32 7.9 112.7 1.2 15.2 26.1 0.6 33.3 0.1 7.4 4.0 2.6 2.8 8.6 0.027
459 Micah Potter UTA 25 5 2 3 9.4 113.7 1.8 18.0 27.3 0.0 0.0 0.0 0.0 3.4 3.6 3.4 6.0 0.026
460 Zeke Nnaji DEN 23 53 37 16 9.8 114.9 1.0 9.5 16.2 0.2 16.5 0.7 38.1 3.7 3.6 1.8 10.0 0.026
461 Charlie Brown Jr. NYK 27 8 2 6 4.7 105.1 0.1 2.7 3.8 0.0 0.0 0.3 40.0 1.8 0.5 0.8 3.0 0.026
462 Jalen Pickett DEN 24 21 15 6 5.2 106.8 0.5 8.9 13.3 0.1 30.0 0.0 0.0 1.8 1.3 1.2 4.8 0.025
463 Marques Bolden CHA 25 4 2 2 3.9 102.9 0.8 14.3 23.1 0.0 0.0 0.0 0.0 1.3 0.8 1.8 4.0 0.025
464 Julian Strawther DEN 21 41 28 13 12.1 117.1 1.2 9.2 14.2 0.4 25.4 0.2 12.1 5.0 3.5 3.4 12.6 0.025
465 DeAndre Jordan DEN 35 29 19 10 11.3 116.3 2.9 23.5 37.8 0.2 15.2 0.4 34.2 4.2 3.5 3.5 11.0 0.025
466 AJ Green MIL 24 45 31 14 10.3 115.5 1.0 9.9 14.7 0.1 7.1 0.0 5.9 3.6 3.1 1.9 8.9 0.024
467 Ish Smith CHA 35 43 6 37 17.2 119.2 1.5 9.4 13.8 0.4 18.9 0.1 5.4 6.5 4.3 4.9 19.5 0.024
468 Jordan Ford SAC 25 6 2 4 3.6 100.0 0.3 10.0 14.3 0.0 0.0 0.0 0.0 0.3 1.2 0.0 3.3 0.024
469 Javon Freeman-Liberty TOR 24 8 1 7 9.2 115.2 1.3 12.8 21.7 0.0 0.0 0.3 22.2 3.5 3.5 2.8 8.8 0.024
470 Olivier-Maxence Prosper DAL 21 33 19 14 7.9 113.8 1.3 16.0 23.8 0.2 14.7 0.1 15.8 2.4 2.5 3.2 8.7 0.024
471 Charles Bassey SAS 23 19 3 16 10.8 116.7 2.8 26.5 39.6 0.4 25.0 0.9 60.7 4.7 3.3 5.1 11.2 0.023
472 Dmytro Skapintsev NYK 25 2 0 2 1.1 60.0 0.0 0.0 0.0 0.0 0.0 0.0 0.0 0.0 0.0 0.0 1.0 0.023
473 Isaiah Mobley CLE 24 6 1 5 8.5 114.6 1.0 14.3 18.8 0.2 16.7 0.0 0.0 2.3 1.8 1.3 4.7 0.022
474 Aleksej Pokusevski CHA 22 15 10 5 9.5 115.7 1.3 13.6 20.0 0.4 31.6 0.4 50.0 3.6 2.3 3.5 8.8 0.022
475 Daishen Nix MIN 22 12 9 3 3.3 101.2 0.1 2.7 4.5 0.3 40.0 0.0 0.0 0.4 1.2 1.2 3.2 0.022
476 Cory Joseph GSW 32 26 10 16 11.4 117.2 0.9 8.3 11.7 0.2 10.0 0.1 10.0 3.9 2.8 3.2 11.7 0.022
477 Luka Garza MIN 25 16 12 4 3.9 106.3 0.5 13.3 16.7 0.0 0.0 0.0 0.0 1.3 0.9 1.3 4.9 0.022
478 DaQuan Jeffries NYK 26 13 8 5 2.6 95.8 0.4 12.5 18.5 0.0 0.0 0.0 0.0 0.6 0.9 0.0 2.0 0.022
479 Kyle Kuzma WAS 28 65 11 54 32.2 121.6 5.6 16.6 26.8 0.5 10.8 0.7 19.2 10.5 11.9 10.4 41.5 0.022
480 Landry Shamet WAS 27 46 6 40 15.8 119.2 1.0 6.5 9.7 0.5 22.9 0.2 17.2 5.2 4.7 4.6 19.4 0.022
481 Omer Yurtseven UTA 25 36 15 21 9.3 116.1 2.4 25.1 36.6 0.1 13.9 0.5 45.9 3.9 2.3 3.4 10.7 0.021
482 Dominick Barlow SAS 20 29 5 24 12.9 118.2 2.1 17.0 25.4 0.4 19.6 0.5 34.1 3.1 4.7 3.2 15.4 0.021
483 John Collins UTA 26 62 27 35 28.3 121.5 6.2 22.2 32.5 0.5 14.9 1.0 31.6 10.6 7.6 11.1 31.2 0.020
484 Justin Champagnie WAS 22 6 0 6 13.4 118.6 2.0 16.9 26.1 0.7 40.0 0.8 45.5 4.5 4.5 5.0 13.7 0.020
485 Henri Drell CHI 23 1 0 1 2.9 100.0 0.0 0.0 0.0 0.0 0.0 0.0 0.0 0.0 0.0 0.0 2.0 0.020
486 Josh Minott MIN 21 24 18 6 2.8 101.3 0.4 14.9 22.7 0.1 21.4 0.2 50.0 0.6 0.8 1.0 3.2 0.020
487 Drew Peterson BOS 24 1 1 0 2.6 100.0 0.0 0.0 0.0 0.0 0.0 0.0 0.0 0.0 2.0 0.0 4.0 0.020
488 Leonard Miller MIN 20 9 8 1 3.3 104.5 1.1 35.7 52.6 0.1 10.0 0.1 25.0 0.8 0.6 1.3 4.0 0.020
489 Braxton Key DEN 27 17 12 5 3.2 103.4 0.6 20.0 30.6 0.1 22.2 0.1 16.7 0.9 0.8 0.7 2.8 0.020
490 Malcolm Cazalon DET 22 1 0 1 2.6 100.0 0.0 0.0 0.0 0.0 0.0 0.0 0.0 0.0 2.0 0.0 6.0 0.019
491 Garrett Temple TOR 37 16 4 12 4.3 109.2 0.4 9.0 14.6 0.2 23.1 0.0 0.0 1.6 1.6 1.7 5.5 0.019
492 Cedi Osman SAS 28 64 14 50 17.4 120.2 2.1 12.3 18.9 0.5 21.0 0.1 6.9 6.6 5.6 5.6 19.7 0.019
493 Hunter Tyson DEN 23 11 8 3 2.9 101.5 0.7 25.8 38.1 0.0 0.0 0.0 0.0 0.7 0.5 0.7 2.7 0.019
494 James Johnson IND 37 6 2 4 5.3 111.6 0.5 12.5 23.1 0.7 30.8 0.2 100 2.0 2.0 2.2 4.3 0.019
495 Moses Brown POR 24 14 4 10 8.3 116.1 2.4 29.7 43.4 0.1 14.3 0.3 36.4 4.2 1.3 3.4 8.7 0.019
496 Amari Bailey CHA 20 4 0 4 4.1 108.6 0.0 0.0 0.0 0.0 0.0 0.0 0.0 1.5 0.0 1.3 2.5 0.019
497 Jay Huff DEN 26 14 11 3 2.6 101.2 0.6 23.1 40.9 0.1 16.7 0.0 0.0 1.1 0.9 0.3 3.4 0.019
498 Maxwell Lewis LAL 21 24 11 13 3.2 104.7 0.1 2.4 3.5 0.1 25.0 0.0 0.0 1.8 1.3 1.1 3.5 0.018
499 Dylan Windler ATL 27 12 6 6 3.3 105.6 0.4 9.8 16.7 0.0 0.0 0.0 0.0 0.9 1.6 1.3 3.8 0.018
500 Jalen Hood-Schifino LAL 20 21 10 11 5.2 111.9 0.5 9.6 13.6 0.1 27.3 0.1 18.2 2.0 1.6 2.1 4.7 0.018
501 Thaddeus Young PHX 35 26 6 20 14.7 119.7 1.9 13.2 21.2 0.7 30.6 0.1 10.0 4.1 5.0 4.2 17.4 0.018
502 Jalen Wilson BKN 23 29 8 21 14.2 119.7 1.5 11.4 18.3 0.2 13.2 0.0 2.9 5.2 3.9 5.0 14.2 0.017
503 Justin Jackson MIN 28 2 2 0 0.4 0.0 0.0 0.0 0.0 0.0 0.0 0.0 0.0 0.0 0.0 0.0 0.0 0.017
504 Thanasis Antetokounmpo MIL 31 28 18 10 4.8 111.7 0.2 3.6 5.6 0.2 22.7 0.1 30.8 2.4 1.9 1.7 3.7 0.017
505 Jalen Crutcher NOP 24 1 1 0 2.7 100.0 0.0 0.0 0.0 0.0 0.0 0.0 0.0 2.0 0.0 0.0 4.0 0.016
506 Seth Lundy ATL 23 9 2 7 5.8 114.4 0.7 11.8 18.8 0.0 0.0 0.0 0.0 3.6 1.9 1.8 8.0 0.016
507 Danilo Gallinari MIL 35 43 14 29 13.2 119.9 1.9 15.1 22.9 0.2 14.1 0.1 15.2 4.2 4.2 3.0 15.6 0.015
508 Taze Moore POR 25 3 1 2 3.4 111.5 0.0 0.0 0.0 0.3 25.0 0.0 0.0 2.0 0.7 1.3 2.7 0.015
509 Bojan Bogdanovic NYK 34 42 10 32 29.5 122.3 2.6 9.3 13.9 0.7 19.7 0.1 4.8 11.8 8.7 8.1 35.1 0.014
510 James Bouknight CHA 23 14 0 14 5.8 115.2 0.6 11.8 18.6 0.1 10.0 0.1 16.7 2.1 1.9 1.3 5.7 0.014
511 Joe Harris DET 32 16 4 12 10.6 119.4 0.6 5.7 9.6 0.2 13.6 0.1 8.7 4.7 4.1 2.6 12.3 0.014
512 Doug McDermott IND 32 52 14 38 14.7 120.6 0.8 5.4 8.0 0.2 10.8 0.0 2.2 5.0 4.7 4.6 15.6 0.014
513 Brandon Williams DAL 24 12 7 5 4.9 114.7 0.3 6.3 9.1 0.1 14.3 0.1 12.5 1.7 1.8 2.0 6.0 0.013
514 Andre Jackson Jr. MIL 22 49 30 19 10.4 119.6 1.2 11.8 17.5 0.3 20.9 0.1 8.0 3.3 3.4 3.2 11.9 0.013
515 Wendell Moore Jr. MIN 22 17 13 4 2.9 111.0 0.4 12.2 17.6 0.3 41.7 0.1 20.0 1.1 0.8 1.2 3.8 0.013
516 Tyus Jones WAS 27 66 11 55 29.3 122.5 2.4 8.1 12.9 1.1 23.4 0.3 7.9 10.1 10.8 10.1 38.6 0.012
517 E.J. Liddell NOP 23 8 3 5 2.9 109.8 0.6 21.7 35.7 0.3 33.3 0.3 66.7 1.4 1.4 0.8 3.3 0.012
518 Jermaine Samuels Jr. HOU 25 11 6 5 4.8 115.5 0.8 18.0 24.3 0.1 16.7 0.1 20.0 1.2 1.2 1.2 5.3 0.012
519 Markieff Morris DAL 34 20 11 9 8.4 119.0 1.3 14.9 23.6 0.3 20.0 0.1 9.1 3.0 3.2 3.5 10.2 0.012
520 Terquavion Smith PHI 21 12 4 8 5.8 117.9 0.2 3.0 4.8 0.6 38.9 0.0 0.0 2.2 2.3 1.8 6.8 0.011
521 AJ Griffin ATL 20 18 8 10 7.4 119.5 0.7 10.1 14.5 0.1 4.0 0.1 7.7 2.6 1.6 2.2 8.8 0.010
522 Pat Spencer GSW 27 2 0 2 1.7 100.0 0.0 0.0 0.0 0.0 0.0 0.0 0.0 0.0 2.0 0.0 2.0 0.010
523 Danny Green PHI 36 2 1 1 9.2 120.5 1.0 11.1 15.4 0.5 50.0 0.0 0.0 4.0 2.5 2.5 9.0 0.009
524 Robin Lopez MIL 35 16 10 6 4.0 115.9 0.1 3.0 5.0 0.1 10.0 0.2 75.0 1.6 1.9 1.3 3.6 0.009
525 Theo Maledon PHX 22 17 5 12 12.5 121.6 1.2 9.3 14.1 0.4 23.3 0.0 0.0 6.4 3.0 4.2 12.0 0.009
526 Boban Marjanovic HOU 35 10 6 4 5.0 118.0 1.6 32.0 45.7 0.0 0.0 0.1 20.0 2.5 1.2 2.7 5.0 0.009
527 Brice Sensabaugh UTA 20 17 6 11 14.6 122.2 1.9 13.8 19.0 0.2 14.3 0.0 0.0 6.5 3.6 6.1 14.5 0.008
528 Frank Ntilikina CHA 25 5 0 5 8.6 121.1 1.0 11.1 15.6 0.0 0.0 0.0 0.0 2.6 2.6 1.6 10.4 0.007
529 Kobe Brown LAC 24 36 25 11 8.1 121.1 1.0 12.5 20.8 0.2 17.1 0.1 10.3 3.6 2.8 2.8 9.3 0.007
530 Jacob Toppin NYK 23 9 2 7 4.2 118.4 0.4 14.8 20.0 0.0 0.0 0.1 50.0 2.3 0.6 1.6 3.3 0.007
531 Xavier Moon LAC 29 5 3 2 4.1 118.6 0.4 9.1 14.3 0.0 0.0 0.0 0.0 2.6 1.2 1.2 5.6 0.006
532 Chris Livingston MIL 20 16 10 6 4.3 119.7 0.8 20.0 27.7 0.1 28.6 0.0 0.0 2.1 1.5 1.6 3.9 0.005
533 Moussa Diabate LAC 22 11 7 4 5.8 121.1 0.8 12.9 25.0 0.5 50.0 0.1 25.0 3.4 2.3 1.3 5.5 0.005
534 Jordan Miller LAC 24 8 5 3 3.5 119.7 0.3 5.7 11.8 0.0 0.0 0.0 0.0 2.0 2.1 1.8 5.3 0.005
535 Harry Giles III LAL 25 20 8 12 4.4 120.7 0.8 16.1 26.8 0.1 11.1 0.2 37.5 1.5 1.5 1.8 4.1 0.004
536 D.J. Carton TOR 23 4 2 2 8.9 122.8 0.5 4.3 9.5 0.3 20.0 0.0 0.0 3.5 7.5 0.5 10.5 0.003
537 Quenton Jackson IND 25 1 1 0 1.8 120.0 1.0 50.0 50.0 0.0 0.0 0.0 0.0 4.0 0.0 2.0 2.0 0.003
538 Jalen Slawson SAC 24 6 4 2 3.4 121.4 0.8 21.7 41.7 0.0 0.0 0.2 50.0 2.3 1.8 0.8 5.3 0.002
539 Shaquille Harrison MEM 30 3 1 2 2.0 121.4 0.7 40.0 50.0 0.0 0.0 0.3 100 0.0 0.3 1.0 2.7 0.002
540 Emoni Bates CLE 20 11 6 5 8.0 123.6 0.9 11.9 19.6 0.1 7.7 0.2 25.0 3.9 2.6 3.5 6.7 0.001
541 Colin Castleton LAL 23 7 3 4 5.1 124.3 0.7 15.2 25.0 0.0 0.0 0.0 0.0 2.4 2.1 0.6 6.3 0.000
542 Brandon Boston Jr. LAC 22 23 13 10 7.2 124.7 0.5 7.1 12.5 0.1 11.1 0.2 26.3 3.3 2.9 2.8 9.4 -0.001
543 Darius Bazley UTA 23 3 0 3 3.3 126.3 0.3 14.3 25.0 0.0 0.0 0.0 0.0 2.3 0.0 1.3 4.7 -0.002
544 Mouhamed Gueye ATL 21 2 2 0 2.2 127.3 0.0 0.0 0.0 0.5 50.0 0.0 0.0 1.5 0.0 0.0 3.0 -0.002
545 Usman Garuba GSW 22 3 2 1 2.6 129.4 0.0 0.0 0.0 0.3 100 0.0 0.0 1.0 1.3 1.7 2.7 -0.004
546 Udoka Azubuike PHX 24 14 10 4 7.7 126.0 1.5 18.3 29.2 0.1 8.3 0.4 30.0 4.3 3.1 2.0 7.1 -0.004
547 Lindell Wigginton MIL 25 3 3 0 2.5 131.3 0.0 0.0 0.0 0.0 0.0 0.0 0.0 2.7 1.7 3.3 4.0 -0.005
548 Noah Clowney BKN 19 10 4 6 8.6 126.1 1.0 13.9 23.8 0.2 14.3 0.1 16.7 2.8 4.2 3.1 8.6 -0.005
549 Javonte Smart PHI 24 1 1 0 0.7 150.0 0.0 0.0 0.0 0.0 0.0 0.0 0.0 0.0 3.0 0.0 0.0 -0.007
550 Isaiah Livers WAS 25 23 1 22 20.4 125.4 1.4 7.3 11.5 0.6 19.1 0.2 13.5 8.1 6.8 5.8 24.5 -0.008
551 Kevon Harris ORL 26 2 1 1 3.0 133.3 1.0 28.6 40.0 0.0 0.0 0.0 0.0 1.0 2.0 1.0 4.0 -0.010
552 D'Moi Hodge LAL 25 7 1 6 5.9 130.6 0.0 0.0 0.0 0.1 14.3 0.1 25.0 4.0 3.1 0.9 7.1 -0.011
553 Alex Fudge DAL 20 4 1 3 3.6 137.9 0.0 0.0 0.0 0.0 0.0 0.0 0.0 3.8 1.3 0.5 4.0 -0.014
554 Ty Jerome CLE 26 2 1 1 7.4 143.8 0.0 0.0 0.0 0.0 0.0 0.0 0.0 3.5 2.0 5.5 12.0 -0.044
555 Keon Johnson BKN 22 4 0 4 12.8 144.2 0.5 5.1 9.5 0.8 60.0 0.3 100 2.3 5.8 5.0 15.0 -0.073
556 Ron Harper Jr. TOR 23 1 1 0 3.7 188.9 0.0 0.0 0.0 0.0 0.0 0.0 0.0 5.0 5.0 1.0 10.0 -0.080
557 Dariq Whitehead BKN 19 2 1 1 12.0 153.7 2.0 19.0 28.6 0.0 0.0 0.5 50.0 1.5 7.0 3.5 14.0 -0.111