PLAYER GP W L MIN EST. 
OFFRTG EST. 
DEFRTG EST. 
NETRTG EST. 
AST RATIO EST. 
OREB% EST. 
DREB% EST. 
REB% EST. 
TO RATIO EST. 
USG% EST. 
PACE
1 Buddy Hield 69 36 33 27 116.5 116.7 -0.2 20.5 2.7 11.4 6.9 8.4 18.9 103.14
2 Obi Toppin 68 38 30 22 118.6 116.5 2.0 15.0 5.5 15.0 10.2 8.5 16.3 106.09
2 Jeremy Sochan 68 15 53 30 106.6 114.4 -7.7 20.8 6.7 16.3 11.5 11.5 18.6 103.13
2 Austin Reaves 68 36 32 32 113.6 115.4 -1.8 26.9 2.3 11.9 7.3 10.6 20.4 102.71
2 Bobby Portis 68 44 24 24 117.1 116.2 0.9 8.6 7.6 25.7 16.7 7.4 22.6 101.75
2 Mikal Bridges 68 26 42 35 110.1 113.2 -3.1 15.4 2.5 12.6 7.4 8.6 25.1 100.02
2 Dennis Schroder 68 24 44 31 112.1 115.2 -3.2 29.6 1.4 8.6 5.0 9.4 20.4 99.81
2 Reggie Jackson 68 47 21 22 112.1 112.0 0.0 25.3 1.8 7.6 4.8 8.6 21.3 99.55
2 Christian Braun 68 47 21 19 109.7 110.6 -0.9 16.7 4.7 14.7 9.8 7.9 15.8 98.92
2 Andre Drummond 68 33 35 17 113.2 114.0 -0.9 5.5 21.4 36.6 28.8 12.1 20.8 97.76
11 Collin Sexton 67 29 38 26 116.4 118.2 -1.8 22.0 3.8 7.3 5.6 9.2 27.1 103.48
11 Chet Holmgren 67 47 20 30 118.5 110.6 8.0 15.4 6.2 21.8 14.5 9.0 21.1 102.88
11 Ochai Agbaji 67 29 38 20 109.5 116.5 -7.0 13.0 4.4 9.3 6.9 10.3 13.3 102.10
11 Cason Wallace 67 47 20 21 115.7 109.9 5.8 19.3 3.5 8.6 6.2 7.1 12.7 101.60
11 Jalen Green 67 32 35 31 110.9 112.5 -1.5 14.5 1.6 15.6 8.6 9.4 27.2 101.45
11 Naz Reid 67 46 21 24 111.3 103.6 7.7 9.3 4.6 18.3 11.8 9.3 22.0 100.82
11 Nickeil Alexander-Walker 67 46 21 23 113.2 105.3 7.9 25.1 2.4 7.4 5.0 9.5 14.4 100.35
11 Jonas Valanciunas 67 41 26 25 117.5 112.5 4.9 15.9 11.9 30.0 21.2 10.0 20.5 99.86
11 Georges Niang 67 42 25 22 113.9 111.9 2.0 12.6 1.6 16.4 9.2 8.1 17.6 99.67
11 Paul Reed 67 37 30 19 114.2 113.5 0.7 15.5 13.2 21.6 17.2 8.8 15.7 98.96
11 Michael Porter Jr. 67 47 20 32 117.9 111.4 6.6 9.1 4.8 19.6 12.3 6.6 20.4 98.81
11 Cole Anthony 67 40 27 23 110.9 109.9 1.0 19.6 4.3 16.0 10.1 10.4 23.5 98.34
11 Payton Pritchard 67 53 14 21 119.6 109.8 9.8 26.9 4.6 12.1 8.4 6.5 16.1 97.63
24 Jordan Poole 66 11 55 29 108.7 119.1 -10.4 17.5 1.4 8.1 4.6 10.4 26.3 106.02
24 Tyus Jones 66 11 55 29 109.5 120.4 -10.9 39.3 1.1 9.1 5.0 5.3 16.3 105.80
24 Corey Kispert 66 11 55 23 107.6 118.8 -11.3 13.6 1.5 10.5 5.9 8.6 20.1 104.79
24 Simone Fontecchio 66 29 37 25 111.4 112.9 -1.5 13.5 4.2 12.0 8.1 9.1 16.3 103.93
24 Shai Gilgeous-Alexander 66 47 19 35 120.6 109.2 11.4 19.5 2.9 14.9 9.1 6.7 32.6 103.36
24 Josh Giddey 66 47 19 25 118.3 111.5 6.7 25.3 6.5 20.2 13.6 11.6 22.5 103.13
24 Kelly Olynyk 66 29 37 21 110.2 117.3 -7.2 32.8 7.3 18.7 13.2 13.4 17.0 102.85
24 Harrison Barnes 66 38 28 29 113.1 116.2 -3.1 10.0 2.9 8.3 5.5 5.8 15.2 102.47
24 Pascal Siakam 66 29 37 34 115.3 114.8 0.5 18.9 5.2 17.0 11.0 7.5 24.9 101.78
24 Domantas Sabonis 66 38 28 36 114.9 115.5 -0.6 30.9 10.7 33.1 21.6 12.2 22.3 101.65
24 Paolo Banchero 66 39 27 35 110.3 110.5 -0.1 18.2 3.5 19.4 11.3 10.7 29.4 100.05
24 Moritz Wagner 66 39 27 18 112.8 111.1 1.7 11.1 10.0 19.9 15.0 11.4 22.6 99.84
24 Nikola Jokic 66 46 20 34 120.1 110.1 10.0 28.4 9.9 29.7 20.1 9.2 29.0 99.37
24 Sam Hauser 66 53 13 21 119.3 107.6 11.7 11.9 2.9 13.4 8.4 5.4 14.0 99.02
24 Peyton Watson 66 46 20 18 110.7 111.2 -0.5 12.7 3.9 13.1 8.8 9.1 16.9 98.88
24 Ayo Dosunmu 66 33 33 28 111.3 113.9 -2.6 22.0 2.7 8.5 5.6 9.1 16.8 98.86
24 Donte DiVincenzo 66 40 26 27 114.4 113.2 1.2 16.1 3.3 11.2 7.2 8.3 21.5 98.69
24 Coby White 66 32 34 37 113.8 113.7 0.1 21.5 1.7 12.8 7.2 9.1 22.8 98.50
24 DeMar DeRozan 66 32 34 38 112.6 114.0 -1.4 19.8 1.7 11.5 6.5 5.7 25.1 98.48
24 Josh Hart 66 39 27 32 112.8 109.1 3.7 26.3 5.1 22.7 13.9 10.0 13.5 97.49
44 Kyle Kuzma 65 11 54 32 109.0 119.4 -10.4 15.3 3.1 18.9 10.8 9.9 30.3 105.19
44 Malik Beasley 65 41 24 30 118.8 109.8 9.0 12.7 2.2 11.0 6.8 6.2 14.3 103.98
44 Brook Lopez 65 43 22 31 117.3 110.2 7.1 13.0 5.4 12.6 9.1 7.1 15.5 103.84
44 Jonathan Kuminga 65 34 31 26 114.4 110.9 3.5 12.1 5.4 14.0 9.8 9.6 24.6 103.07
44 Tim Hardaway Jr. 65 38 27 28 115.7 115.8 -0.1 10.1 1.2 12.2 6.7 5.6 23.2 103.04
44 Taurean Prince 65 34 31 28 112.8 116.6 -3.8 15.7 1.0 10.2 5.7 8.3 13.3 102.99
44 Luguentz Dort 65 45 20 29 119.8 110.8 9.0 12.3 4.2 10.0 7.2 7.6 15.0 102.82
44 Malik Monk 65 38 27 26 114.4 116.2 -1.8 25.2 1.7 11.3 6.4 10.0 25.3 102.58
44 Royce O'Neale 65 28 37 25 112.7 111.0 1.7 26.7 3.2 17.2 10.2 8.6 13.5 101.60
44 Norman Powell 65 41 24 26 116.8 112.1 4.6 8.3 0.9 10.2 5.7 7.0 20.0 101.53
54 Cedi Osman 64 14 50 17 106.8 120.2 -13.4 20.9 2.1 13.9 7.8 8.4 15.3 104.29
54 Myles Turner 64 36 28 27 118.5 115.1 3.4 7.7 6.5 22.2 14.4 8.9 23.7 104.11
54 Anthony Davis 64 35 29 36 114.4 113.8 0.6 14.2 10.0 27.8 19.3 7.7 26.5 103.40
54 Giannis Antetokounmpo 64 41 23 35 119.5 112.8 6.7 19.3 8.1 26.7 17.7 10.3 32.8 103.25
54 Dejounte Murray 64 28 36 35 115.0 118.1 -3.1 20.9 2.1 14.0 7.8 8.6 25.6 103.12
54 Bogdan Bogdanovic 64 29 35 30 116.3 114.3 2.0 15.8 2.3 10.3 6.2 7.1 22.5 102.49
54 Aaron Holiday 64 31 33 16 109.1 107.7 1.4 21.7 1.6 8.9 5.2 8.9 16.4 101.93
54 Jusuf Nurkic 64 39 25 27 118.7 111.0 7.7 23.4 12.9 31.4 22.7 14.2 19.4 101.75
54 Grant Williams 64 31 33 28 110.8 113.4 -2.6 16.1 4.4 12.0 8.1 12.2 15.5 101.04
54 Aaron Wiggins 64 46 18 14 115.6 109.1 6.5 14.7 6.1 11.3 8.8 10.6 15.9 100.70
54 Toumani Camara 64 19 45 25 105.1 110.8 -5.7 12.7 8.2 14.1 11.0 12.7 13.7 100.43
54 Jayson Tatum 64 51 13 36 121.0 108.5 12.5 16.5 2.8 21.3 12.5 8.5 30.4 100.33
54 Kyle Anderson 64 45 19 23 110.3 105.7 4.6 36.6 4.0 13.5 8.9 10.8 14.1 100.29
54 Anthony Edwards 64 44 20 35 115.2 105.7 9.4 16.2 2.1 14.4 8.7 10.1 32.5 99.94
54 Jevon Carter 64 31 33 14 108.5 108.4 0.1 17.8 1.0 5.9 3.3 7.9 17.4 99.50
69 Deni Avdija 63 11 52 29 109.4 116.8 -7.4 21.1 4.3 21.3 12.7 11.7 19.8 105.86
69 Bilal Coulibaly 63 11 52 27 106.5 116.9 -10.3 16.0 3.4 13.3 8.2 12.7 14.3 104.45
69 Keldon Johnson 63 15 48 30 107.8 116.3 -8.5 15.5 4.9 15.2 9.9 8.0 22.0 104.33
69 Malaki Branham 63 13 50 21 106.2 118.2 -12.0 18.5 1.9 8.8 5.2 10.1 19.7 104.20
69 Damian Lillard 63 44 19 35 119.1 110.7 8.4 23.3 1.7 11.4 6.7 8.4 28.0 104.16
69 D'Angelo Russell 63 36 27 32 115.1 113.6 1.5 27.0 1.5 8.4 5.1 8.3 22.9 103.73
69 Tre Jones 63 14 49 27 110.6 112.9 -2.3 39.0 2.8 10.9 6.9 9.3 15.0 103.41
69 Isaiah Joe 63 44 19 18 118.2 108.9 9.3 13.5 2.5 11.3 6.9 7.3 16.3 103.22
69 Saddiq Bey 63 28 35 33 116.8 118.3 -1.6 9.9 8.5 13.3 10.8 5.8 16.6 103.18
69 Klay Thompson 63 32 31 30 113.9 116.7 -2.8 11.5 1.7 10.9 6.3 7.8 23.6 102.90
69 Jaden Ivey 63 12 51 29 111.2 117.7 -6.4 18.6 4.8 8.9 6.8 12.3 24.2 102.79
69 Derrick Jones Jr. 63 36 27 24 114.2 113.8 0.4 10.3 5.3 10.5 7.9 9.5 15.0 102.76
69 Ausar Thompson 63 10 53 25 107.1 112.5 -5.4 16.3 8.8 19.7 14.0 11.4 16.4 102.23
69 Kevin Huerter 63 36 27 25 116.2 114.5 1.7 20.7 2.7 13.8 8.1 6.5 17.5 101.92
69 Jeff Green 63 30 33 16 107.9 111.0 -3.1 12.9 3.7 10.3 7.0 10.3 15.3 101.34
69 Matisse Thybulle 63 18 45 23 106.9 113.5 -6.6 19.4 2.3 8.7 5.3 8.8 10.8 100.71
69 Alperen Sengun 63 29 34 33 112.0 111.8 0.2 19.4 9.6 21.5 15.5 10.1 27.3 100.66
69 Cameron Payne 63 36 27 16 113.7 114.5 -0.8 26.3 1.4 7.8 4.6 8.1 18.8 100.19
69 Patrick Beverley 63 38 25 20 110.0 110.9 -0.8 30.1 3.5 13.9 8.6 10.2 14.8 99.41
69 Nikola Vucevic 63 31 32 35 111.4 113.7 -2.2 15.1 9.0 26.1 17.3 7.4 24.0 98.74
69 Rudy Gobert 63 44 19 34 114.2 104.8 9.4 9.5 13.7 28.3 21.6 11.7 15.5 98.01
90 Devin Vassell 62 14 48 33 107.3 114.3 -7.0 18.0 1.4 11.2 6.3 7.1 23.3 103.58
90 John Collins 62 27 35 28 113.2 120.6 -7.4 8.0 8.9 24.8 16.7 10.0 19.8 102.52
90 Pat Connaughton 62 40 22 22 115.8 117.3 -1.5 26.3 3.3 13.3 8.3 8.5 10.4 102.42
90 Derrick White 62 50 12 32 121.8 107.9 13.8 26.4 2.5 10.8 6.9 8.4 18.7 101.43
90 Grayson Allen 62 36 26 34 117.9 114.1 3.8 22.0 2.2 10.1 6.4 9.3 14.1 101.33
90 Immanuel Quickley 62 26 36 29 112.4 113.0 -0.7 22.6 0.9 13.2 7.0 6.7 23.4 101.14
90 Jabari Smith Jr. 62 31 31 32 110.4 112.2 -1.8 10.3 6.5 21.8 14.1 8.4 17.5 100.79
90 Kevon Looney 62 33 29 17 114.8 116.5 -1.7 31.2 13.1 24.9 19.0 11.2 10.9 100.61
90 Spencer Dinwiddie 62 27 35 29 115.6 115.2 0.4 31.5 1.6 8.9 5.2 7.1 17.1 100.34
90 Drew Eubanks 62 33 29 16 107.7 112.8 -5.1 14.5 10.4 19.8 15.4 15.3 13.6 99.79
90 Jarrett Allen 62 40 22 32 115.3 108.6 6.7 16.1 12.0 25.4 18.8 10.0 19.3 99.73
90 Kentavious Caldwell-Pope 62 44 18 32 120.3 109.9 10.4 20.2 1.5 6.6 4.2 8.1 13.1 99.24
90 Aaron Gordon 62 42 20 31 118.4 110.3 8.1 20.5 8.2 14.4 11.4 8.9 17.7 98.95
90 Jalen Brunson 62 39 23 35 116.9 112.1 4.8 20.0 1.8 9.7 5.8 7.9 30.9 98.77
90 Duncan Robinson 62 35 27 29 111.4 110.1 1.3 19.6 0.8 9.4 5.1 9.3 19.3 98.66
90 Mike Conley 62 44 18 29 112.5 106.1 6.4 37.8 2.0 9.1 5.8 7.2 15.3 98.61
106 Daniel Gafford 61 19 42 25 112.0 116.1 -4.1 13.6 12.0 21.3 16.7 9.9 14.5 105.54
106 Kevin Durant 61 34 27 37 116.9 112.6 4.3 17.4 1.8 17.5 10.2 10.7 29.2 102.13
106 Keegan Murray 61 35 26 33 114.4 114.0 0.4 10.6 4.3 14.6 9.3 5.7 17.7 101.79
106 Jalen Suggs 61 36 25 27 111.2 109.7 1.5 17.3 2.9 11.3 7.0 12.9 19.7 101.42
106 Gary Trent Jr. 61 22 39 28 112.2 115.8 -3.6 10.9 1.2 9.0 5.0 4.7 18.9 101.28
106 Anthony Black 61 34 27 18 106.6 107.9 -1.3 21.6 3.3 11.1 7.2 12.9 12.4 101.20
106 Dario Saric 61 32 29 18 112.3 114.6 -2.3 22.3 7.2 21.2 14.1 11.6 19.4 100.90
106 Herbert Jones 61 38 23 29 116.2 108.8 7.4 20.5 4.0 9.5 6.9 9.9 14.5 100.41
106 Jrue Holiday 61 48 13 33 120.4 109.9 10.5 28.4 4.2 12.9 8.8 10.6 16.4 100.08
106 Brandon Miller 61 15 46 32 106.9 116.2 -9.2 12.3 2.9 12.0 7.3 9.0 23.4 100.05
106 Brandon Ingram 61 37 24 33 115.8 111.1 4.8 21.7 2.5 14.7 8.7 9.6 27.4 99.91
106 Isaiah Hartenstein 61 38 23 25 116.3 109.7 6.6 25.6 14.9 22.6 18.8 13.0 10.8 99.86
106 Kawhi Leonard 61 39 22 34 117.3 108.9 8.4 15.1 4.2 15.3 10.0 7.0 26.4 99.52
106 Paul George 61 39 22 34 119.9 110.5 9.4 15.0 1.8 15.5 9.0 8.5 26.8 99.24
106 Jaime Jaquez Jr. 61 36 25 29 112.5 110.1 2.4 17.1 4.7 10.6 7.7 10.3 18.8 99.17
106 Terance Mann 61 39 22 25 117.3 114.9 2.4 17.9 5.7 9.5 7.7 6.5 13.4 97.88
122 Victor Wembanyama 60 14 46 29 107.2 111.7 -4.5 13.8 8.3 30.3 19.4 13.6 31.7 103.68
122 Stephen Curry 60 34 26 33 116.3 115.7 0.6 16.6 1.7 12.6 7.2 9.9 31.3 103.55
122 Jalen Williams 60 42 18 32 117.6 109.7 8.0 20.9 1.9 11.8 7.1 7.9 23.4 103.18
122 Julian Champagnie 60 12 48 18 110.6 114.8 -4.1 17.3 3.5 12.8 8.0 9.0 14.4 103.17
122 Jaden Hardy 60 34 26 14 110.4 114.7 -4.2 16.0 1.9 12.1 6.8 8.0 24.5 102.98
122 Keyonte George 60 25 35 26 109.8 117.7 -7.9 24.2 1.0 10.7 5.9 11.9 22.4 102.13
122 Scottie Barnes 60 22 38 35 111.9 114.6 -2.7 23.0 7.2 19.0 12.9 10.4 24.7 101.98
122 P.J. Washington 60 19 41 30 111.8 116.9 -5.1 12.9 4.2 16.2 10.0 9.1 19.3 101.63
122 Jaylen Brown 60 46 14 33 119.7 109.8 9.9 14.4 4.0 13.3 8.9 8.8 28.7 101.54
122 Fred VanVleet 60 31 29 37 112.2 108.7 3.5 32.9 1.2 9.8 5.5 7.1 19.4 100.93
122 Max Strus 60 39 21 32 113.9 106.6 7.3 23.1 3.0 12.8 8.0 9.2 17.0 100.81
122 Tobias Harris 60 35 25 34 116.0 112.1 3.9 16.3 3.5 17.0 10.1 6.9 20.5 100.53
122 Franz Wagner 60 37 23 33 111.1 106.8 4.2 16.6 3.5 16.2 9.8 9.0 26.0 99.87
122 Karl-Anthony Towns 60 41 19 33 115.1 107.5 7.6 12.7 5.7 22.9 14.8 12.0 27.5 99.45
122 James Harden 60 38 22 35 119.2 112.7 6.5 33.7 1.6 14.7 8.5 10.7 20.9 98.75
122 Precious Achiuwa 60 31 29 23 111.5 110.6 0.9 13.9 12.3 20.0 16.0 11.6 16.5 96.85
138 Bennedict Mathurin 59 33 26 26 114.0 116.5 -2.5 12.2 4.3 12.8 8.5 9.9 23.2 104.90
138 Aaron Nesmith 59 33 26 27 117.6 115.1 2.6 12.1 3.7 12.1 8.0 7.5 16.5 103.72
138 Clint Capela 59 27 32 25 113.4 116.4 -3.1 9.7 18.1 24.8 21.3 8.1 16.8 103.08
138 Luka Doncic 59 36 23 37 118.3 114.2 4.1 23.5 2.5 23.8 13.3 9.6 36.2 102.60
138 LeBron James 59 31 28 35 114.9 113.1 1.8 25.3 2.9 18.9 11.4 10.3 29.2 102.52
138 David Roddy 59 20 39 20 103.2 113.1 -9.9 13.5 4.8 15.3 9.8 10.1 18.2 101.79
138 Alex Caruso 59 29 30 28 111.1 109.0 2.2 24.5 3.6 11.9 7.7 10.9 15.2 99.49
138 Dorian Finney-Smith 59 23 36 29 110.8 111.6 -0.8 14.9 6.2 11.8 9.0 8.3 13.6 99.27
146 Kris Dunn 58 25 33 19 117.6 116.6 1.0 39.3 4.3 12.2 8.3 12.3 13.4 104.23
146 De'Aaron Fox 58 34 24 36 115.9 114.3 1.5 17.7 2.8 11.0 6.8 8.3 30.9 103.32
146 Russell Westbrook 58 38 20 23 116.5 112.5 4.0 25.6 6.8 17.9 12.4 11.8 24.2 102.94
146 Marcus Sasser 58 10 48 17 109.5 116.4 -6.9 28.5 0.8 10.8 5.6 10.1 19.4 102.87
146 Jaren Jackson Jr. 58 19 39 32 105.1 111.6 -6.5 9.0 4.1 15.7 9.7 9.9 30.4 101.48
146 Dillon Brooks 58 28 30 31 110.8 111.0 -0.2 11.6 2.7 9.5 6.1 8.9 17.7 101.43
146 Brandin Podziemski 58 30 28 27 117.2 110.9 6.3 27.8 6.3 16.4 11.5 9.0 15.8 101.39
146 Alec Burks 58 14 44 19 108.0 118.6 -10.6 11.1 2.2 11.5 6.7 6.0 24.4 101.06
146 Tyrese Maxey 58 36 22 37 116.7 113.6 3.0 20.2 1.7 9.5 5.6 5.7 28.0 100.41
146 Jabari Walker 58 16 42 22 106.3 116.4 -10.1 9.1 9.9 25.1 17.0 9.9 16.5 100.08
146 Isaac Okoro 58 36 22 27 112.9 108.5 4.5 18.4 4.2 8.6 6.4 7.3 14.4 99.59
146 Nic Claxton 58 21 37 30 107.7 113.3 -5.5 16.1 9.3 27.6 18.1 9.3 16.1 99.44
146 Nick Richards 58 12 46 27 104.8 116.5 -11.6 9.0 11.2 24.2 17.6 12.5 13.3 99.15
159 T.J. McConnell 57 31 26 18 116.5 114.4 2.1 36.1 3.5 14.7 9.0 9.9 22.2 104.24
159 Andrew Wiggins 57 28 29 27 114.1 116.4 -2.3 11.7 6.2 10.9 8.6 8.0 20.3 102.38
159 Cade Cunningham 57 8 49 34 108.4 116.8 -8.4 24.1 1.7 12.6 7.1 11.0 29.8 102.03
159 Jae'Sean Tate 57 26 31 17 110.4 105.3 5.1 18.5 6.1 14.5 10.2 9.6 11.5 101.80
159 Jaxson Hayes 57 31 26 12 110.8 114.6 -3.8 11.2 9.0 15.7 12.6 14.4 12.6 101.49
159 Jordan Hawkins 57 34 23 19 113.4 114.1 -0.7 11.5 2.7 11.4 7.0 6.6 19.8 101.14
159 Miles Bridges 57 14 43 38 106.5 117.5 -11.0 13.7 2.9 20.3 11.2 8.2 25.0 99.70
159 Jaden McDaniels 57 38 19 29 113.5 108.3 5.2 12.1 3.3 8.1 5.8 10.4 15.8 98.47
159 Bam Adebayo 57 32 25 35 109.6 109.0 0.5 16.5 7.4 27.0 17.1 9.8 25.7 98.44
168 Bruce Brown 56 25 31 28 116.3 117.9 -1.6 20.5 3.2 14.7 8.9 8.4 16.3 104.69
168 Zach Collins 56 12 44 23 105.5 117.7 -12.3 19.3 8.1 17.4 12.7 13.5 22.2 103.41
168 Zion Williamson 56 34 22 31 114.5 111.2 3.3 19.5 6.5 14.1 10.4 9.7 28.7 101.91
168 Davion Mitchell 56 33 23 14 108.8 115.1 -6.3 27.1 1.3 7.9 4.5 9.1 14.7 100.07
168 Al Horford 56 44 12 27 119.8 108.0 11.8 27.1 5.5 20.3 13.3 7.1 11.8 99.61
173 Tyrese Haliburton 55 31 24 32 119.3 115.6 3.7 36.7 1.9 11.4 6.7 7.8 24.9 105.74
173 Eric Gordon 55 32 23 29 116.0 112.4 3.6 16.2 1.2 6.2 3.9 8.7 16.9 101.61
173 Walker Kessler 55 26 29 23 111.0 115.0 -4.0 10.6 12.6 22.0 17.4 12.2 13.2 101.49
173 Amir Coffey 55 37 18 19 116.2 118.4 -2.2 15.8 2.2 9.5 5.9 7.3 11.8 101.12
173 Naji Marshall 55 36 19 19 117.8 108.4 9.5 21.6 5.3 15.7 10.6 11.1 16.7 100.88
173 Caris LeVert 55 33 22 28 114.5 109.4 5.1 25.3 2.2 13.3 7.7 7.7 23.1 100.76
173 Jaylin Williams 55 39 16 12 116.9 106.4 10.4 25.6 4.9 23.8 14.5 7.5 13.4 100.74
173 Malachi Flynn 55 26 29 11 105.7 112.3 -6.7 26.2 2.2 12.5 7.1 12.3 17.5 100.57
173 Kenrich Williams 55 40 15 14 119.3 105.7 13.5 23.3 6.7 16.3 11.7 6.8 12.9 100.55
173 Santi Aldama 55 21 34 26 104.4 112.5 -8.1 16.7 4.7 19.5 11.8 8.7 18.7 99.30
173 Ivica Zubac 55 33 22 26 115.9 110.6 5.3 12.4 13.2 25.2 19.5 10.9 16.2 98.41
184 Max Christie 54 28 26 16 111.1 111.4 -0.2 16.9 1.7 13.6 8.1 10.8 13.5 103.38
184 Dwight Powell 54 32 22 14 117.1 114.6 2.6 32.0 12.3 15.2 13.7 12.0 9.2 102.73
184 Rui Hachimura 54 29 25 26 115.1 112.6 2.6 9.0 3.5 12.2 8.1 5.9 18.7 102.63
184 Andrew Nembhard 54 32 22 24 114.1 113.1 1.0 30.3 2.6 6.9 4.8 11.8 17.2 102.55
184 Josh Green 54 31 23 27 117.5 117.8 -0.3 22.3 3.0 10.6 6.8 10.2 13.1 102.22
184 Jordan Clarkson 54 22 32 31 112.5 119.0 -6.5 20.6 3.3 9.3 6.2 10.8 26.3 101.92
184 Josh Okogie 54 33 21 17 112.5 110.6 1.9 18.3 9.1 9.2 9.1 9.8 12.7 101.43
184 Devin Booker 54 33 21 36 118.7 113.6 5.2 21.7 2.5 11.6 7.3 7.8 29.9 101.42
184 Kelly Oubre Jr. 54 30 24 30 112.2 115.1 -2.8 7.6 4.8 12.9 8.7 7.1 21.7 100.62
184 Joe Ingles 54 35 19 17 114.3 111.2 3.0 38.8 2.3 12.5 7.5 11.9 11.8 100.17
184 Jerami Grant 54 17 37 34 105.9 115.1 -9.2 12.1 2.2 10.1 5.9 9.2 26.1 100.15
184 Dean Wade 54 36 18 21 113.0 102.2 10.8 14.0 3.7 17.8 10.8 6.5 10.4 100.07
184 Goga Bitadze 54 29 25 17 109.6 108.6 0.9 21.8 12.7 20.8 16.7 11.6 12.6 99.46
184 Miles McBride 54 33 21 15 104.1 108.3 -4.2 17.9 2.3 5.9 4.1 5.2 17.9 95.63
198 Onyeka Okongwu 53 23 30 26 117.2 117.6 -0.3 13.7 11.3 18.9 15.0 8.7 13.6 104.20
198 RJ Barrett 53 24 29 32 113.5 115.9 -2.4 14.5 3.0 15.5 9.2 9.1 25.7 101.95
198 Trayce Jackson-Davis 53 29 24 14 114.5 111.9 2.7 15.5 13.0 18.9 15.9 9.7 17.0 101.28
198 Cam Thomas 53 18 35 30 110.5 115.2 -4.7 11.4 1.5 10.2 5.7 7.4 30.2 101.13
198 Duop Reath 53 15 38 18 109.3 116.8 -7.5 10.6 8.8 15.2 11.7 8.6 20.3 99.71
198 Zeke Nnaji 53 37 16 10 101.6 115.7 -14.1 13.7 12.0 11.1 11.6 12.3 15.9 98.82
204 Doug McDermott 52 14 38 15 108.5 120.0 -11.5 18.3 1.3 6.0 3.6 7.5 14.9 104.04
204 Jalen Duren 52 12 40 30 108.5 116.3 -7.8 16.9 12.3 31.5 21.9 13.7 17.9 102.50
204 Vince Williams Jr. 52 18 34 28 106.3 110.5 -4.2 24.9 4.4 18.5 11.2 13.1 15.8 100.49
204 Daniel Theis 52 35 17 17 115.9 113.5 2.4 14.9 9.7 16.2 13.0 9.8 15.3 100.38
204 Dyson Daniels 52 30 22 22 117.3 110.5 6.7 29.2 5.0 13.7 9.4 11.2 12.6 100.30
204 John Konchar 52 17 35 21 104.2 110.7 -6.6 28.7 6.6 19.0 12.4 12.4 10.0 99.89
204 Dennis Smith Jr. 52 19 33 20 110.2 109.5 0.7 31.8 5.5 13.0 9.1 10.2 18.0 99.04
204 Cameron Johnson 52 19 33 28 111.8 115.3 -3.5 16.3 3.7 14.0 8.5 6.6 19.6 98.92
204 Jamal Murray 52 38 14 32 118.3 111.4 6.9 24.8 2.5 11.4 7.2 7.8 27.7 98.54
213 Trae Young 51 22 29 37 116.0 118.3 -2.3 28.7 1.2 7.1 4.1 11.4 30.0 105.25
213 Lauri Markkanen 51 22 29 33 117.6 117.0 0.5 9.4 7.5 20.1 13.8 6.1 24.3 103.23
213 Moses Moody 51 27 24 18 111.4 110.5 0.9 8.6 6.2 12.4 9.3 8.2 18.2 102.24
213 Garrison Mathews 51 23 28 13 110.4 114.5 -4.1 13.1 2.2 9.2 5.6 8.2 10.1 101.97
213 Ziaire Williams 51 20 31 20 101.1 112.6 -11.6 13.6 3.5 15.5 9.3 12.0 19.7 101.02
213 CJ McCollum 51 34 17 31 115.7 111.7 4.0 20.2 1.9 13.2 7.6 7.3 23.8 100.33
213 Day'Ron Sharpe 51 20 31 16 114.3 108.8 5.5 17.5 18.3 26.8 22.6 13.1 18.8 100.25
213 JT Thor 51 12 39 12 106.8 111.9 -5.1 10.5 6.3 14.0 10.0 6.9 11.5 100.12
213 Haywood Highsmith 51 30 21 19 109.6 110.4 -0.7 15.0 4.7 10.6 7.6 8.1 12.3 98.69
213 Quentin Grimes 51 32 19 20 106.9 108.7 -1.8 14.9 1.6 9.0 5.2 6.3 15.9 98.50
213 Keita Bates-Diop 51 29 22 13 110.4 114.4 -4.0 15.7 5.7 13.5 9.7 6.4 13.5 97.91
213 Caleb Houstan 51 27 24 14 109.6 111.1 -1.5 11.7 3.6 8.1 5.8 6.5 12.7 96.57
225 Isaiah Jackson 50 30 20 13 112.4 113.0 -0.6 12.5 13.3 21.9 17.6 11.0 17.7 105.19
225 Jalen Johnson 50 25 25 34 114.3 115.0 -0.7 18.7 4.0 23.4 13.5 9.3 18.5 103.75
225 Christian Wood 50 28 22 17 110.5 108.6 1.8 12.1 5.5 25.7 16.4 12.4 17.9 102.03
225 KJ Martin 50 26 24 12 110.2 113.4 -3.2 17.4 4.8 13.2 8.9 11.7 12.9 101.88
225 Jakob Poeltl 50 21 29 26 112.6 113.0 -0.4 20.2 12.2 23.9 18.0 12.2 16.2 101.52
225 Chris Boucher 50 16 34 14 115.3 112.4 2.9 7.5 9.6 22.8 16.1 9.1 17.2 100.17
225 Bryce McGowens 50 9 41 16 105.3 116.1 -10.9 15.5 2.2 11.2 6.5 8.8 14.2 99.25
225 Terry Rozier 50 16 34 34 109.4 118.4 -9.0 23.7 1.9 12.2 6.8 7.0 26.0 99.19
225 Caleb Martin 50 28 22 27 112.2 110.9 1.4 16.3 5.1 14.5 9.8 9.4 17.3 97.71
234 Dereck Lively II 49 29 20 24 120.7 114.1 6.5 13.6 12.3 19.3 15.9 12.1 12.7 102.10
234 Andre Jackson Jr. 49 30 19 10 115.7 119.7 -4.0 28.2 8.8 13.3 11.0 14.1 9.9 101.77
234 Trey Lyles 49 29 20 20 116.8 112.5 4.4 14.6 5.8 19.3 12.7 8.3 14.1 101.76
234 Donovan Mitchell 49 33 16 35 115.4 106.2 9.2 19.1 2.8 13.4 8.2 9.1 31.3 100.88
234 Trendon Watford 49 19 30 12 112.0 114.2 -2.2 17.4 7.8 17.6 12.6 10.9 20.2 99.46
234 Sam Merrill 49 32 17 17 111.4 109.6 1.8 20.4 2.5 10.7 6.6 3.4 17.7 98.56
234 Luke Kornet 49 38 11 15 117.9 111.4 6.5 19.1 13.6 14.6 14.1 7.7 11.5 97.61
241 James Wiseman 48 7 41 15 107.0 117.6 -10.7 12.0 11.3 24.1 17.5 13.7 15.6 104.36
241 Jalen Smith 48 28 20 18 116.8 118.3 -1.5 11.7 10.5 25.1 17.7 8.6 19.1 103.87
241 Amen Thompson 48 21 27 20 109.2 109.5 -0.3 20.5 9.3 21.1 14.9 12.7 17.8 103.83
241 Scoot Henderson 48 16 32 27 105.8 118.5 -12.7 22.7 3.3 10.0 6.4 14.2 25.3 101.43
241 Larry Nance Jr. 48 28 20 19 113.3 107.5 5.8 24.9 8.8 20.9 15.0 12.6 11.5 100.25
241 Jordan Goodwin 48 26 22 16 105.4 110.2 -4.8 25.6 7.5 14.5 11.1 9.6 18.3 98.69
241 Kyle Lowry 48 25 23 28 110.2 110.9 -0.7 33.5 2.4 12.0 7.0 11.3 13.3 98.11
248 Gradey Dick 47 16 31 18 105.2 117.4 -12.3 14.7 2.7 9.4 5.8 8.5 16.0 102.82
248 Blake Wesley 47 12 35 13 107.5 115.1 -7.6 37.1 2.1 8.4 5.1 10.3 14.5 102.42
248 Lonnie Walker IV 47 20 27 18 114.7 111.8 2.9 11.5 1.2 12.2 6.7 8.3 24.5 101.55
248 Kris Murray 47 10 37 18 106.5 109.7 -3.2 17.5 5.7 13.0 9.2 10.9 13.3 100.07
248 Kevin Love 47 26 21 18 115.2 109.3 5.9 21.3 6.6 33.8 19.8 7.7 20.7 99.38
248 Jimmy Butler 47 24 23 34 115.0 110.4 4.7 20.2 6.4 11.9 9.2 7.4 24.8 98.59
248 Vasilije Micic 47 30 17 17 112.6 108.2 4.4 33.1 1.5 6.7 4.2 13.3 19.6 98.39
255 Landry Shamet 46 6 40 16 109.7 119.4 -9.7 14.3 2.3 7.3 4.6 7.9 18.9 103.37
255 Kyrie Irving 46 28 18 34 117.8 114.4 3.4 18.7 2.5 13.6 8.1 6.2 28.4 102.49
255 Kristaps Porzingis 46 35 11 30 120.4 108.0 12.4 10.2 6.3 17.7 12.5 8.4 24.9 102.18
255 Jose Alvarado 46 31 15 18 117.5 104.2 13.3 21.5 2.2 11.0 6.6 8.3 17.7 100.74
255 Julius Randle 46 29 17 35 116.8 113.2 3.6 16.9 6.9 21.9 14.5 11.7 29.1 100.35
255 Nicolas Batum 46 27 19 25 117.9 111.7 6.2 30.6 5.5 12.6 9.1 8.9 8.7 99.90
255 Chris Duarte 46 27 19 13 111.9 113.8 -1.9 15.9 3.6 13.3 8.3 8.6 14.4 99.60
255 Jonathan Isaac 46 29 17 15 113.7 102.0 11.7 6.5 9.8 23.6 16.8 7.8 17.3 98.11
263 MarJon Beauchamp 45 29 16 13 113.9 113.8 0.2 13.4 4.3 14.0 9.3 12.0 14.2 103.78
263 Isaiah Stewart 45 9 36 31 109.7 113.8 -4.1 13.0 5.9 17.8 11.9 11.9 14.6 101.31
263 Deandre Ayton 45 12 33 32 106.9 113.6 -6.7 9.9 11.0 28.0 19.2 10.9 20.1 99.21
263 Dalen Terry 45 21 24 10 115.0 110.7 4.4 29.2 4.0 15.1 9.5 12.2 12.7 98.86
263 AJ Green 45 31 14 10 117.0 116.0 1.0 13.7 1.9 11.1 6.7 3.6 16.7 98.45
263 Mo Bamba 45 23 22 12 106.7 111.4 -4.6 13.9 11.2 23.4 17.0 15.2 15.4 97.79
269 Khris Middleton 44 28 16 26 119.4 113.1 6.3 25.6 2.6 14.2 8.7 10.5 23.6 103.57
269 Marvin Bagley III 44 4 40 21 109.8 118.3 -8.6 10.4 13.6 19.1 16.2 10.2 20.8 103.33
269 Shake Milton 44 29 15 13 105.7 110.5 -4.7 18.9 2.7 10.5 6.6 10.5 18.3 102.66
269 Troy Brown Jr. 44 28 16 11 110.5 112.2 -1.8 19.4 3.7 15.5 9.8 9.7 15.2 102.25
269 Seth Curry 44 25 19 14 110.3 107.4 2.9 15.6 3.2 8.9 6.1 7.4 16.7 100.96
269 OG Anunoby 44 26 18 34 116.0 106.4 9.6 13.8 3.2 10.5 6.9 9.8 17.6 100.27
269 Oshae Brissett 44 37 7 11 117.6 109.3 8.3 17.9 9.9 17.1 13.5 7.2 13.7 99.92
269 Justin Holiday 44 28 16 15 114.1 112.3 1.8 24.9 1.1 8.5 4.8 5.0 10.4 99.62
269 Gary Harris 44 29 15 23 112.7 109.1 3.6 19.9 2.3 6.1 4.2 6.4 12.4 99.52
278 Ben Sheppard 43 23 20 13 118.6 116.6 2.0 15.9 1.8 11.8 6.7 4.0 12.9 104.80
278 De'Andre Hunter 43 20 23 28 116.5 117.7 -1.2 8.6 2.0 12.5 7.1 9.0 20.5 102.54
278 Danilo Gallinari 43 14 29 13 111.1 119.7 -8.6 18.0 3.6 17.4 10.2 6.0 17.9 101.60
278 Talen Horton-Tucker 43 12 31 20 112.1 116.4 -4.2 25.0 2.6 11.2 6.8 8.9 23.7 101.23
278 Ish Smith 43 6 37 17 101.8 118.6 -16.8 41.2 1.5 10.9 5.7 13.4 12.2 100.76
278 Anfernee Simons 43 11 32 35 108.5 118.1 -9.6 19.4 1.6 11.1 6.1 9.9 28.6 99.52
278 Josh Richardson 43 24 19 26 108.4 112.4 -4.0 20.5 1.9 10.8 6.3 7.0 16.5 99.30
278 Darius Garland 43 25 18 33 113.0 110.2 2.8 24.4 1.5 6.7 4.2 12.2 25.8 99.09
278 Patrick Williams 43 19 24 27 114.1 113.9 0.1 12.9 4.3 11.8 7.9 11.2 16.6 98.33
278 Craig Porter Jr. 43 27 16 13 113.0 113.4 -0.4 27.7 4.3 15.6 10.1 11.1 21.3 96.70
288 Killian Hayes 42 7 35 24 106.4 116.8 -10.4 36.5 1.2 12.2 6.6 9.1 15.2 102.88
288 Dante Exum 42 25 17 19 121.5 113.0 8.5 28.3 2.9 12.2 7.7 8.2 16.3 102.55
288 Mike Muscala 42 11 31 13 108.6 115.8 -7.1 16.5 6.4 16.0 11.1 8.8 14.0 102.00
288 Chris Paul 42 22 20 27 113.5 109.9 3.6 42.0 1.4 14.2 7.8 6.9 15.3 101.00
288 Bojan Bogdanovic 42 10 32 30 108.9 121.0 -12.1 10.7 1.6 10.5 5.9 10.7 24.7 100.85
288 Kessler Edwards 42 26 16 5 103.8 105.9 -2.0 13.5 2.6 14.7 8.3 1.5 13.0 99.84
288 Trey Murphy III 42 27 15 28 116.3 106.1 10.2 14.3 2.6 14.0 8.5 3.4 19.1 99.75
288 Nick Smith Jr. 42 8 34 15 100.6 116.4 -15.8 15.7 2.8 8.0 5.2 10.1 19.5 97.79
296 Draymond Green 41 24 17 27 115.0 111.4 3.5 37.7 5.3 22.6 14.1 15.4 15.6 104.21
296 Jock Landale 41 19 22 10 109.5 102.1 7.4 20.3 13.4 11.5 12.5 8.7 13.2 102.64
296 Jordan McLaughlin 41 25 16 10 106.9 100.1 6.8 39.0 3.3 10.9 7.1 7.3 13.0 101.73
296 Julian Strawther 41 28 13 12 105.6 117.6 -12.0 15.6 0.8 10.4 5.5 6.3 19.5 101.05
296 Xavier Tillman 41 20 21 20 104.9 108.2 -3.3 17.8 8.0 16.6 12.1 8.6 15.4 100.31
296 Jaden Springer 41 26 15 10 108.9 115.0 -6.1 17.1 7.4 9.8 8.6 14.3 18.1 99.86
296 Keon Ellis 41 25 16 13 118.3 113.3 4.9 25.2 3.4 9.6 6.5 10.4 12.3 99.66
296 Wendell Carter Jr. 41 23 18 26 110.7 108.1 2.7 14.0 9.3 21.9 15.6 10.3 17.6 98.29
304 JaVale McGee 40 24 16 8 109.8 112.6 -2.8 8.2 13.0 25.9 19.5 17.5 21.9 103.80
304 Cam Reddish 40 22 18 22 110.7 111.4 -0.7 14.9 2.8 8.5 5.7 9.8 13.0 103.40
304 Julian Phillips 40 20 20 8 113.2 113.8 -0.6 12.0 3.8 8.7 6.1 9.2 12.6 99.51
304 Dalano Banton 40 22 18 14 106.9 114.6 -7.7 16.8 5.7 13.8 9.7 10.2 23.3 98.68
304 Chuma Okeke 40 19 21 10 102.7 107.4 -4.6 13.1 4.7 16.2 10.1 8.7 13.3 96.16
309 Jordan Nwora 39 13 26 12 108.6 116.0 -7.4 13.9 4.2 17.7 10.9 8.9 22.0 104.61
309 Cody Zeller 39 23 16 8 116.1 107.0 9.1 28.4 14.8 21.5 18.0 11.8 12.2 103.72
309 Bradley Beal 39 23 16 33 116.2 114.0 2.1 20.6 3.3 10.8 7.3 10.6 24.2 101.04
309 Jalen McDaniels 39 10 29 9 103.4 110.5 -7.1 11.9 3.4 13.4 8.3 11.4 18.8 100.91
309 Malcolm Brogdon 39 15 24 29 109.7 113.1 -3.4 26.1 2.7 12.3 7.4 7.3 23.2 100.57
309 Torrey Craig 39 16 23 21 108.6 118.0 -9.3 15.7 7.7 16.5 11.8 9.1 12.6 97.91
315 Anthony Gill 38 6 32 6 119.1 104.1 15.0 15.4 9.6 13.9 11.8 15.4 18.0 105.69
315 Cam Whitmore 38 16 22 18 107.8 111.1 -3.3 3.9 4.8 17.8 11.1 7.8 26.3 104.20
315 Desmond Bane 38 14 24 35 106.3 112.4 -6.1 18.8 2.9 11.7 7.2 9.4 28.4 102.30
315 Gordon Hayward 38 17 21 27 112.2 118.0 -5.9 23.9 3.5 13.1 8.2 9.8 18.7 101.18
315 Evan Mobley 38 24 14 31 109.8 107.0 2.8 17.3 8.7 25.6 17.5 10.9 20.5 100.77
315 Jericho Sims 38 24 14 14 107.6 111.2 -3.6 23.2 11.0 17.0 14.0 13.7 6.3 93.70
321 Johnny Davis 37 4 33 10 102.0 112.9 -10.8 12.3 3.9 10.8 7.0 5.8 13.2 106.25
321 Sandro Mamukelashvili 37 8 29 6 108.9 107.3 1.6 25.9 11.1 19.3 15.0 6.5 16.1 104.35
321 Jae Crowder 37 21 16 24 113.3 115.2 -1.9 18.3 2.4 13.5 7.8 5.7 11.2 102.31
321 Delon Wright 37 9 28 14 108.5 112.8 -4.3 35.6 3.0 10.4 6.6 4.3 13.3 102.07
321 Nassir Little 37 22 15 12 105.9 110.6 -4.7 12.7 3.6 14.1 9.0 8.7 13.1 101.11
321 Chimezie Metu 37 22 15 12 111.3 113.4 -2.1 9.7 7.0 21.7 14.8 13.9 17.5 100.21
321 Marcus Morris Sr. 37 22 15 17 111.7 113.3 -1.6 9.8 3.0 16.5 9.5 7.1 16.2 99.74
321 Tristan Thompson 37 24 13 13 117.8 112.4 5.3 22.6 15.9 19.4 17.7 13.8 13.3 98.62
321 Jacob Gilyard 37 10 27 18 104.4 117.8 -13.3 43.0 1.3 6.6 3.7 9.5 11.7 98.58
330 Eugene Omoruyi 36 4 32 8 97.3 114.3 -17.0 14.8 10.3 17.9 13.8 9.9 22.3 107.11
330 De'Anthony Melton 36 23 13 28 119.8 111.2 8.6 20.7 3.0 12.3 7.6 7.3 17.8 102.43
330 Omer Yurtseven 36 15 21 9 104.5 116.3 -11.8 10.6 13.9 28.7 20.9 17.3 16.7 101.03
330 Luke Kennard 36 13 23 25 106.3 115.5 -9.1 25.3 1.4 11.8 6.5 9.6 17.1 100.00
330 Tyler Herro 36 19 17 34 111.2 111.3 -0.2 17.2 1.6 15.8 8.6 8.4 27.5 99.92
330 Kobe Brown 36 25 11 8 112.5 119.1 -6.6 19.3 3.7 14.5 8.9 8.0 10.5 99.05
336 Furkan Korkmaz 35 22 13 9 116.3 111.4 4.9 20.9 1.4 9.8 5.5 8.3 13.1 103.77
336 Sasha Vezenkov 35 18 17 13 112.8 113.0 -0.2 7.6 7.5 14.7 11.0 5.6 17.5 103.01
336 Richaun Holmes 35 10 25 12 107.6 115.9 -8.3 12.7 11.2 20.9 15.7 10.2 14.2 102.49
336 Bismack Biyombo 35 17 18 21 108.4 112.8 -4.4 22.4 8.9 20.1 14.6 16.9 10.5 101.07
340 Joel Embiid 34 26 8 34 118.8 109.2 9.7 15.4 8.8 27.0 18.2 10.1 39.2 102.36
340 Danuel House Jr. 34 21 13 15 109.8 108.5 1.3 16.3 3.3 9.0 6.1 11.0 12.0 101.43
340 Yuta Watanabe 34 18 16 14 106.8 115.2 -8.5 9.5 2.7 9.8 6.4 12.1 13.3 100.06
340 GG Jackson 34 10 24 22 102.3 109.0 -6.7 6.6 5.4 12.1 8.7 8.6 24.0 99.86
344 Luka Samanic 33 13 20 7 108.9 109.7 -0.8 6.9 5.5 20.8 13.6 11.5 21.1 105.90
344 Olivier-Maxence Prosper 33 19 14 8 106.9 115.5 -8.7 16.8 6.4 18.2 11.8 4.4 14.9 102.30
344 Mason Plumlee 33 20 13 15 119.2 114.9 4.3 19.4 10.4 28.0 19.8 11.7 14.5 100.78
344 Skylar Mays 33 11 22 13 102.7 116.9 -14.2 31.3 2.5 9.9 5.8 7.2 18.5 99.32
348 A.J. Lawson 32 19 13 8 114.7 109.0 5.7 11.2 4.7 9.7 7.0 8.0 18.3 105.57
348 Shaedon Sharpe 32 8 24 33 103.6 114.0 -10.3 14.4 4.2 13.5 8.5 11.0 22.4 101.61
348 Alex Len 32 16 16 9 118.4 101.3 17.1 23.0 13.2 20.3 16.6 16.2 13.6 101.34
348 Nikola Jovic 32 15 17 18 114.7 106.7 8.1 22.6 3.8 21.4 12.8 11.7 16.2 99.59
352 Gary Payton II 31 18 13 15 113.6 107.7 5.8 17.0 8.2 12.0 10.0 9.0 13.4 105.18
352 Kevin Knox II 31 4 27 18 109.1 115.8 -6.7 9.6 3.4 12.6 7.6 9.1 16.2 103.92
352 Maxi Kleber 31 17 14 21 116.0 114.7 1.4 24.9 3.3 15.1 9.4 10.2 10.0 101.73
352 Lamar Stevens 31 19 12 12 101.9 101.6 0.3 7.5 7.3 16.4 12.0 10.7 22.7 98.95
352 Damian Jones 31 21 10 7 98.8 112.2 -13.4 15.3 8.9 20.0 14.4 13.1 15.4 94.77
357 Lester Quinones 30 17 13 12 109.9 110.1 -0.3 17.0 5.8 14.2 10.0 9.1 16.6 101.08
357 Bol Bol 30 19 11 11 109.2 107.6 1.5 7.6 9.3 21.4 15.8 8.3 17.0 100.90
357 Ousmane Dieng 30 18 12 11 110.0 107.9 2.1 20.7 3.2 12.6 7.9 10.1 16.3 100.54
357 Markelle Fultz 30 18 12 22 107.9 107.0 1.0 24.1 7.0 11.3 9.1 9.7 18.8 99.83
357 Davis Bertans 30 17 13 13 107.5 108.3 -0.8 13.9 1.9 9.7 5.7 3.8 17.4 99.80
357 Bruno Fernando 30 14 16 13 108.9 111.5 -2.6 12.3 11.1 24.4 17.9 15.2 16.8 98.98
357 Thomas Bryant 30 17 13 11 109.5 114.9 -5.3 12.3 9.9 24.0 16.8 10.8 17.3 98.56
364 Jarred Vanderbilt 29 14 15 20 113.6 109.0 4.7 18.6 8.3 18.8 13.7 14.4 11.5 104.08
364 Jeremiah Robinson-Earl 29 16 13 10 107.7 110.1 -2.4 16.4 7.7 15.9 11.9 10.4 14.1 101.13
364 Dominick Barlow 29 5 24 13 114.1 117.2 -3.2 19.4 11.5 19.0 15.0 4.4 14.5 101.02
364 Reggie Bullock Jr. 29 15 14 9 107.0 111.6 -4.6 14.2 1.2 16.1 8.7 10.3 10.5 100.68
364 Robert Covington 29 20 9 17 114.7 103.5 11.1 16.6 7.3 14.3 11.0 7.6 10.7 99.29
364 Bones Hyland 29 16 13 15 109.0 112.4 -3.4 23.1 1.1 7.8 4.4 12.4 24.0 99.10
364 Jalen Wilson 29 8 21 14 112.2 118.5 -6.3 19.5 8.4 13.7 10.8 6.7 13.7 97.96
364 DeAndre Jordan 29 19 10 11 105.8 115.2 -9.4 14.6 15.5 27.4 21.4 13.9 15.4 97.89
364 Trent Forrest 29 14 15 11 106.5 115.8 -9.3 41.9 2.1 11.5 6.5 8.4 12.1 97.73
373 Thanasis Antetokounmpo 28 18 10 5 104.0 112.6 -8.6 25.1 6.2 4.1 5.0 23.1 13.4 99.39
373 Cody Martin 28 7 21 27 105.6 115.5 -9.9 27.5 2.7 13.8 8.0 11.7 16.1 99.09
373 Orlando Robinson 28 15 13 10 113.4 110.4 3.0 23.5 10.7 23.1 17.1 13.8 15.1 98.66
373 Svi Mykhailiuk 28 22 6 8 113.2 105.7 7.5 14.9 3.7 9.6 6.8 7.4 16.9 98.41
373 Lindy Waters III 28 19 9 7 106.0 109.9 -3.9 18.8 1.1 14.5 7.8 7.5 15.6 98.17
378 Wesley Matthews 27 7 20 11 107.4 113.3 -5.9 16.0 1.3 12.0 6.4 6.4 11.4 103.78
378 Terry Taylor 27 11 16 6 111.2 107.3 3.9 16.6 9.4 12.0 10.7 12.9 11.5 98.19
378 Tre Mann 27 17 10 21 103.0 108.2 -5.2 27.1 2.9 16.8 10.0 9.9 18.6 97.66
381 Jarace Walker 26 12 14 10 118.1 115.4 2.7 20.1 4.6 17.7 10.9 9.4 17.1 104.33
381 Jared Butler 26 2 24 10 109.0 115.2 -6.2 32.8 1.3 8.7 4.9 12.9 19.8 102.97
381 Cory Joseph 26 10 16 11 115.4 117.2 -1.8 34.7 2.1 9.4 5.6 9.9 11.2 101.66
381 Thaddeus Young 26 6 20 15 116.7 119.2 -2.5 31.3 11.1 15.0 13.1 7.4 12.8 99.20
385 Patrick Baldwin Jr. 25 3 22 9 102.9 102.1 0.8 14.2 3.7 23.5 13.3 9.5 15.9 105.56
385 Taylor Hendricks 25 11 14 18 110.2 114.6 -4.5 8.0 7.1 18.6 13.0 10.3 14.7 103.63
385 Nathan Mensah 25 3 22 12 94.2 115.9 -21.8 16.0 9.8 14.5 11.9 24.9 6.8 99.52
385 Zach LaVine 25 10 15 35 109.0 113.8 -4.8 17.2 1.0 15.3 8.1 9.1 24.4 98.94
385 Neemias Queta 25 21 4 12 128.1 111.5 16.7 10.6 16.9 21.1 19.1 8.9 14.6 96.78
390 Josh Minott 24 18 6 3 105.3 104.1 1.2 10.2 4.5 17.9 10.6 5.1 21.3 107.09
390 Jontay Porter 24 6 18 14 107.4 115.2 -7.8 29.4 7.3 18.8 12.8 10.2 15.9 103.26
390 Derrick Rose 24 6 18 17 103.6 106.3 -2.7 27.3 1.9 10.3 6.0 10.8 22.7 102.30
390 Patty Mills 24 11 13 11 107.8 112.8 -5.0 17.9 1.7 9.6 5.3 10.8 14.1 101.41
390 Rayan Rupert 24 5 19 9 102.8 113.0 -10.2 20.1 5.9 13.8 9.4 12.5 15.5 101.03
390 Maxwell Lewis 24 11 13 3 78.5 111.9 -33.4 13.6 1.4 2.5 2.0 31.8 10.9 100.74
390 Justin Minaya 24 2 22 8 98.3 108.7 -10.3 16.5 6.3 9.0 7.5 11.0 10.0 97.33
397 Isaiah Livers 23 1 22 20 106.1 124.1 -17.9 15.2 3.4 8.4 5.8 9.7 12.6 104.09
397 Jake LaRavia 23 4 19 18 97.9 108.1 -10.2 11.1 7.7 12.0 9.7 8.0 20.5 100.41
397 Brandon Boston Jr. 23 13 10 7 104.8 122.0 -17.2 5.9 5.9 8.4 7.1 6.9 24.2 98.75
400 Stanley Umude 22 4 18 11 107.8 110.6 -2.8 9.6 3.4 15.9 10.1 11.5 16.2 103.95
400 Ricky Council IV 22 8 14 9 106.7 114.2 -7.5 5.7 6.3 15.1 10.5 3.3 23.8 103.86
400 LaMelo Ball 22 7 15 32 111.3 119.5 -8.1 24.2 4.2 14.0 8.8 11.4 32.4 103.56
400 Tari Eason 22 12 10 22 111.8 101.6 10.2 10.8 10.4 23.2 16.9 8.0 19.4 102.54
400 Leaky Black 22 1 21 10 104.6 115.7 -11.1 26.4 3.9 15.4 9.5 7.3 10.1 98.37
405 Jalen Hood-Schifino 21 10 11 5 91.4 114.9 -23.5 11.3 2.0 10.7 6.3 12.7 25.1 100.76
405 Saben Lee 21 12 9 9 109.8 102.9 6.9 27.7 6.0 12.9 9.7 7.4 19.5 99.33
405 P.J. Tucker 21 7 14 16 108.9 109.6 -0.8 18.8 7.5 12.1 9.8 13.1 5.6 98.45
405 Mitchell Robinson 21 12 9 29 114.5 114.1 0.4 10.0 19.5 19.6 19.6 13.9 9.4 97.95
405 Jalen Pickett 21 15 6 5 105.5 111.5 -6.0 27.4 1.1 9.8 5.8 14.6 17.2 94.36
410 Marcus Smart 20 7 13 30 106.8 106.6 0.2 21.0 1.1 8.3 4.7 15.1 22.8 104.71
410 Matt Ryan 20 11 9 18 110.1 107.6 2.5 11.1 1.8 9.5 5.7 12.5 15.0 103.92
410 Markieff Morris 20 11 9 8 104.9 116.5 -11.6 14.7 2.6 16.9 9.7 13.4 16.2 102.87
410 Harry Giles III 20 8 12 4 112.8 124.5 -11.7 9.4 12.9 18.8 15.6 9.4 25.3 102.37
410 Ryan Arcidiacono 20 15 5 2 88.2 84.3 3.9 33.3 0.0 14.5 8.5 16.7 8.3 94.91
415 Charles Bassey 19 3 16 11 105.9 117.1 -11.2 26.7 11.8 30.6 20.7 19.1 11.5 105.11
415 Kira Lewis Jr. 19 10 9 8 100.7 103.6 -2.9 23.9 3.2 6.1 4.7 9.1 18.7 101.77
415 Ibou Badji 19 5 14 11 93.9 112.5 -18.5 25.8 10.1 17.3 13.5 27.8 7.9 101.47
415 Mark Williams 19 7 12 27 114.7 114.0 0.7 10.1 15.5 23.5 19.4 7.8 16.3 101.25
415 Collin Gillespie 19 12 7 9 113.2 113.0 0.2 21.5 0.7 7.5 4.1 13.4 16.1 98.49
415 Colby Jones 19 9 10 7 110.5 109.8 0.8 16.6 7.8 14.4 10.9 7.6 18.7 95.93
421 AJ Griffin 18 8 10 7 111.5 120.0 -8.6 7.2 1.7 11.2 6.2 10.7 16.5 106.71
421 Evan Fournier 18 6 12 16 98.5 107.1 -8.5 14.2 1.1 11.8 6.3 7.4 20.1 104.15
421 Monte Morris 18 11 7 14 109.9 104.3 5.6 28.6 2.1 10.7 6.3 3.6 17.5 99.77
421 Admiral Schofield 18 11 7 3 99.4 93.1 6.3 17.9 3.6 16.4 10.0 14.3 17.6 97.83
425 Wendell Moore Jr. 17 13 4 3 95.7 115.4 -19.7 13.3 0.0 13.6 6.6 20.0 10.5 110.26
425 Kenneth Lofton Jr. 17 5 12 6 103.4 108.8 -5.4 19.6 1.8 17.8 9.0 11.2 22.1 104.91
425 Theo Maledon 17 5 12 13 108.7 121.7 -13.0 22.8 1.9 10.9 6.0 14.7 18.0 103.86
425 Gui Santos 17 11 6 9 111.5 107.7 3.9 17.3 10.7 19.2 15.1 11.0 14.3 102.63
425 Jerome Robinson 17 12 5 4 113.1 96.5 16.6 14.1 1.5 6.6 4.0 2.8 19.1 102.17
425 Brice Sensabaugh 17 6 11 15 112.9 122.2 -9.3 14.1 3.2 15.3 9.2 15.7 18.6 101.85
425 Jamal Cain 17 8 9 13 105.1 109.9 -4.8 4.5 6.3 10.1 8.1 5.7 16.2 99.12
425 Braxton Key 17 12 5 3 101.8 108.2 -6.4 28.9 6.5 22.4 14.7 3.6 16.6 98.39
433 Luka Garza 16 12 4 4 105.5 109.0 -3.5 5.8 13.0 14.3 13.6 5.8 30.3 108.29
433 Garrett Temple 16 4 12 4 104.4 115.7 -11.3 17.3 7.2 9.7 8.4 14.4 16.8 102.69
433 Joe Harris 16 4 12 11 107.4 120.8 -13.4 18.6 2.0 6.6 4.3 7.4 10.9 102.24
433 Robin Lopez 16 10 6 4 101.8 114.0 -12.2 15.5 4.8 3.8 4.3 7.7 14.8 101.95
433 Taj Gibson 16 7 9 10 104.6 111.4 -6.9 23.8 6.9 12.5 9.7 13.2 7.9 99.70
433 Chris Livingston 16 10 6 4 117.9 120.5 -2.6 19.3 3.9 22.0 13.6 15.5 14.1 99.45
439 Otto Porter Jr. 15 6 9 12 110.3 109.2 1.2 18.1 3.8 14.6 9.2 4.5 8.6 103.25
439 Ben Simmons 15 7 8 24 109.9 112.5 -2.6 44.4 8.7 26.8 17.3 13.9 12.8 102.32
439 Aleksej Pokusevski 15 10 5 10 106.3 116.1 -9.8 22.2 5.5 14.7 10.1 10.3 16.7 98.30
439 Trey Jemison 15 3 12 19 103.7 111.6 -7.8 10.1 12.6 13.6 13.1 17.5 14.7 98.25
443 Devonte' Graham 14 4 10 8 117.6 100.3 17.3 31.4 1.7 16.8 8.5 5.0 15.1 104.89
443 Udoka Azubuike 14 10 4 8 111.8 119.3 -7.6 8.9 11.2 22.8 16.8 11.8 12.3 103.19
443 Nate Williams 14 6 8 6 116.4 107.8 8.6 14.0 10.5 4.7 7.6 4.7 17.8 103.08
443 Jett Howard 14 7 7 4 100.3 103.3 -2.9 10.1 2.3 7.8 5.3 6.7 22.2 102.07
443 Moses Brown 14 4 10 8 100.7 120.0 -19.3 8.5 20.8 32.7 26.6 12.7 15.4 99.15
443 Jay Huff 14 11 3 3 90.5 111.3 -20.8 6.7 3.2 27.3 15.6 6.7 18.0 98.82
443 Olivier Sarr 14 7 7 7 112.7 107.3 5.3 6.5 13.2 25.8 20.2 9.8 13.3 97.61
443 James Bouknight 14 0 14 6 107.3 119.5 -12.2 12.0 1.4 13.1 6.7 4.0 24.5 96.69
451 Trevelin Queen 13 5 8 13 111.4 106.5 4.9 26.4 2.3 11.2 7.0 10.3 14.5 97.70
451 Ashton Hagans 13 2 11 17 104.8 109.2 -4.4 32.5 4.2 13.2 8.5 19.5 14.4 96.23
451 DaQuan Jeffries 13 8 5 3 89.0 102.6 -13.5 11.2 0.0 13.2 6.8 5.6 22.2 95.85
454 Terquavion Smith 12 4 8 6 117.8 118.1 -0.3 18.1 0.0 3.4 1.6 7.2 24.8 113.47
454 Daishen Nix 12 9 3 3 123.9 101.3 22.6 7.8 0.0 3.3 1.4 7.8 25.1 104.62
454 Brandon Williams 12 7 5 5 97.3 114.2 -16.9 28.7 4.5 7.0 5.6 7.2 21.4 103.15
454 Dylan Windler 12 6 6 3 114.6 107.2 7.4 38.9 0.0 11.9 6.7 0.0 12.8 101.36
454 Onuralp Bitim 12 6 6 15 112.4 111.3 1.1 14.1 3.2 11.7 7.5 7.8 13.6 98.53
459 Jules Bernard 11 1 10 6 99.9 104.1 -4.2 16.4 6.6 7.9 7.2 9.4 20.2 105.75
459 Nate Hinton 11 6 5 5 118.8 109.1 9.7 19.9 5.6 14.3 10.3 6.6 17.1 103.16
459 Jermaine Samuels Jr. 11 6 5 5 109.2 122.8 -13.6 14.4 4.3 20.5 12.2 0.0 9.6 100.37
459 Juan Toscano-Anderson 11 7 4 5 102.2 104.5 -2.4 22.2 7.5 18.2 13.0 11.1 11.2 100.06
459 Cole Swider 11 4 7 5 98.0 104.4 -6.4 11.1 1.9 5.8 3.8 16.7 24.5 98.88
459 Emoni Bates 11 6 5 8 93.2 123.8 -30.6 14.4 1.3 13.5 7.1 4.8 18.5 97.90
459 Hunter Tyson 11 8 3 3 107.3 107.9 -0.7 7.1 3.8 30.8 17.3 14.3 19.1 97.33
459 Moussa Diabate 11 7 4 6 122.7 115.1 7.6 12.8 25.9 15.8 20.9 6.4 17.8 96.93
467 Ryan Rollins 10 1 9 7 118.0 81.4 36.6 21.8 3.6 13.6 9.1 13.9 23.9 110.58
467 Boban Marjanovic 10 6 4 5 98.5 121.7 -23.2 13.1 13.0 35.6 24.2 6.5 22.1 102.73
467 Noah Clowney 10 4 6 9 108.8 128.8 -20.0 23.1 7.5 16.1 11.3 14.4 13.5 99.64
467 Armoni Brooks 10 3 7 10 125.8 115.2 10.6 9.1 6.8 10.6 8.7 5.5 19.5 98.77
471 Leonard Miller 9 8 1 3 92.3 104.9 -12.6 29.4 7.1 43.5 23.5 5.9 17.1 106.28
471 Kobe Bufkin 9 6 3 10 106.1 101.9 4.2 25.5 2.6 14.3 8.6 8.5 21.3 103.43
471 Jaylen Nowell 9 3 6 17 107.2 107.3 -0.1 20.7 2.1 8.0 4.9 6.5 16.7 102.33
471 Ish Wainright 9 1 8 7 85.2 89.4 -4.2 3.6 4.3 20.8 11.5 7.2 18.8 102.23
471 Ja Morant 9 6 3 35 109.9 109.7 0.2 24.5 2.1 15.3 8.8 9.1 30.5 102.22
471 Dru Smith 9 7 2 15 98.0 110.4 -12.4 26.5 4.5 6.6 5.5 9.5 13.0 100.35
471 Keyontae Johnson 9 7 2 7 100.2 108.2 -8.0 16.7 7.0 10.5 8.8 16.7 13.1 99.19
471 Scotty Pippen Jr. 9 1 8 23 104.8 108.5 -3.8 32.6 4.5 11.8 8.0 12.8 20.1 98.57
471 Seth Lundy 9 2 7 6 110.0 116.8 -6.8 0.0 2.4 13.0 8.0 5.1 17.9 98.04
471 Kendall Brown 9 5 4 4 91.8 97.0 -5.2 22.0 6.1 0.0 3.3 7.3 13.4 96.79
471 Jacob Toppin 9 2 7 4 95.9 128.3 -32.4 21.6 8.8 17.4 12.3 7.2 13.2 92.67
482 Oscar Tshiebwe 8 2 6 5 115.0 102.9 12.1 7.8 17.8 25.8 21.1 0.0 20.7 106.04
482 Jordan Miller 8 5 3 4 102.0 116.8 -14.9 0.0 11.5 6.7 8.9 9.2 16.3 103.28
482 E.J. Liddell 8 3 5 3 105.6 112.8 -7.2 10.1 0.0 23.8 11.9 20.2 16.4 102.81
482 Javon Freeman-Liberty 8 1 7 9 109.9 117.5 -7.6 20.6 2.7 14.3 8.3 8.8 15.3 101.69
482 R.J. Hampton 8 3 5 10 114.9 107.2 7.7 30.9 3.1 5.1 4.2 11.6 10.1 100.29
482 Johnny Juzang 8 3 5 13 111.7 109.1 2.6 9.3 2.1 12.8 7.4 7.0 16.7 98.76
482 Matt Hurt 8 2 6 14 97.7 105.6 -7.9 9.7 8.2 6.9 7.5 4.8 13.8 98.45
482 Charlie Brown Jr. 8 2 6 5 102.9 112.5 -9.5 0.0 2.6 3.2 2.9 16.7 14.3 94.47
490 D'Moi Hodge 7 1 6 6 91.0 133.5 -42.5 22.9 0.0 0.0 0.0 4.6 18.4 97.02
490 Tosan Evbuomwan 7 0 7 13 101.0 117.2 -16.3 24.0 8.7 10.7 9.6 4.0 9.3 96.31
490 Colin Castleton 7 3 4 5 98.4 129.3 -30.8 19.0 13.3 16.7 15.0 6.3 16.3 95.60
490 Vit Krejci 7 3 4 19 116.3 118.5 -2.1 39.3 1.4 4.7 2.8 5.2 7.4 94.86
494 Greg Brown III 6 3 3 7 105.2 109.9 -4.8 17.4 6.7 13.3 10.0 17.4 18.4 111.67
494 Sidy Cissoko 6 1 5 5 106.6 86.4 20.2 0.0 0.0 18.2 8.8 11.4 10.7 108.23
494 Dereon Seabron 6 3 3 9 116.3 92.8 23.5 24.2 2.3 9.4 6.5 0.0 12.1 104.20
494 Justin Champagnie 6 0 6 13 100.0 121.1 -21.2 11.7 4.9 18.8 11.0 14.0 19.8 102.78
494 Jared Rhoden 6 1 5 7 131.1 114.5 16.7 21.2 4.2 11.4 8.5 15.9 15.6 102.18
494 James Johnson 6 2 4 5 128.9 113.9 15.0 40.3 3.4 15.0 8.2 13.4 11.6 102.03
494 Robert Williams III 6 2 4 20 102.2 113.3 -11.1 11.9 8.9 26.5 16.8 16.7 13.0 101.62
494 Jamaree Bouyea 6 0 6 10 80.1 102.7 -22.6 21.6 3.1 17.8 9.2 21.6 20.7 100.32
494 Jalen Slawson 6 4 2 3 90.1 118.2 -28.1 28.6 0.0 27.8 14.3 28.6 11.4 97.42
494 Isaiah Mobley 6 1 5 9 111.9 118.5 -6.6 30.0 0.0 16.2 7.5 5.0 13.2 92.97
494 Jordan Ford 6 2 4 4 139.7 108.3 31.4 18.4 0.0 10.5 5.4 9.2 19.5 90.38
505 T.J. Warren 5 3 2 16 114.2 97.6 16.5 14.7 3.7 12.2 7.7 8.8 14.6 104.67
505 TyTy Washington Jr. 5 3 2 4 78.3 92.9 -14.5 10.0 0.0 5.6 2.5 20.0 18.8 102.06
505 Frank Ntilikina 5 0 5 9 116.5 121.7 -5.2 26.9 2.3 12.5 7.1 6.7 10.9 101.95
505 Gabe Vincent 5 2 3 26 100.8 103.4 -2.6 30.1 1.7 2.6 2.1 4.0 11.8 101.85
505 Wenyen Gabriel 5 1 4 16 84.6 95.5 -10.8 8.5 8.8 25.4 16.6 22.7 16.7 101.36
505 Xavier Moon 5 3 2 4 84.4 120.3 -35.9 33.7 5.9 10.5 8.3 16.8 17.3 99.08
505 JD Davison 5 5 0 2 108.7 76.4 32.3 0.0 12.5 16.7 15.0 0.0 15.5 97.96
505 Micah Potter 5 2 3 9 112.3 115.6 -3.3 8.8 4.7 20.0 12.5 0.0 10.2 93.63
513 Dexter Dennis 4 1 3 8 89.9 102.5 -12.7 14.6 2.6 23.5 12.3 11.0 29.8 116.10
513 Marques Bolden 4 2 2 4 131.6 99.8 31.8 0.0 0.0 16.7 10.3 50.0 5.8 107.07
513 D.J. Carton 4 2 2 9 86.8 122.9 -36.1 21.1 5.7 4.8 5.2 7.0 13.7 104.66
513 Adama Sanogo 4 1 3 3 95.0 7.7 87.3 0.0 23.1 40.0 30.4 15.8 21.6 102.58
513 Amari Bailey 4 0 4 4 118.9 105.7 13.2 10.1 13.3 0.0 6.7 10.1 23.6 102.37
513 Jahmi'us Ramsey 4 0 4 15 102.1 101.5 0.6 13.1 6.2 17.2 11.6 9.8 18.6 102.28
513 DeJon Jarreau 4 1 3 18 101.1 105.3 -4.2 33.5 1.5 36.5 18.3 13.4 17.5 100.15
513 Alex Fudge 4 1 3 4 66.1 137.6 -71.5 0.0 16.7 0.0 8.0 12.7 23.7 98.48
513 Keon Johnson 4 0 4 13 123.3 143.9 -20.5 9.9 6.1 6.3 6.2 13.2 22.5 97.41
513 Jeff Dowtin Jr. 4 0 4 14 112.8 103.6 9.3 36.4 0.0 6.6 3.5 13.6 11.0 94.43
513 Jordan Walsh 4 4 0 8 122.4 84.3 38.1 22.2 6.7 22.0 15.5 22.2 9.1 93.50
524 Taze Moore 3 1 2 3 130.4 106.8 23.6 14.3 0.0 0.0 0.0 14.3 20.6 125.48
524 Usman Garuba 3 2 1 3 97.7 128.8 -31.1 50.0 10.0 0.0 6.7 0.0 4.9 106.09
524 Shaquille Harrison 3 1 2 2 50.0 128.8 -78.8 0.0 0.0 50.0 20.0 0.0 16.7 101.36
524 Jason Preston 3 1 2 9 119.9 101.1 18.8 46.7 13.6 15.4 14.6 13.3 13.5 99.23
524 Filip Petrusev 3 2 1 3 114.6 89.5 25.1 0.0 0.0 8.3 5.9 0.0 15.0 95.59
524 Lindell Wigginton 3 3 0 3 79.3 128.7 -49.4 0.0 0.0 0.0 0.0 14.5 49.6 94.99
524 Mamadi Diakite 3 2 1 5 106.6 87.3 19.3 20.7 5.9 11.8 8.8 0.0 22.5 94.86
524 Darius Bazley 3 0 3 3 128.6 137.6 -9.0 50.0 0.0 20.0 10.0 25.0 10.6 86.65
524 Pete Nance 3 1 2 3 75.8 58.9 16.8 0.0 0.0 20.0 10.0 0.0 16.8 76.89
533 Joshua Primo 2 2 0 5 96.7 89.3 7.4 0.0 12.5 0.0 5.3 57.1 28.3 113.42
533 Mouhamadou Gueye 2 0 2 5 104.0 84.6 19.4 0.0 23.1 13.3 17.9 0.0 15.3 108.66
533 Mouhamed Gueye 2 2 0 2 10.1 141.7 -131.6 0.0 0.0 0.0 0.0 0.0 9.2 108.19
533 Dariq Whitehead 2 1 1 12 108.6 161.5 -52.9 33.8 0.0 19.0 8.7 0.0 9.3 107.63
533 Danny Green 2 1 1 9 110.8 118.0 -7.1 33.3 0.0 11.8 6.9 0.0 4.4 106.98
533 Kevon Harris 2 1 1 3 156.7 142.0 14.7 20.0 0.0 28.6 22.2 20.0 31.3 106.47
533 Alondes Williams 2 2 0 5 57.8 96.9 -39.1 0.0 0.0 11.1 5.6 25.0 18.4 105.74
533 Hamidou Diallo 2 1 1 2 78.7 57.1 21.6 25.0 20.0 0.0 13.3 25.0 19.4 102.06
533 Ty Jerome 2 1 1 7 107.5 152.5 -45.0 37.5 7.1 0.0 4.2 12.5 15.3 97.06
533 Dmytro Skapintsev 2 0 2 1 75.0 87.2 -12.2 0.0 0.0 0.0 0.0 0.0 25.0 83.70
533 Pat Spencer 2 0 2 2 33.3 123.0 -89.6 100.0 0.0 0.0 0.0 0.0 0.0 77.95
533 Andrew Funk 2 1 1 1 200.0 0.0 200.0 0.0 0.0 0.0 0.0 0.0 16.7 75.29
533 Justin Jackson 2 2 0 0 0.0 0.0 0.0 0.0 0.0 0.0 0.0 0.0 0.0 68.57
546 Ron Harper Jr. 1 1 0 4 100.0 155.1 -55.1 100.0 0.0 0.0 0.0 0.0 0.0 124.67
546 Izaiah Brockington 1 1 0 3 127.1 121.0 6.2 0.0 14.3 16.7 15.4 0.0 37.2 119.74
546 Quenton Jackson 1 1 0 2 0.0 123.0 -123.0 0.0 0.0 50.0 25.0 0.0 0.0 117.31
546 Adam Flagler 1 1 0 6 105.5 100.0 5.5 25.0 0.0 0.0 0.0 0.0 22.5 110.49
546 Malcolm Cazalon 1 0 1 3 174.1 120.0 54.1 0.0 0.0 0.0 0.0 0.0 0.0 105.17
546 Kaiser Gates 1 0 1 7 80.2 94.5 -14.2 0.0 0.0 10.0 5.0 0.0 22.0 103.58
546 Mason Jones 1 0 1 13 99.3 63.0 36.3 50.8 7.1 23.1 14.8 0.0 12.0 100.06
546 Jalen Crutcher 1 1 0 3 120.0 91.9 28.1 0.0 0.0 0.0 0.0 0.0 20.0 94.55
546 Markquis Nowell 1 0 1 4 133.1 71.4 61.7 51.5 50.0 0.0 28.6 0.0 21.5 93.91
546 Drew Peterson 1 1 0 3 160.0 123.0 37.0 50.0 0.0 0.0 0.0 0.0 20.0 92.99
546 Henri Drell 1 0 1 3 180.0 102.0 78.0 50.0 50.0 0.0 33.3 0.0 33.3 90.56
546 Javonte Smart 1 1 0 1 0.0 300.0 -300.0 0.0 0.0 0.0 0.0 0.0 0.0 72.00