VS PLAYER TEAM GP W L MIN OPP
FGM OPP
FGA OPP
FG% OPP
3PM OPP
3PA OPP
3P% OPP
FTM OPP
FTA OPP
FT% OPP
OREB OPP
DREB OPP
REB OPP
AST OPP
TOV OPP
STL OPP
BLK OPP
BLKA OPP
PF OPP
PFD OPP
PTS +/-



















1 Braun, Christian DEN 68 47 21 48.8 40.2 90.4 44.5 12.0 32.4 36.9 19.4 24.9 77.8 12.6 32.5 45.1 24.4 12.2 6.6 6.3 6.7 18.5 20.9 111.8 1.9
1 Bridges, Mikal BKN 68 26 42 48.5 41.9 88.8 47.2 12.6 33.5 37.6 17.8 22.0 80.9 10.3 35.2 45.5 25.3 12.7 6.9 4.8 5.4 18.6 18.9 114.2 2.7
1 Drummond, Andre CHI 68 33 35 49.1 41.1 87.1 47.3 15.1 40.4 37.5 16.6 20.7 80.1 10.4 29.7 40.1 27.3 14.3 7.2 6.0 5.5 22.8 19.1 114.0 0.8
1 Jackson, Reggie DEN 68 47 21 48.1 40.2 87.6 45.9 11.7 31.3 37.4 18.6 24.2 76.7 11.2 32.0 43.2 25.3 11.8 7.0 4.5 5.3 18.3 20.0 110.7 -1.9
1 Portis, Bobby MIL 68 44 24 47.5 43.7 89.4 48.9 12.5 34.2 36.6 17.6 21.8 80.9 9.8 32.4 42.2 27.4 12.0 6.2 4.1 4.4 18.6 20.2 117.6 0.3
1 Reaves, Austin LAL 68 36 32 47.1 43.9 90.8 48.3 14.3 37.1 38.7 14.3 17.8 80.6 10.3 32.5 42.8 28.0 12.5 7.8 4.6 5.4 19.9 15.2 116.4 1.9
1 Sochan, Jeremy SAS 68 15 53 47.1 44.4 90.5 49.0 11.9 33.0 36.0 15.1 19.0 79.2 10.3 33.4 43.7 28.0 12.6 8.9 4.6 6.4 16.6 16.4 115.7 7.6
1 Toppin, Obi IND 68 38 30 45.5 43.7 85.9 50.9 9.7 27.0 36.0 20.1 25.2 79.7 9.8 30.3 40.1 23.2 13.4 6.8 5.2 5.9 18.3 21.2 117.3 -2.1
9 Alexander-Walker, Nickeil MIN 67 46 21 47.8 38.0 85.6 44.4 11.5 32.5 35.3 18.3 23.6 77.6 10.2 31.1 41.3 23.8 14.7 7.5 4.2 6.3 18.9 20.0 105.8 -6.4
9 Anthony, Cole ORL 67 40 27 49.1 40.1 84.9 47.3 11.6 33.5 34.5 18.5 24.3 76.2 10.0 30.4 40.4 23.8 14.8 7.8 4.9 5.6 21.9 22.0 110.3 -1.3
9 Green, Jalen HOU 67 32 35 47.8 41.2 87.7 47.0 12.7 35.5 35.7 17.8 23.9 74.6 10.3 34.3 44.6 25.5 12.5 7.0 6.0 4.0 19.4 19.8 112.9 0.2
9 Holmgren, Chet OKC 67 47 20 46.8 39.8 88.7 44.9 13.4 36.7 36.6 18.1 22.6 80.1 12.3 31.3 43.7 26.1 14.2 6.4 5.4 7.4 18.7 18.2 111.1 -7.6
9 Niang, Georges CLE 67 42 25 48.4 40.9 88.3 46.4 12.5 34.5 36.3 18.4 23.9 76.9 10.3 32.8 43.1 25.0 12.3 7.4 4.7 4.8 18.4 19.8 112.8 -1.5
9 Porter Jr., Michael DEN 67 47 20 48.8 41.6 88.4 47.0 11.1 31.3 35.6 16.6 21.3 78.1 10.2 31.7 41.9 26.6 12.1 7.1 4.7 4.9 18.6 17.1 111.0 -8.5
9 Pritchard, Payton BOS 67 53 14 49.6 41.8 91.5 45.7 12.4 35.6 34.8 14.3 18.7 76.5 11.1 31.4 42.4 24.8 11.8 5.8 4.0 6.5 17.5 17.6 110.2 -11.0
9 Reed, Paul PHI 67 37 30 49.4 42.1 85.9 49.0 12.1 33.6 36.1 19.0 24.3 78.1 11.0 33.7 44.7 26.9 16.0 6.3 6.9 5.8 17.8 21.8 115.3 -1.1
9 Reid, Naz MIN 67 46 21 47.8 37.6 86.3 43.6 11.1 32.8 33.9 17.7 22.6 78.3 10.7 31.5 42.2 23.4 14.9 7.0 5.0 6.9 19.2 19.4 104.1 -7.4
9 Sexton, Collin UTA 67 29 38 46.8 43.1 88.3 48.9 14.6 35.6 41.1 17.7 22.6 78.3 10.3 29.5 39.8 28.9 12.4 7.5 7.1 5.4 19.2 18.6 118.6 0.5
9 Valanciunas, Jonas NOP 67 41 26 48.5 41.9 89.3 47.0 14.8 39.6 37.4 14.9 19.3 77.3 9.5 31.0 40.5 28.8 12.7 6.5 5.3 5.5 18.7 18.5 113.6 -4.8
9 Wallace, Cason OKC 67 47 20 47.4 40.0 87.3 45.9 12.5 34.2 36.6 18.8 23.7 79.3 12.6 32.0 44.6 26.4 16.3 7.4 5.2 6.7 17.3 19.8 111.4 -3.2
21 Banchero, Paolo ORL 66 39 27 48.8 41.2 85.3 48.3 11.7 31.7 36.8 18.2 23.5 77.4 9.2 32.0 41.2 24.9 15.3 8.4 4.9 5.2 21.5 20.2 112.3 0.1
21 Barnes, Harrison SAC 66 38 28 47.3 43.2 86.2 50.1 13.3 33.1 40.3 17.4 21.5 81.2 8.2 34.6 42.8 28.7 13.4 7.2 4.5 3.1 17.5 18.7 117.1 2.7
21 DeRozan, DeMar CHI 66 32 34 48.9 41.5 87.2 47.6 14.7 40.0 36.7 17.0 21.8 78.2 9.8 34.0 43.8 28.2 13.7 6.4 4.8 4.9 19.6 18.6 114.7 1.8
21 DiVincenzo, Donte NYK 66 40 26 49.2 42.1 88.1 47.9 13.8 35.8 38.7 15.6 20.2 77.0 10.1 30.9 40.9 27.4 13.5 6.9 5.0 4.6 19.4 18.0 113.7 -2.7
21 Dosunmu, Ayo CHI 66 33 33 48.8 41.7 88.1 47.3 14.1 39.1 36.2 17.7 22.6 78.1 10.5 33.9 44.4 28.3 13.6 6.8 5.4 5.1 17.9 19.3 115.1 3.7
21 Giddey, Josh OKC 66 47 19 46.7 40.9 88.4 46.3 13.2 35.7 36.8 16.7 21.5 77.7 12.1 32.1 44.2 27.9 14.4 6.8 5.3 7.1 17.7 17.9 111.7 -7.3
21 Gilgeous-Alexander, Shai OKC 66 47 19 46.9 39.2 86.7 45.2 13.1 36.3 36.0 19.1 24.1 79.4 11.6 32.2 43.8 26.0 15.5 6.0 5.0 6.8 19.3 19.1 110.5 -11.2
21 Hart, Josh NYK 66 39 27 49.9 41.0 88.7 46.3 13.2 35.9 36.8 14.7 19.6 74.9 10.2 31.1 41.3 25.3 13.7 7.0 5.7 4.4 20.0 17.7 110.0 -5.1
21 Hauser, Sam BOS 66 53 13 48.7 40.5 91.9 44.0 11.6 35.5 32.7 15.1 19.3 78.0 11.7 32.4 44.1 24.3 11.2 6.0 4.1 6.8 16.8 17.3 107.6 -13.0
21 Jokic, Nikola DEN 66 46 20 48.8 42.0 89.1 47.1 11.0 31.6 34.9 15.7 19.9 78.8 9.9 31.2 41.0 27.0 12.5 7.4 4.3 4.8 18.6 16.3 110.7 -11.2
21 Jones, Tyus WAS 66 11 55 46.0 46.5 90.7 51.3 11.9 31.3 38.1 17.5 22.4 77.9 12.1 35.8 48.0 29.9 13.2 7.2 5.1 5.4 15.9 18.4 122.4 11.8
21 Kispert, Corey WAS 66 11 55 45.9 44.6 89.3 50.0 12.3 33.6 36.6 17.6 22.5 77.9 11.6 35.2 46.8 27.8 12.6 7.8 5.9 4.2 18.1 19.1 119.1 11.1
21 Poole, Jordan WAS 66 11 55 45.6 45.1 89.3 50.5 12.1 32.1 37.7 18.2 23.1 78.5 11.7 35.6 47.3 28.8 13.3 7.1 5.0 5.1 16.8 19.1 120.4 11.2
21 Sabonis, Domantas SAC 66 38 28 47.8 42.6 85.9 49.5 13.3 32.9 40.5 18.0 22.0 81.9 8.3 33.1 41.4 28.5 13.5 7.4 4.7 3.3 17.8 19.2 116.5 -0.4
21 Wagner, Moritz ORL 66 39 27 48.3 40.7 84.3 48.3 12.0 34.1 35.2 18.2 23.9 76.2 9.2 29.2 38.4 24.9 14.8 7.7 4.9 5.0 22.0 21.4 111.6 -1.6
21 Watson, Peyton DEN 66 46 20 48.9 40.3 90.9 44.3 11.1 31.5 35.1 21.1 26.9 78.3 13.2 32.1 45.3 24.1 11.8 7.2 5.4 7.1 17.9 21.5 112.8 2.3
21 White, Coby CHI 66 32 34 49.2 41.7 88.3 47.3 14.6 40.2 36.3 17.0 21.7 78.3 10.0 33.5 43.5 28.8 13.4 6.7 5.0 4.5 19.1 18.8 115.1 0.4
38 Beasley, Malik MIL 65 41 24 46.6 42.5 92.1 46.1 11.6 33.4 34.9 14.8 18.8 78.5 10.3 33.7 44.0 26.3 11.4 6.6 4.1 5.5 19.0 16.9 111.5 -7.9
38 Dort, Luguentz OKC 65 45 20 47.2 40.2 87.8 45.8 13.7 37.4 36.6 18.6 23.6 78.7 11.6 31.9 43.5 27.0 15.1 6.4 4.9 6.6 18.9 19.2 112.7 -7.7
38 Hardaway Jr., Tim DAL 65 38 27 46.8 43.1 89.0 48.4 13.1 35.9 36.6 16.8 22.1 75.9 11.6 33.5 45.1 27.2 13.1 6.8 3.8 4.0 21.8 18.4 116.1 -0.6
38 Kuminga, Jonathan GSW 65 34 31 46.8 40.8 88.0 46.4 11.9 35.0 33.9 18.2 23.1 78.9 10.7 32.0 42.8 25.8 13.3 7.6 5.1 4.2 17.8 19.5 111.7 -3.1
38 Kuzma, Kyle WAS 65 11 54 46.3 46.3 91.5 50.6 12.0 32.2 37.4 17.5 22.5 77.7 12.5 36.1 48.6 29.3 13.3 6.8 5.2 5.3 16.0 18.7 122.0 12.1
38 Lopez, Brook MIL 65 43 22 46.6 42.2 91.7 46.1 11.5 33.0 34.9 14.9 18.6 80.0 10.2 33.3 43.4 25.8 10.9 6.9 4.3 5.5 19.9 16.7 110.8 -7.4
38 Monk, Malik SAC 65 38 27 47.0 40.9 84.2 48.5 13.0 32.6 39.8 20.9 25.9 80.6 9.1 31.4 40.6 26.1 13.0 7.4 4.8 4.0 19.7 20.8 115.6 -0.5
38 Powell, Norman LAC 65 41 24 47.8 41.1 88.4 46.4 12.5 34.9 35.7 18.8 24.2 78.0 11.2 32.0 43.2 25.6 13.2 6.8 4.8 5.7 20.6 20.6 113.4 -4.5
38 Prince, Taurean LAL 65 34 31 47.0 44.3 91.4 48.4 14.3 36.9 38.8 14.6 18.2 80.2 11.1 33.8 44.8 28.7 12.4 6.9 5.1 5.4 19.3 15.6 117.5 3.8
47 Anderson, Kyle MIN 64 45 19 47.8 37.9 85.2 44.5 11.4 33.2 34.4 18.6 23.1 80.4 9.7 30.9 40.6 23.7 14.4 7.2 4.8 6.5 20.5 19.6 105.8 -4.1
47 Antetokounmpo, Giannis MIL 64 41 23 46.9 42.5 90.2 47.1 12.7 34.8 36.4 16.2 20.1 80.8 9.7 32.1 41.8 25.4 11.5 6.2 4.1 5.0 20.7 18.8 113.8 -6.6
47 Bogdanovic, Bogdan ATL 64 29 35 46.9 41.8 86.4 48.4 13.7 36.4 37.6 16.3 21.0 77.9 10.1 32.5 42.5 26.5 13.9 7.2 5.3 4.1 18.8 17.1 113.6 -3.9
47 Camara, Toumani POR 64 19 45 48.5 41.2 86.3 47.7 11.6 33.2 34.9 18.1 22.8 79.6 10.6 33.1 43.7 26.7 15.5 9.1 6.6 4.2 18.1 20.1 112.1 5.3
47 Carter, Jevon CHI 64 31 33 48.4 38.7 84.4 45.9 14.0 38.4 36.6 17.0 22.0 77.2 10.6 33.5 44.1 26.1 16.6 6.7 5.9 5.0 18.8 19.1 108.4 -0.9
47 Davis, Anthony LAL 64 35 29 47.1 43.6 91.3 47.7 14.5 36.6 39.5 13.9 17.2 80.7 10.3 32.6 42.9 28.0 12.9 7.7 4.7 5.8 19.3 14.7 115.6 -0.6
47 Edwards, Anthony MIN 64 44 20 48.7 39.2 88.2 44.5 11.1 32.7 33.9 17.7 22.4 79.1 10.4 30.2 40.5 24.4 13.8 7.6 4.7 6.3 19.5 19.0 107.2 -9.6
47 Holiday, Aaron HOU 64 31 33 46.9 37.9 83.6 45.3 11.2 33.4 33.6 20.0 27.1 73.8 10.3 33.4 43.7 22.5 14.1 7.2 5.8 4.4 19.9 21.8 107.0 -1.9
47 Murray, Dejounte ATL 64 28 36 47.1 44.3 88.9 49.8 13.7 34.9 39.2 17.0 21.3 79.7 10.9 32.7 43.5 27.8 13.6 7.9 5.9 4.5 19.2 18.2 119.3 2.4
47 Nurkic, Jusuf PHX 64 39 25 47.8 42.4 90.6 46.7 12.9 34.9 36.9 14.5 18.9 76.9 9.7 29.6 39.3 26.5 11.8 8.1 4.6 5.2 19.8 17.4 112.2 -8.7
47 Osman, Cedi SAS 64 14 50 45.8 43.6 86.6 50.4 13.3 33.6 39.5 19.2 24.6 77.8 10.6 34.4 45.0 26.5 12.7 8.0 4.5 5.4 18.0 19.3 119.6 13.2
47 Tatum, Jayson BOS 64 51 13 48.3 41.6 92.4 45.1 13.0 36.9 35.1 13.4 17.4 76.8 11.1 32.5 43.6 24.6 12.0 6.2 3.2 6.4 17.8 16.1 109.6 -12.7
47 Turner, Myles IND 64 36 28 46.7 44.1 88.5 49.8 10.4 28.0 37.3 17.6 22.8 77.3 9.8 32.8 42.6 24.8 12.3 5.8 5.1 6.1 17.7 19.1 116.3 -4.2
47 Wiggins, Aaron OKC 64 46 18 48.2 41.2 91.0 45.3 13.7 37.7 36.5 16.5 21.8 75.5 12.7 32.0 44.7 26.9 15.4 7.2 5.5 6.6 18.4 17.9 112.6 -2.0
61 Avdija, Deni WAS 63 11 52 45.6 44.4 89.4 49.7 11.8 32.3 36.6 17.1 22.0 77.8 11.5 34.5 46.0 28.2 13.3 7.6 5.4 4.6 17.3 18.9 117.8 8.0
61 Bey, Saddiq ATL 63 28 35 47.0 44.2 89.1 49.7 13.4 34.5 38.8 17.2 21.6 79.7 10.8 31.1 42.0 27.9 12.9 7.8 5.8 4.4 19.6 18.2 119.1 0.4
61 Branham, Malaki SAS 63 13 50 46.4 45.1 89.2 50.5 13.2 33.1 39.8 16.0 20.0 80.1 10.3 34.0 44.4 27.8 13.3 9.1 4.8 5.7 16.9 16.4 119.3 12.8
61 Coulibaly, Bilal WAS 63 11 52 46.5 45.0 89.0 50.5 11.1 31.1 35.7 17.7 22.9 77.2 11.8 35.5 47.4 27.7 14.3 8.0 5.4 5.1 17.9 19.4 118.8 11.4
61 Gobert, Rudy MIN 63 44 19 49.5 39.4 89.7 43.9 11.9 33.6 35.6 15.5 19.6 79.1 10.7 29.4 40.1 25.1 13.7 8.0 5.0 6.1 21.1 18.7 106.3 -8.8
61 Green, Jeff HOU 63 30 33 47.5 40.2 86.6 46.5 11.6 34.9 33.2 20.0 26.4 75.8 10.8 33.4 44.2 23.2 13.6 7.0 5.4 5.3 21.2 21.8 112.0 4.4
61 Huerter, Kevin SAC 63 36 27 47.5 42.6 86.3 49.3 12.5 32.2 38.9 17.6 21.2 82.9 8.4 33.6 42.0 28.4 13.4 6.7 3.9 3.8 17.2 19.3 115.3 -2.3
61 Ivey, Jaden DET 63 12 51 47.0 43.0 87.5 49.2 11.8 31.3 37.8 20.3 24.6 82.3 8.8 31.2 40.0 26.4 10.9 8.5 6.1 4.8 18.4 21.3 118.2 6.0
61 Joe, Isaiah OKC 63 44 19 45.8 36.6 81.2 45.0 12.8 35.0 36.6 19.9 25.1 79.5 11.4 31.5 42.8 24.1 16.4 6.1 4.4 5.5 21.3 19.8 106.0 -11.8
61 Johnson, Keldon SAS 63 15 48 46.3 43.4 88.2 49.2 12.6 33.3 37.9 17.6 22.8 77.3 10.3 34.0 44.3 26.3 12.8 7.9 4.7 5.5 17.4 18.5 117.0 8.4
61 Jones Jr., Derrick DAL 63 36 27 47.0 42.7 89.7 47.6 12.6 35.2 35.7 16.9 21.4 79.0 11.3 33.4 44.7 28.1 13.1 7.6 3.6 5.1 19.2 18.1 114.9 0.3
61 Jones, Tre SAS 63 14 49 46.5 42.5 88.8 47.9 11.9 32.7 36.5 15.7 19.9 79.0 10.9 32.2 43.2 26.4 13.2 8.3 4.4 6.5 18.6 16.5 112.7 1.2
61 Lillard, Damian MIL 63 44 19 46.7 42.8 91.4 46.8 11.6 33.2 34.8 15.2 19.1 79.8 9.9 33.0 42.8 26.3 11.6 6.6 4.2 5.1 20.2 17.5 112.4 -8.0
61 Russell, D'Angelo LAL 63 36 27 46.6 43.5 91.2 47.7 13.1 34.8 37.7 13.9 17.1 81.2 11.0 32.5 43.5 27.6 12.7 7.2 4.7 5.8 18.3 15.3 114.1 -1.9
61 Sengun, Alperen HOU 63 29 34 48.3 41.3 88.1 46.8 12.9 35.8 36.1 17.3 23.3 74.3 10.6 34.4 45.0 25.4 13.0 7.2 5.9 3.9 19.4 19.4 112.8 -1.2
61 Thompson, Ausar DET 63 10 53 47.5 41.2 86.9 47.4 11.8 32.2 36.8 20.3 25.2 80.8 9.2 32.3 41.4 26.5 13.1 9.0 5.5 5.3 17.9 21.3 114.7 6.9
61 Thompson, Klay GSW 63 32 31 47.0 43.2 89.3 48.4 13.1 35.9 36.6 17.6 21.9 80.5 10.6 32.3 42.9 27.2 12.0 7.3 4.9 3.9 17.9 19.0 117.2 2.1
61 Thybulle, Matisse POR 63 18 45 48.3 42.7 86.3 49.5 11.8 32.3 36.4 18.2 23.2 78.2 10.9 32.9 43.8 27.4 16.0 8.7 6.5 4.9 18.4 20.5 115.3 7.3
61 Vucevic, Nikola CHI 63 31 32 49.2 41.7 87.9 47.4 14.8 40.1 36.8 17.1 22.1 77.5 9.7 35.4 45.1 28.7 13.5 6.6 4.7 4.6 17.4 18.8 115.3 2.8
80 Allen, Grayson PHX 62 36 26 47.9 43.4 91.9 47.3 13.2 36.1 36.6 15.4 20.1 76.9 11.3 30.2 41.4 27.0 11.8 7.7 4.7 5.6 20.2 18.0 115.5 -3.8
80 Allen, Jarrett CLE 62 40 22 48.6 40.9 88.7 46.1 11.9 33.5 35.7 16.4 20.4 80.0 10.0 32.2 42.3 25.0 13.7 7.7 5.5 4.8 19.4 16.9 110.1 -5.7
80 Brunson, Jalen NYK 62 39 23 49.3 41.9 88.0 47.5 13.2 34.7 38.0 15.5 20.6 75.0 10.2 30.6 40.7 26.8 13.3 7.0 5.0 4.1 21.4 18.1 112.4 -7.7
80 Caldwell-Pope, Kentavious DEN 62 44 18 48.9 41.8 89.4 46.8 10.8 30.9 34.9 16.5 20.6 80.1 10.7 31.1 41.8 26.4 13.1 7.2 4.1 5.1 19.0 16.7 110.9 -10.8
80 Collins, John UTA 62 27 35 47.3 45.0 89.3 50.4 14.6 35.3 41.3 17.0 21.9 77.9 9.9 31.0 40.9 30.0 11.8 8.0 6.6 5.0 19.3 19.1 121.6 6.9
80 Conley, Mike MIN 62 44 18 49.1 39.9 89.1 44.8 11.4 32.1 35.7 15.7 20.0 78.6 10.8 30.5 41.2 24.8 13.7 8.1 5.0 5.9 21.6 18.8 107.0 -6.8
80 Connaughton, Pat MIL 62 40 22 46.9 43.7 88.4 49.5 13.8 36.2 38.0 15.9 20.2 78.9 9.4 33.0 42.4 26.8 12.0 6.5 4.1 4.1 20.7 18.9 117.2 0.9
80 Eubanks, Drew PHX 62 33 29 48.2 40.9 89.9 45.5 14.1 38.4 36.7 17.1 22.2 76.9 12.8 30.6 43.4 25.2 13.2 8.2 4.6 6.7 20.5 17.9 113.0 5.2
80 Gordon, Aaron DEN 62 42 20 48.7 42.1 88.8 47.5 11.0 31.3 35.1 15.2 19.6 77.3 10.3 31.4 41.7 26.8 13.0 7.1 4.1 5.0 18.6 16.1 110.4 -8.9
80 Looney, Kevon GSW 62 33 29 47.8 43.0 89.3 48.1 13.8 37.7 36.8 16.9 21.1 80.0 9.7 30.6 40.3 27.2 11.3 8.0 4.4 3.6 19.0 19.4 116.7 1.5
80 Robinson, Duncan MIA 62 35 27 48.9 40.5 86.7 46.8 13.3 36.7 36.2 15.9 20.7 76.5 9.5 33.7 43.2 26.5 13.8 6.3 4.7 3.8 19.3 18.9 110.1 -2.2
80 Smith Jr., Jabari HOU 62 31 31 48.0 40.9 88.0 46.5 12.5 35.3 35.5 18.4 24.4 75.2 10.9 34.5 45.4 25.1 12.7 6.8 6.0 4.3 19.2 20.5 112.7 0.9
80 Vassell, Devin SAS 62 14 48 46.8 43.9 90.1 48.8 11.5 32.1 35.8 15.4 19.6 78.8 10.9 33.5 44.5 27.3 12.7 8.7 4.5 6.3 17.2 16.4 114.8 5.7
80 White, Derrick BOS 62 50 12 47.8 41.4 92.3 44.9 12.9 36.8 35.1 13.3 17.5 76.3 11.0 32.6 43.6 24.4 12.1 6.3 3.6 6.9 18.2 16.2 109.1 -13.8
94 Black, Anthony ORL 61 34 27 48.0 39.7 84.6 46.9 11.4 31.3 36.4 18.0 23.1 78.1 8.9 30.9 39.8 23.7 15.0 9.0 5.1 6.4 20.5 20.1 108.9 0.8
94 Durant, Kevin PHX 61 34 27 47.6 42.9 91.4 47.0 13.2 36.1 36.7 15.0 19.7 76.1 11.0 29.6 40.6 26.6 12.2 8.5 4.6 5.5 20.1 17.3 114.2 -4.3
94 George, Paul LAC 61 39 22 49.1 41.6 89.5 46.5 13.1 35.9 36.6 16.0 20.2 79.1 10.8 31.0 41.8 27.0 14.1 7.1 4.4 5.2 20.3 18.3 112.2 -9.2
94 Hartenstein, Isaiah NYK 61 38 23 48.6 40.5 87.7 46.2 12.8 34.9 36.7 16.1 20.7 77.9 9.8 30.1 39.9 26.1 13.2 6.7 5.1 4.6 19.6 18.6 109.9 -8.6
94 Holiday, Jrue BOS 61 48 13 48.5 42.1 93.2 45.2 13.8 38.1 36.3 13.3 17.4 76.7 11.3 32.9 44.1 25.3 11.8 6.3 3.6 6.4 17.7 16.2 111.4 -9.9
94 Ingram, Brandon NOP 61 37 24 48.5 41.2 87.8 46.9 13.6 38.6 35.2 16.2 20.8 77.6 9.4 31.5 40.9 27.4 13.5 6.7 5.2 5.0 18.1 18.9 112.1 -4.9
94 Jaquez Jr., Jaime MIA 61 36 25 48.9 41.3 88.6 46.6 13.5 38.2 35.3 15.7 20.6 76.5 9.4 33.5 42.9 27.1 13.4 6.8 5.1 3.5 20.2 18.4 111.9 -1.1
94 Jones, Herbert NOP 61 38 23 48.4 40.5 88.3 45.8 13.5 39.3 34.3 16.5 21.3 77.8 9.7 31.8 41.5 27.1 14.0 6.2 5.0 5.7 18.4 19.4 110.9 -5.8
94 Leonard, Kawhi LAC 61 39 22 48.9 40.8 89.5 45.6 12.5 35.3 35.3 16.4 20.9 78.3 11.2 31.2 42.4 26.2 14.1 7.2 4.3 5.1 19.0 17.8 110.5 -8.4
94 Mann, Terance LAC 61 39 22 49.2 43.4 90.9 47.8 13.5 36.2 37.2 15.3 19.5 78.4 10.9 29.9 40.8 27.8 12.1 7.0 3.9 4.5 18.0 17.9 115.7 -1.6
94 Miller, Brandon CHA 61 15 46 48.6 43.7 88.6 49.4 12.6 35.1 35.8 17.7 21.8 81.2 10.6 35.3 45.8 28.1 13.7 7.0 5.0 4.7 17.8 18.9 117.8 9.5
94 Murray, Keegan SAC 61 35 26 47.8 42.3 85.8 49.3 13.2 32.7 40.5 17.2 21.2 80.9 8.0 32.5 40.5 28.2 13.9 7.4 4.8 3.6 17.3 19.1 115.1 -1.2
94 Saric, Dario GSW 61 32 29 47.9 41.9 87.2 48.0 12.8 34.9 36.7 18.0 22.7 79.2 10.2 31.5 41.8 25.4 13.0 8.2 4.9 3.4 18.8 19.8 114.5 0.8
94 Suggs, Jalen ORL 61 36 25 47.9 40.6 84.0 48.4 11.8 31.3 37.6 18.4 23.7 77.7 8.1 31.4 39.5 24.9 15.3 8.9 4.5 4.9 21.1 20.3 111.5 -0.9
94 Trent Jr., Gary TOR 61 22 39 48.0 44.6 90.5 49.3 12.9 34.7 37.0 15.2 18.9 80.7 10.6 33.5 44.1 27.8 13.1 6.5 5.1 4.8 16.8 18.2 117.3 3.7
109 Barnes, Scottie TOR 60 22 38 47.5 43.6 89.5 48.7 13.3 35.1 37.8 15.4 19.3 79.9 10.4 33.2 43.6 28.2 13.5 6.5 5.5 5.2 17.7 17.6 115.8 3.3
109 Brown, Jaylen BOS 60 46 14 47.9 42.4 93.0 45.6 13.4 37.8 35.6 13.1 17.3 75.8 11.1 32.6 43.7 25.3 11.8 6.9 3.5 6.7 18.4 16.3 111.3 -9.6
109 Champagnie, Julian SAS 60 12 48 46.6 44.4 88.5 50.2 12.4 31.6 39.1 14.2 18.0 79.0 9.5 32.8 42.4 28.4 13.7 8.8 4.4 7.4 17.7 15.5 115.4 5.1
109 Curry, Stephen GSW 60 34 26 46.7 42.3 88.6 47.7 12.7 35.8 35.5 18.4 22.7 81.3 10.6 31.3 41.9 26.1 12.0 8.1 4.4 3.9 18.3 19.1 115.7 -2.2
109 George, Keyonte UTA 60 25 35 47.2 44.2 90.5 48.9 14.2 36.0 39.6 15.2 19.7 76.8 10.4 31.4 41.8 29.6 11.4 8.6 6.2 6.2 20.0 17.3 117.9 7.1
109 Harden, James LAC 60 38 22 49.3 42.5 90.6 46.9 13.3 36.2 36.8 16.0 20.3 79.0 11.3 30.9 42.2 27.5 13.2 7.1 4.0 5.2 20.0 18.3 114.3 -6.8
109 Hardy, Jaden DAL 60 34 26 46.3 41.7 85.2 49.0 12.4 33.0 37.6 18.3 23.7 77.2 10.8 33.8 44.6 25.4 14.8 7.6 4.1 4.1 20.0 19.3 114.1 4.8
109 Harris, Tobias PHI 60 35 25 48.3 41.3 87.7 47.1 11.8 33.4 35.3 18.7 23.1 81.0 10.6 33.5 44.2 26.3 13.7 5.8 6.5 6.2 18.7 19.8 113.2 -4.5
109 Strus, Max CLE 60 39 21 48.0 39.7 88.2 45.0 12.3 33.5 36.8 16.3 20.5 79.4 10.4 32.7 43.1 24.5 14.5 7.8 5.6 4.9 19.3 17.3 108.0 -6.4
109 Towns, Karl-Anthony MIN 60 41 19 48.7 39.9 87.9 45.4 11.4 32.0 35.5 16.9 21.4 78.8 10.1 30.4 40.5 24.8 13.3 7.2 4.7 5.4 20.5 19.1 108.0 -8.5
109 VanVleet, Fred HOU 60 31 29 48.1 39.7 86.9 45.7 11.8 34.7 34.0 18.6 24.7 75.4 10.3 34.0 44.2 23.8 13.6 7.1 5.4 4.5 19.7 20.6 109.9 -3.8
109 Wagner, Franz ORL 60 37 23 48.7 39.9 85.0 46.9 12.0 33.0 36.2 16.7 21.8 76.6 8.7 31.1 39.8 23.6 15.6 7.9 5.3 5.2 22.3 20.2 108.4 -4.0
109 Wembanyama, Victor SAS 60 14 46 46.3 42.6 88.4 48.2 12.3 33.5 36.7 13.9 17.7 78.5 9.8 32.7 42.5 27.4 13.4 9.1 4.2 7.7 18.8 15.0 111.4 3.9
109 Williams, Jalen OKC 60 42 18 46.8 39.9 88.0 45.4 13.1 36.2 36.1 17.6 22.4 78.6 12.2 32.0 44.2 26.6 15.2 6.5 5.3 6.9 18.0 18.8 110.6 -7.4
123 Capela, Clint ATL 59 27 32 47.0 43.8 89.5 48.9 13.3 34.1 38.8 16.2 20.4 79.7 11.0 33.0 44.0 27.1 13.1 7.9 6.1 4.9 18.1 17.3 117.1 2.2
123 Caruso, Alex CHI 59 29 30 48.4 40.1 86.9 46.1 14.5 40.2 35.9 15.4 19.6 78.5 9.9 33.5 43.4 27.2 15.3 7.6 4.7 5.2 19.6 17.6 109.9 -0.8
123 Doncic, Luka DAL 59 36 23 47.4 43.1 89.6 48.1 13.4 35.8 37.4 16.3 20.9 78.0 11.0 33.1 44.1 27.6 13.6 7.2 3.6 5.0 20.6 17.8 115.8 -4.1
123 Finney-Smith, Dorian BKN 59 23 36 48.8 41.7 89.6 46.6 12.6 34.5 36.5 17.1 20.8 82.3 10.3 35.5 45.8 24.7 12.9 6.4 4.6 5.1 17.7 18.3 113.1 1.7
123 James, LeBron LAL 59 31 28 47.3 43.5 91.7 47.4 13.9 37.1 37.5 13.3 16.6 79.7 11.1 31.9 43.0 27.9 13.0 8.1 4.5 5.6 19.6 14.7 114.1 -2.2
123 Mathurin, Bennedict IND 59 33 26 46.2 43.9 87.4 50.2 10.3 28.4 36.2 19.6 25.2 77.9 11.4 31.3 42.7 23.5 14.0 6.4 6.1 5.0 18.9 21.4 117.8 2.8
123 Nesmith, Aaron IND 59 33 26 46.9 43.0 87.6 49.1 11.3 30.2 37.3 19.4 24.6 78.8 10.8 31.4 42.3 23.9 13.7 6.5 5.8 5.9 18.0 20.9 116.6 -2.5
130 Brooks, Dillon HOU 58 28 30 48.1 41.2 88.7 46.4 12.8 36.0 35.6 18.0 23.9 75.0 10.7 33.7 44.4 25.1 13.5 7.5 6.1 4.1 18.6 20.7 113.2 0.8
130 Claxton, Nic BKN 58 21 37 48.7 42.3 89.7 47.2 13.4 34.3 39.2 17.0 21.0 81.1 10.4 36.3 46.7 25.8 13.0 6.7 4.7 5.8 18.0 18.5 115.0 7.1
130 Dunn, Kris UTA 58 25 33 46.5 42.8 88.4 48.5 14.3 36.3 39.3 17.6 22.0 79.8 10.0 29.7 39.8 29.3 12.8 7.9 6.0 4.8 16.6 19.4 117.5 -1.3
130 Fox, De'Aaron SAC 58 34 24 46.8 41.5 85.1 48.8 13.4 33.1 40.4 17.8 21.9 80.9 8.7 32.8 41.5 27.1 13.7 7.1 4.9 3.8 18.8 19.1 114.2 -3.4
130 Jackson Jr., Jaren MEM 58 19 39 48.1 41.4 87.0 47.5 13.8 35.3 39.1 16.6 20.9 79.8 10.0 36.1 46.1 26.1 15.2 7.5 6.8 6.5 19.9 19.4 113.2 6.3
130 Maxey, Tyrese PHI 58 36 22 48.4 41.8 87.5 47.7 11.8 32.7 36.0 18.9 23.9 79.1 11.2 32.8 44.0 26.6 13.6 5.8 5.8 6.0 18.6 20.7 114.2 -4.9
130 Okoro, Isaac CLE 58 36 22 48.9 41.5 89.7 46.2 11.9 34.0 34.9 16.5 21.3 77.3 10.0 34.0 44.0 25.5 13.6 7.2 5.2 5.2 19.0 18.1 111.3 -1.9
130 Podziemski, Brandin GSW 58 30 28 47.5 40.4 87.9 46.0 12.2 35.6 34.4 17.9 22.5 79.3 10.8 30.4 41.2 25.3 13.1 7.0 5.5 4.3 18.5 18.7 110.9 -7.3
130 Richards, Nick CHA 58 12 46 49.0 44.6 89.9 49.6 13.5 36.1 37.5 15.2 19.4 78.7 11.0 34.4 45.4 30.1 13.9 7.8 5.4 4.9 18.0 18.3 118.0 11.9
130 Sasser, Marcus DET 58 10 48 46.8 41.4 84.8 48.9 11.5 30.5 37.7 22.1 28.2 78.2 10.0 33.2 43.2 24.7 12.9 8.3 5.6 4.6 19.0 21.2 116.4 6.5
130 Walker, Jabari POR 58 16 42 48.7 43.0 86.1 50.0 11.3 32.9 34.2 20.1 25.7 78.3 10.8 31.5 42.3 26.7 14.3 8.5 6.5 4.7 18.4 21.6 117.4 8.7
130 Westbrook, Russell LAC 58 38 20 47.0 41.7 88.3 47.2 12.5 35.4 35.4 18.4 23.8 77.4 10.5 31.5 42.0 26.1 13.2 7.1 5.1 4.8 19.6 20.8 114.3 -2.3
142 Adebayo, Bam MIA 57 32 25 49.0 40.8 87.9 46.4 13.3 37.6 35.3 15.0 19.0 79.2 9.7 35.1 44.9 26.3 14.3 6.3 4.7 3.8 19.0 17.3 109.9 -0.1
142 Bridges, Miles CHA 57 14 43 48.5 43.9 88.6 49.5 13.8 36.6 37.7 17.1 20.9 82.0 10.3 36.2 46.5 28.8 13.4 7.0 5.3 4.3 16.7 17.7 118.7 11.5
142 Cunningham, Cade DET 57 8 49 47.6 42.5 87.4 48.6 11.8 31.7 37.2 21.3 25.5 83.5 9.2 31.3 40.5 26.1 11.7 9.0 6.3 4.9 17.4 22.0 118.0 8.0
142 Hawkins, Jordan NOP 57 34 23 47.4 41.6 87.9 47.3 13.5 38.1 35.3 16.7 21.4 78.0 11.4 33.4 44.9 27.2 13.4 6.2 5.5 4.0 18.7 18.6 113.3 -0.5
142 Hayes, Jaxson LAL 57 31 26 47.1 43.4 93.2 46.6 13.7 39.3 34.8 14.4 18.7 77.0 13.2 31.8 45.0 27.5 12.1 7.4 4.7 4.0 17.7 17.3 115.0 5.4
142 McConnell, T.J. IND 57 31 26 46.2 42.1 83.7 50.3 10.3 28.5 35.9 20.4 26.4 77.2 9.8 29.6 39.4 24.0 14.9 6.2 5.5 5.2 18.7 22.2 114.8 -2.1
142 McDaniels, Jaden MIN 57 38 19 49.4 40.5 89.0 45.5 11.8 33.0 35.8 17.4 22.0 79.2 10.7 30.9 41.6 25.0 13.8 7.8 5.1 5.3 20.3 19.6 110.2 -4.3
142 Tate, Jae'Sean HOU 57 26 31 47.6 38.1 84.2 45.2 11.3 34.8 32.5 19.5 26.0 75.0 9.4 34.3 43.7 22.4 15.3 7.8 5.5 4.3 19.7 21.3 107.0 -3.6
142 Wiggins, Andrew GSW 57 28 29 47.5 42.9 90.6 47.4 13.5 36.8 36.6 18.8 23.1 81.1 11.7 31.7 43.4 26.6 12.3 8.1 4.6 4.0 18.4 20.1 118.1 2.9
151 Collins, Zach SAS 56 12 44 47.0 44.6 90.2 49.5 12.9 33.4 38.7 17.2 22.7 75.8 10.1 34.0 44.1 27.8 11.4 9.0 4.2 4.6 16.3 18.8 119.3 12.8
151 Horford, Al BOS 56 44 12 48.3 41.4 91.3 45.3 12.5 36.8 34.0 13.1 17.1 76.9 9.8 32.6 42.4 24.0 11.4 6.4 3.5 6.6 17.2 16.1 108.4 -11.7
151 Mitchell, Davion SAC 56 33 23 47.2 41.2 84.7 48.6 12.2 32.0 38.2 19.3 24.0 80.2 8.3 32.6 41.0 27.4 12.0 7.0 2.8 3.4 16.8 20.4 113.8 7.1
151 Williamson, Zion NOP 56 34 22 47.1 40.2 86.8 46.3 13.5 38.6 34.8 17.2 21.7 79.3 10.1 31.6 41.8 27.0 13.6 6.6 5.7 5.3 18.0 18.3 111.1 -3.3
155 Aldama, Santi MEM 55 21 34 49.0 41.6 88.4 47.0 13.7 35.7 38.3 16.8 21.3 78.7 10.9 35.9 46.9 26.9 14.1 7.5 6.3 6.5 18.8 18.8 113.6 7.3
155 Coffey, Amir LAC 55 37 18 47.4 44.0 89.5 49.1 13.4 34.8 38.4 17.0 21.8 78.0 11.1 30.6 41.7 27.8 12.0 7.7 5.1 5.1 18.5 18.7 118.3 2.5
155 Gordon, Eric PHX 55 32 23 47.8 42.1 91.5 46.1 12.9 35.5 36.3 17.0 21.9 77.7 11.9 29.3 41.2 25.9 12.4 8.0 4.3 6.3 20.6 18.7 114.2 -2.5
155 Haliburton, Tyrese IND 55 31 24 46.1 43.9 88.7 49.5 9.8 27.7 35.5 19.4 24.5 78.8 10.8 32.6 43.4 23.4 12.4 6.5 5.1 6.2 17.6 20.2 116.9 -4.8
155 Kessler, Walker UTA 55 26 29 47.5 43.2 91.6 47.2 15.0 37.6 40.0 13.6 18.5 73.4 11.7 30.4 42.1 28.9 12.0 8.9 6.1 7.2 19.1 16.6 115.1 3.4
155 LeVert, Caris CLE 55 33 22 47.9 39.9 86.7 46.0 12.0 33.2 36.2 18.6 23.6 78.8 9.9 32.7 42.6 24.5 13.7 7.5 4.8 5.2 19.3 19.1 110.4 -4.3
155 Marshall, Naji NOP 55 36 19 47.5 39.4 86.6 45.5 13.4 38.8 34.5 16.9 21.6 78.2 10.6 31.3 41.9 26.5 15.1 6.5 5.9 4.3 19.2 18.7 109.1 -7.4
155 Williams, Jaylin OKC 55 39 16 47.5 37.7 83.4 45.2 12.7 34.6 36.5 18.2 23.9 76.4 10.6 32.4 43.0 26.4 16.6 7.2 4.9 4.7 18.8 19.5 106.3 -10.2
155 Williams, Kenrich OKC 55 40 15 47.9 39.2 86.7 45.2 12.5 34.8 35.8 17.0 21.8 78.3 10.8 30.8 41.5 26.7 16.6 6.6 5.3 6.8 19.0 19.6 107.9 -9.6
155 Zubac, Ivica LAC 55 33 22 49.4 41.9 91.0 46.0 13.6 36.7 37.0 14.7 18.2 80.4 10.8 31.1 41.9 27.8 13.1 8.2 4.1 4.9 18.7 16.5 112.0 -5.4
165 Bitadze, Goga ORL 54 29 25 49.3 40.4 86.7 46.7 11.6 31.4 37.0 17.3 22.9 75.7 10.0 32.1 42.1 23.6 14.3 8.1 5.2 6.9 21.6 21.1 109.8 -3.4
165 Booker, Devin PHX 54 33 21 47.8 42.0 90.8 46.2 13.8 37.5 36.8 16.5 21.3 77.6 11.1 30.1 41.2 25.9 11.6 7.4 3.9 5.6 20.5 18.1 114.3 -6.1
165 Christie, Max LAL 54 28 26 46.0 41.5 90.3 45.9 13.6 36.4 37.5 14.7 18.3 80.4 10.3 32.1 42.4 27.0 11.9 7.9 4.5 5.4 18.8 15.9 111.4 2.2
165 Clarkson, Jordan UTA 54 22 32 47.6 44.0 88.8 49.6 14.2 35.1 40.4 17.2 22.3 77.0 10.2 30.9 41.1 28.9 11.9 8.4 6.3 5.5 20.0 18.8 119.5 5.2
165 Grant, Jerami POR 54 17 37 48.8 43.8 88.3 49.6 11.3 32.4 34.7 18.4 23.6 77.9 10.8 34.1 44.9 28.6 14.0 8.5 6.2 4.7 18.4 20.2 117.2 9.4
165 Green, Josh DAL 54 31 23 47.5 44.0 89.0 49.4 13.7 35.0 39.2 18.3 23.9 76.6 11.0 32.5 43.5 28.2 13.3 7.4 4.0 4.3 20.6 19.6 119.9 1.6
165 Hachimura, Rui LAL 54 29 25 46.9 43.5 91.3 47.6 13.6 36.8 36.8 12.5 15.5 80.8 10.7 32.2 42.9 27.4 13.1 7.1 4.9 5.1 18.4 14.1 113.0 -2.4
165 Ingles, Joe ORL 54 35 19 48.0 40.1 83.1 48.3 11.4 32.2 35.3 18.9 24.1 78.4 9.4 28.9 38.3 23.5 15.1 8.3 4.2 5.1 21.8 21.3 110.5 -4.7
165 McBride, Miles NYK 54 33 21 50.3 40.2 88.2 45.6 12.5 36.5 34.2 15.4 20.2 76.1 10.8 34.3 45.1 25.7 13.7 7.3 6.1 4.4 17.0 18.0 108.2 3.6
165 Nembhard, Andrew IND 54 32 22 47.3 42.6 87.5 48.7 11.0 29.0 38.0 18.3 23.4 78.4 11.0 32.9 44.0 23.6 14.6 6.8 5.3 5.9 17.2 20.0 114.6 -0.3
165 Okogie, Josh PHX 54 33 21 47.8 40.8 87.6 46.6 12.4 35.0 35.5 18.0 22.5 79.8 11.2 28.8 39.9 25.8 14.9 8.9 5.5 5.8 22.8 18.6 112.0 -1.2
165 Oubre Jr., Kelly PHI 54 30 24 48.5 41.9 86.8 48.2 12.7 34.8 36.6 20.3 25.9 78.6 11.1 34.7 45.8 26.9 14.4 5.8 6.9 5.5 18.3 22.1 116.8 2.7
165 Powell, Dwight DAL 54 32 22 46.9 41.1 85.5 48.0 12.6 34.0 37.1 20.0 25.7 77.8 11.4 32.4 43.7 26.2 14.7 7.4 3.7 2.8 22.4 19.5 114.7 -3.2
165 Wade, Dean CLE 54 36 18 48.2 39.1 87.8 44.5 10.3 31.9 32.2 15.7 20.2 78.0 8.9 32.7 41.6 23.6 14.1 7.5 5.2 5.2 19.7 16.9 104.2 -7.7
179 Jackson-Davis, Trayce GSW 53 29 24 47.3 40.7 88.6 46.0 12.4 34.5 35.8 18.1 23.7 76.5 11.4 31.6 43.0 25.9 12.5 7.2 5.3 5.8 17.0 19.1 112.0 -2.2
179 Nnaji, Zeke DEN 53 37 16 49.1 40.8 89.1 45.8 13.1 32.1 40.8 22.7 29.9 75.8 14.1 34.3 48.4 23.2 13.4 7.1 5.6 9.1 18.7 24.0 117.4 15.2
179 Okongwu, Onyeka ATL 53 23 30 46.5 43.8 87.0 50.4 13.8 35.9 38.3 16.9 22.2 76.1 10.1 32.2 42.3 27.8 14.0 7.4 5.3 4.0 20.6 18.4 118.4 -0.1
179 Reath, Duop POR 53 15 38 49.0 43.3 85.9 50.5 11.1 32.3 34.5 20.4 25.2 80.7 10.7 33.1 43.8 27.1 14.8 8.4 6.0 4.0 18.3 22.0 118.2 6.4
179 Thomas, Cam BKN 53 18 35 47.8 42.1 87.9 47.8 13.0 33.9 38.4 18.2 21.8 83.4 10.1 34.5 44.6 26.1 12.7 6.4 4.8 5.0 18.2 19.1 115.4 3.7
184 Daniels, Dyson NOP 52 30 22 48.1 40.8 87.8 46.5 14.1 39.8 35.6 16.6 20.9 79.4 10.6 31.4 42.0 25.9 15.3 6.5 4.4 4.6 19.2 19.0 112.4 -3.9
184 Duren, Jalen DET 52 12 40 47.6 42.9 89.2 48.1 12.3 33.3 37.0 20.3 24.8 81.6 9.2 32.0 41.2 26.6 10.8 9.0 6.3 5.2 17.3 21.5 118.3 8.0
184 Hield, Buddy IND 52 29 23 45.9 43.6 86.1 50.7 10.4 27.4 38.1 20.7 25.9 80.1 10.8 30.3 41.1 23.8 13.4 7.1 5.0 5.9 17.2 20.9 118.4 -3.1
184 Johnson, Cameron BKN 52 19 33 48.4 42.2 87.7 48.1 13.1 32.3 40.6 16.7 20.8 80.0 10.2 35.2 45.4 25.9 12.3 6.6 5.1 5.2 18.3 18.1 114.1 1.6
184 Konchar, John MEM 52 17 35 48.7 41.6 85.8 48.5 13.2 34.3 38.5 15.8 20.7 76.7 8.9 34.3 43.2 27.1 15.5 8.4 6.6 7.4 17.7 18.8 112.4 6.9
184 Murray, Jamal DEN 52 38 14 49.0 42.1 90.3 46.7 11.2 32.0 35.1 16.5 21.4 77.1 11.6 30.2 41.8 26.6 12.4 7.3 4.9 6.4 18.2 17.3 112.0 -7.3
184 Smith Jr., Dennis BKN 52 19 33 49.0 39.2 85.7 45.8 12.9 36.0 35.8 20.2 24.9 81.3 9.6 32.6 42.2 23.8 14.8 6.4 5.6 4.3 17.6 21.3 111.5 0.9
184 Williams Jr., Vince MEM 52 18 34 48.5 41.2 86.8 47.5 12.4 34.0 36.5 16.6 21.5 77.5 10.9 34.5 45.4 26.0 15.6 8.2 5.7 6.8 20.7 19.1 111.5 3.1
192 Agbaji, Ochai UTA 51 25 26 47.4 43.2 91.5 47.2 13.9 36.7 37.8 16.2 21.3 76.1 11.9 30.6 42.6 28.1 11.5 9.2 6.1 6.8 19.4 19.1 116.5 5.7
192 Highsmith, Haywood MIA 51 30 21 49.1 41.0 87.9 46.7 14.4 38.6 37.2 15.4 20.0 76.9 9.7 34.2 44.0 28.4 14.4 7.7 4.7 3.7 18.9 17.4 111.8 1.3
192 Houstan, Caleb ORL 51 27 24 49.8 40.9 88.6 46.2 12.0 35.5 33.9 17.9 23.0 77.9 10.8 33.7 44.5 23.8 12.7 6.7 4.0 4.9 19.5 20.9 111.8 2.3
192 Markkanen, Lauri UTA 51 22 29 46.8 43.4 88.7 48.9 14.1 35.4 39.9 16.4 20.8 78.8 9.8 29.4 39.2 29.0 12.1 8.2 6.7 5.1 19.4 18.0 117.3 -1.5
192 Mathews, Garrison ATL 51 23 28 47.2 41.8 85.8 48.7 14.4 36.5 39.6 17.1 22.7 75.1 10.8 33.9 44.8 26.9 15.5 7.5 5.7 3.5 20.2 20.1 115.1 4.5
192 McCollum, CJ NOP 51 34 17 47.9 41.2 87.3 47.2 13.4 37.5 35.7 15.5 19.7 78.6 9.7 32.0 41.7 27.3 13.4 6.3 5.7 5.4 17.6 18.0 111.3 -4.9
192 Moody, Moses GSW 51 27 24 47.1 40.4 87.3 46.3 12.8 34.5 37.2 16.3 21.2 76.7 10.2 32.1 42.3 25.6 13.0 8.0 6.0 4.5 19.2 20.0 109.9 -2.8
192 Schroder, Dennis TOR 51 18 33 48.0 42.8 88.8 48.2 13.4 35.1 38.1 16.8 20.5 82.2 10.1 33.1 43.2 27.5 12.6 6.5 5.3 4.5 19.3 18.5 115.8 0.9
192 Sharpe, Day'Ron BKN 51 20 31 48.4 39.4 88.0 44.8 12.1 35.2 34.4 19.5 24.8 78.8 10.8 29.3 40.1 24.2 13.4 7.8 5.9 5.1 19.9 21.0 110.4 -4.9
192 Theis, Daniel LAC 51 34 17 48.0 41.5 88.2 47.1 12.4 35.7 34.7 18.5 24.3 76.3 12.1 32.9 44.9 25.4 13.6 5.5 5.2 5.9 17.8 21.9 114.0 -2.5
192 Thor, JT CHA 51 12 39 47.7 39.6 84.8 46.7 11.6 33.2 35.0 20.7 25.5 81.1 9.7 35.1 44.8 25.0 13.4 6.9 5.2 4.4 17.3 19.8 111.5 5.3
192 Williams, Ziaire MEM 51 20 31 48.1 41.8 87.9 47.5 13.3 34.9 38.0 17.1 22.2 77.2 12.0 36.0 48.0 26.2 15.4 8.1 6.5 5.8 20.4 18.6 114.0 11.5
192 Young, Trae ATL 51 22 29 45.8 44.2 88.0 50.2 13.1 34.0 38.5 17.6 22.2 79.3 10.7 31.6 42.3 27.7 13.6 7.4 5.1 4.6 20.5 18.0 119.0 2.8
205 Boucher, Chris TOR 50 16 34 48.4 41.6 88.4 47.1 13.6 36.7 37.1 17.2 21.9 78.7 11.5 31.4 42.9 27.3 14.9 6.3 4.9 4.8 19.8 19.4 114.1 -1.9
205 Fontecchio, Simone UTA 50 25 25 46.7 43.1 88.7 48.5 13.3 35.0 38.1 16.4 21.0 78.1 9.9 30.6 40.6 28.7 12.5 7.7 6.7 5.5 19.7 17.8 115.8 -0.4
205 Jackson, Isaiah IND 50 30 20 45.7 40.8 83.4 48.9 10.0 28.3 35.5 21.5 28.1 76.5 11.5 29.0 40.5 22.1 15.8 7.8 4.9 6.4 19.0 22.9 113.1 0.5
205 Johnson, Jalen ATL 50 25 25 46.3 42.8 88.6 48.2 13.8 36.6 37.7 16.1 20.4 78.8 10.7 32.2 42.9 27.0 13.4 7.6 5.3 4.8 19.4 16.5 115.4 1.3
205 Martin, Caleb MIA 50 28 22 49.6 40.9 88.1 46.5 14.2 39.0 36.5 16.0 19.9 80.4 9.7 33.6 43.3 27.3 13.9 6.3 5.6 3.2 20.1 18.0 112.1 -1.1
205 McGowens, Bryce CHA 50 9 41 48.2 42.5 87.1 48.7 13.6 34.6 39.2 17.6 21.7 81.1 10.8 35.6 46.4 28.2 14.1 7.8 4.8 4.5 18.5 18.8 116.1 11.5
205 Olynyk, Kelly UTA 50 25 25 47.1 42.1 88.5 47.6 14.0 36.8 38.1 18.2 24.0 75.9 11.7 28.6 40.3 27.1 12.4 9.0 6.0 5.6 19.8 20.2 116.5 2.7
205 Poeltl, Jakob TOR 50 21 29 47.7 43.9 90.4 48.6 14.4 35.8 40.2 12.0 15.6 76.6 9.7 32.5 42.1 28.4 13.5 6.8 5.4 5.2 18.0 16.3 114.2 0.6
205 Wood, Christian LAL 50 28 22 47.2 40.1 89.7 44.8 13.5 37.5 36.1 16.0 19.8 80.4 9.9 30.7 40.6 25.1 12.5 8.5 3.8 5.9 21.0 16.8 109.7 -0.2
214 Jackson Jr., Andre MIL 49 30 19 46.9 43.3 87.1 49.7 12.8 32.1 40.0 20.5 25.4 80.5 9.9 30.9 40.8 26.4 11.8 7.5 3.9 4.6 17.1 23.0 119.9 6.0
214 Kornet, Luke BOS 49 38 11 49.5 41.7 92.0 45.4 13.8 37.9 36.3 14.1 18.0 78.2 11.8 31.2 42.9 25.9 11.9 6.3 4.7 6.2 16.2 16.5 111.4 -7.8
214 Lively II, Dereck DAL 49 29 20 47.4 43.7 91.2 48.0 14.3 36.9 38.7 14.0 18.5 75.4 11.0 31.5 42.5 28.9 13.1 6.8 4.1 5.6 19.2 16.8 115.7 -5.4
214 Lyles, Trey SAC 49 29 20 47.5 39.8 85.9 46.3 12.9 33.8 38.3 20.0 24.6 81.5 9.3 30.1 39.4 24.9 12.6 7.6 5.0 4.7 20.3 20.7 112.5 -5.7
214 Merrill, Sam CLE 49 32 17 48.5 39.4 86.2 45.7 12.5 33.9 36.8 17.2 22.0 78.2 9.2 33.4 42.6 23.4 12.3 6.9 5.0 4.2 18.8 18.6 108.5 -3.0
214 Mitchell, Donovan CLE 49 33 16 47.9 39.5 87.4 45.2 11.3 31.9 35.3 16.4 21.0 78.4 10.5 32.8 43.3 23.6 14.4 7.3 5.1 5.2 19.0 17.3 106.7 -9.5
214 O'Neale, Royce BKN 49 20 29 47.8 40.0 87.4 45.8 12.9 36.0 35.9 20.2 24.7 81.8 10.3 33.5 43.9 24.5 13.2 6.8 4.4 5.3 18.5 20.6 113.2 0.9
214 Watford, Trendon BKN 49 19 30 48.3 40.6 86.3 47.1 14.2 38.1 37.2 18.7 23.7 79.0 9.7 29.9 39.6 25.7 12.9 8.2 5.7 4.0 19.2 19.6 114.2 2.1
222 Dinwiddie, Spencer BKN 48 19 29 48.4 42.8 91.0 47.0 13.0 34.0 38.3 17.2 21.1 81.9 10.6 36.2 46.8 26.0 11.1 6.1 4.3 6.0 18.6 18.2 115.8 0.9
222 Henderson, Scoot POR 48 16 32 48.4 44.1 87.8 50.2 12.4 34.7 35.8 20.1 24.4 82.7 11.2 33.4 44.6 28.9 14.5 9.1 6.4 4.4 19.3 21.0 120.7 12.3
222 Martin, KJ PHI 48 24 24 47.5 41.0 84.5 48.6 11.4 33.7 34.0 21.4 27.3 78.4 12.8 32.0 44.8 26.5 16.9 6.6 6.3 5.2 19.5 23.2 114.9 2.8
222 Nance Jr., Larry NOP 48 28 20 47.7 39.1 86.3 45.3 12.4 38.4 32.3 17.5 21.2 82.4 10.7 32.2 42.8 25.1 15.5 7.3 5.3 4.3 18.3 17.6 108.0 -4.1
222 Roddy, David MEM 48 15 33 47.7 41.5 85.8 48.4 13.0 34.4 37.8 18.0 23.3 77.2 9.8 35.3 45.1 26.3 14.5 8.1 6.7 5.7 18.2 19.9 113.9 9.1
222 Smith, Jalen IND 48 28 20 47.0 44.2 88.1 50.2 11.9 29.7 40.1 20.0 25.2 79.5 11.2 31.2 42.4 25.0 13.8 7.0 5.6 4.7 16.7 21.7 120.4 1.7
222 Thompson, Amen HOU 48 21 27 46.3 38.6 83.3 46.4 12.1 33.3 36.4 20.6 26.5 77.8 9.4 32.7 42.1 24.0 15.0 7.9 6.6 4.6 18.0 21.0 110.0 1.0
222 Wiseman, James DET 48 7 41 46.2 42.7 86.2 49.5 11.5 30.2 38.1 21.9 27.4 79.9 10.0 33.0 43.0 26.8 12.6 9.0 5.1 5.0 19.3 20.8 118.7 11.5
230 Beverley, Patrick PHI 47 27 20 48.3 39.7 88.0 45.1 11.9 34.8 34.2 20.2 25.7 78.5 11.8 33.6 45.4 25.4 14.4 6.2 5.6 5.9 21.0 22.0 111.4 0.8
230 Butler, Jimmy MIA 47 24 23 49.2 41.2 87.6 47.0 13.3 36.6 36.4 16.3 21.1 77.6 9.5 33.8 43.3 26.9 14.2 6.8 5.1 3.8 20.0 18.2 112.0 -3.7
230 Dick, Gradey TOR 47 16 31 46.9 44.2 88.0 50.2 12.2 34.5 35.3 17.8 22.3 79.8 11.2 34.4 45.6 27.3 14.2 8.2 5.1 3.6 18.6 19.1 118.3 13.0
230 Love, Kevin MIA 47 26 21 48.5 40.2 86.7 46.4 12.7 36.8 34.4 17.0 22.0 77.0 9.1 34.3 43.4 27.0 13.4 6.8 5.7 2.4 20.9 18.3 110.1 -4.9
230 Murray, Kris POR 47 10 37 48.6 40.1 84.4 47.6 11.9 33.1 35.9 18.5 24.6 75.1 10.7 32.1 42.7 25.3 16.3 9.4 6.1 4.3 18.5 19.9 110.6 2.1
230 Payne, Cameron MIL 47 30 17 46.9 42.0 88.5 47.5 10.8 32.8 33.0 20.9 25.4 82.4 12.0 31.4 43.3 24.8 12.4 6.6 4.0 4.5 18.7 23.1 115.8 0.9
230 Walker IV, Lonnie BKN 47 20 27 47.3 39.2 84.2 46.5 11.9 33.7 35.2 21.2 25.9 81.8 9.6 31.5 41.1 23.6 13.6 7.5 4.4 4.4 17.2 20.5 111.4 -3.9
230 Wesley, Blake SAS 47 12 35 46.1 42.4 85.7 49.4 11.8 31.7 37.1 17.7 23.0 77.0 10.3 34.4 44.7 25.0 13.8 7.6 5.3 5.1 16.3 18.5 114.2 9.3
230 Williams, Grant DAL 47 24 23 47.6 44.1 88.9 49.6 12.3 33.8 36.5 17.3 23.0 75.5 10.7 35.1 45.8 28.0 13.5 6.9 3.6 4.7 20.6 19.2 117.9 4.4
239 Alvarado, Jose NOP 46 31 15 48.1 37.2 85.2 43.6 12.8 37.2 34.4 18.6 23.5 79.4 10.4 31.2 41.6 24.5 16.4 6.5 5.3 4.7 20.0 19.4 105.8 -12.0
239 Duarte, Chris SAC 46 27 19 48.7 42.0 87.8 47.9 13.2 35.2 37.3 18.3 22.9 79.8 10.0 33.2 43.2 26.1 13.6 6.8 5.0 3.7 18.2 19.9 115.5 3.0
239 Irving, Kyrie DAL 46 28 18 47.5 42.7 89.9 47.6 12.8 35.5 36.1 17.6 22.9 76.9 11.3 33.2 44.5 28.4 12.7 6.9 4.1 5.1 19.0 18.2 115.9 -3.7
239 Isaac, Jonathan ORL 46 29 17 48.8 36.8 83.7 44.0 11.9 34.4 34.5 17.3 22.9 75.5 9.7 28.4 38.1 22.7 16.6 7.8 5.4 7.2 22.6 20.6 102.7 -9.7
239 McDermott, Doug SAS 46 10 36 46.3 44.3 90.0 49.3 15.1 35.5 42.5 15.4 21.0 73.5 11.6 33.7 45.3 27.4 11.6 8.1 3.7 5.8 19.7 17.6 119.2 10.3
239 Porzingis, Kristaps BOS 46 35 11 47.3 41.0 92.9 44.1 13.4 37.6 35.7 13.3 17.5 75.7 11.4 32.3 43.7 25.3 11.3 6.5 3.2 7.4 18.9 15.7 108.7 -12.7
239 Randle, Julius NYK 46 29 17 48.5 41.9 88.1 47.6 13.3 34.9 38.0 16.2 20.9 77.4 10.3 29.9 40.2 27.1 13.0 7.0 5.2 4.0 21.1 18.1 113.3 -6.5
239 Shamet, Landry WAS 46 6 40 46.2 44.2 86.2 51.3 11.6 32.0 36.3 18.8 24.5 76.9 10.0 35.5 45.4 27.4 12.5 7.3 5.9 3.7 18.0 20.2 118.8 9.5
247 Ayton, Deandre POR 45 12 33 49.1 43.9 89.6 49.0 11.6 33.1 35.0 15.9 20.3 78.5 11.0 33.1 44.1 28.3 14.1 9.0 6.3 4.4 17.3 18.3 115.3 7.0
247 Bamba, Mo PHI 45 23 22 49.3 38.7 85.6 45.2 12.7 36.8 34.6 21.1 26.6 79.3 12.0 35.8 47.8 25.9 14.6 7.1 5.7 6.2 18.8 22.2 111.2 3.4
247 Beauchamp, MarJon MIL 45 29 16 46.4 41.2 87.2 47.3 11.1 32.9 33.7 21.3 26.1 81.6 10.1 31.6 41.7 25.2 12.4 7.0 5.5 4.5 17.9 21.6 114.8 1.2
247 Gafford, Daniel WAS 45 9 36 46.2 45.1 92.0 49.0 12.6 32.6 38.7 17.7 23.1 76.8 13.3 35.4 48.7 29.8 13.7 6.7 5.0 6.8 15.9 18.8 120.5 7.3
247 Green, AJ MIL 45 31 14 48.2 40.4 86.0 47.0 14.3 38.1 37.5 19.9 24.1 82.7 10.4 31.2 41.6 24.8 12.9 7.9 3.8 3.5 16.1 21.3 115.0 -0.4
247 Grimes, Quentin NYK 45 29 16 49.3 40.8 89.2 45.7 12.2 35.9 34.0 15.6 21.5 72.5 11.1 33.7 44.9 25.1 13.3 7.3 6.6 4.0 19.2 19.0 109.4 -0.3
247 Stewart, Isaiah DET 45 9 36 47.8 42.3 88.6 47.8 10.9 31.2 35.1 19.1 23.3 81.7 9.4 31.0 40.4 25.7 11.3 8.7 5.9 5.2 17.3 21.2 114.7 4.1
247 Terry, Dalen CHI 45 21 24 48.2 39.0 82.9 47.1 14.1 35.3 40.1 18.2 23.6 77.3 8.9 29.0 37.9 25.7 15.4 6.9 4.9 5.1 20.6 21.2 110.4 -3.3
255 Brissett, Oshae BOS 44 37 7 48.0 40.8 89.3 45.7 10.9 35.8 30.6 16.5 21.1 78.0 10.2 31.3 41.5 25.6 11.2 6.3 4.2 5.1 18.6 19.0 109.0 -8.5
255 Harris, Gary ORL 44 29 15 48.6 40.6 84.6 48.0 11.4 32.1 35.7 17.0 22.3 76.3 8.9 30.1 39.1 24.0 15.0 7.7 4.9 5.2 22.7 21.4 109.6 -4.3
255 Holiday, Justin DEN 44 28 16 48.1 41.4 86.4 47.9 11.8 31.3 37.6 17.6 23.2 75.6 10.5 32.4 42.9 25.6 13.7 7.2 4.3 5.9 17.7 19.7 112.1 -1.5
255 Middleton, Khris MIL 44 28 16 46.6 42.1 90.9 46.4 11.3 32.5 34.6 17.9 22.1 81.0 10.9 31.9 42.8 23.9 10.6 6.5 4.1 5.4 19.1 19.1 113.4 -6.9
255 Washington, P.J. CHA 44 9 35 48.0 43.9 87.0 50.5 14.0 35.2 39.7 18.9 24.3 77.9 10.1 35.4 45.5 28.0 13.6 6.5 4.9 4.8 18.5 19.8 120.7 10.8
260 Batum, Nicolas PHI 43 25 18 48.7 41.6 88.3 47.2 11.4 33.0 34.5 18.7 23.3 80.2 11.0 32.4 43.4 26.5 13.7 5.8 5.7 6.4 18.9 20.3 113.4 -6.6
260 Burks, Alec DET 43 7 36 46.5 43.3 87.2 49.7 11.5 30.2 38.1 20.8 25.9 80.3 10.2 32.7 42.8 25.8 11.3 8.1 5.7 5.2 19.8 20.0 118.9 9.6
260 Garland, Darius CLE 43 25 18 48.4 40.3 87.9 45.9 12.3 33.3 36.9 16.8 21.6 77.7 11.3 32.1 43.4 24.8 13.5 8.1 5.8 4.9 19.2 18.4 109.7 -3.6
260 Horton-Tucker, Talen UTA 43 12 31 47.8 43.1 89.9 47.9 15.4 39.0 39.5 15.9 21.4 74.5 11.4 31.1 42.6 28.3 13.0 8.0 5.9 6.5 18.9 20.1 117.4 4.7
260 Hunter, De'Andre ATL 43 20 23 47.2 43.7 88.1 49.6 13.6 36.1 37.5 17.5 21.7 80.6 11.6 32.0 43.6 27.3 14.6 7.5 4.8 4.6 19.3 18.5 118.5 0.9
260 Porter Jr., Craig CLE 43 27 16 49.4 40.6 86.9 46.7 13.4 36.7 36.6 18.1 21.7 83.5 8.3 30.1 38.4 24.6 11.2 7.7 4.3 4.4 17.3 17.8 112.7 0.2
260 Richardson, Josh MIA 43 24 19 48.6 41.6 87.4 47.5 13.8 38.2 36.0 16.6 21.7 76.3 9.6 33.9 43.5 27.7 13.6 7.4 4.7 2.9 20.1 19.4 113.5 4.7
260 Sheppard, Ben IND 43 23 20 45.5 41.9 82.5 50.8 10.4 27.8 37.5 21.2 27.8 76.4 9.7 30.9 40.6 22.9 14.0 6.5 5.3 5.4 18.2 21.7 115.4 -2.7
260 Simons, Anfernee POR 43 11 32 48.9 44.9 88.8 50.6 12.8 34.5 37.0 17.4 22.2 78.6 10.4 33.5 43.9 29.1 13.4 8.3 6.2 3.7 16.7 19.9 119.9 9.9
260 Smith, Ish CHA 43 6 37 47.8 44.1 85.7 51.4 13.6 34.7 39.3 17.9 22.7 79.2 8.3 37.3 45.6 29.4 13.5 6.8 5.4 4.8 16.7 18.1 119.8 18.1
260 Williams, Patrick CHI 43 19 24 49.1 42.2 87.4 48.3 14.2 38.6 36.7 16.3 21.5 75.7 9.6 33.2 42.7 29.3 13.5 6.9 5.7 4.6 17.8 19.3 114.9 0.6
271 Edwards, Kessler SAC 42 26 16 46.7 39.1 83.7 46.7 10.3 34.5 29.9 17.0 21.6 78.9 8.6 34.3 42.9 22.1 15.1 7.4 4.6 4.8 17.7 15.8 105.5 7.2
271 Exum, Dante DAL 42 25 17 47.0 41.6 89.0 46.7 13.6 36.3 37.5 16.9 21.5 78.5 11.3 31.7 43.0 26.2 13.4 5.7 3.8 4.4 20.1 18.4 113.6 -8.4
271 Hayes, Killian DET 42 7 35 46.9 43.8 88.3 49.6 11.5 30.7 37.4 18.8 23.0 81.6 9.4 33.4 42.9 26.5 11.9 8.1 5.7 4.9 17.3 20.3 117.9 11.4
271 Murphy III, Trey NOP 42 27 15 48.0 38.8 87.0 44.6 13.0 38.5 33.8 15.3 19.4 79.1 9.9 32.2 42.1 25.8 14.2 6.6 5.6 5.3 18.3 17.8 105.9 -10.1
271 Paul, Chris GSW 42 22 20 47.7 40.0 88.5 45.2 12.1 35.9 33.6 18.8 23.3 80.5 11.3 32.8 44.1 24.9 13.4 6.8 4.6 3.5 18.2 20.6 110.8 -2.6
271 Smith Jr., Nick CHA 42 8 34 49.5 41.9 86.5 48.4 13.5 35.7 37.9 19.0 24.0 79.0 11.5 38.9 50.4 27.5 14.3 6.5 5.8 4.4 17.1 19.7 116.2 13.9
277 Carter Jr., Wendell ORL 41 23 18 49.0 40.1 84.4 47.5 11.9 32.3 37.0 17.0 21.1 80.8 8.6 31.3 39.9 24.2 15.8 8.7 4.2 3.8 20.2 19.3 109.1 -1.5
277 Ellis, Keon SAC 41 25 16 47.8 40.2 84.3 47.6 12.3 32.9 37.5 20.1 24.0 83.8 9.2 30.9 40.2 25.6 13.8 6.9 5.1 4.6 17.2 19.5 112.8 -4.3
277 Green, Draymond GSW 41 24 17 46.3 40.2 87.5 45.9 13.6 37.3 36.4 18.0 22.7 79.3 10.1 32.2 42.3 25.9 13.0 7.4 4.7 4.4 18.4 18.7 111.9 -3.8
277 Landale, Jock HOU 41 19 22 46.5 34.7 83.1 41.8 9.7 32.3 30.0 21.7 27.3 79.4 10.1 31.4 41.6 21.3 13.8 8.7 5.8 5.2 19.3 21.3 100.9 -8.8
277 McLaughlin, Jordan MIN 41 25 16 46.2 34.8 78.5 44.3 10.2 30.3 33.7 18.0 23.9 75.4 9.5 34.4 43.9 21.2 18.2 6.8 4.6 5.3 18.4 18.8 97.8 -7.3
277 Strawther, Julian DEN 41 28 13 47.1 41.7 88.2 47.3 13.3 32.9 40.3 19.5 24.7 78.9 11.6 34.3 45.9 26.0 11.4 6.6 6.3 5.5 17.5 21.5 116.2 11.0
283 Goodwin, Jordan PHX 40 23 17 48.4 39.5 87.9 45.0 12.4 35.3 35.1 17.2 22.7 75.6 11.1 29.8 40.9 24.1 12.7 8.8 5.0 7.4 21.5 18.7 108.6 1.9
283 McGee, JaVale SAC 40 24 16 45.2 38.7 83.1 46.6 12.5 31.2 39.9 18.6 24.9 74.7 9.9 30.1 40.0 22.6 12.2 8.3 3.3 5.9 17.9 21.2 108.5 -0.1
283 Okeke, Chuma ORL 40 19 21 49.5 39.9 85.9 46.5 10.0 34.0 29.6 17.7 23.8 74.5 8.9 35.3 44.2 22.2 12.8 7.1 4.0 5.0 18.7 21.3 107.6 6.6
283 Phillips, Julian CHI 40 20 20 47.8 38.1 81.3 46.8 11.1 36.1 30.7 25.5 31.6 80.8 9.5 33.8 43.3 26.8 13.3 7.0 6.5 6.2 19.7 22.5 112.7 0.6
283 Reddish, Cam LAL 40 22 18 46.6 42.7 88.2 48.4 13.5 34.9 38.6 12.8 16.6 76.9 10.0 32.4 42.5 26.5 14.8 8.9 4.4 5.2 18.7 15.9 111.6 0.4
288 Bates-Diop, Keita PHX 39 23 16 48.4 41.0 88.6 46.2 13.6 35.0 38.9 18.4 23.3 79.1 11.3 29.9 41.2 24.6 11.9 8.5 5.4 7.5 21.1 18.2 113.9 3.4
288 Beal, Bradley PHX 39 23 16 47.8 43.2 90.2 47.9 14.4 37.2 38.7 14.3 18.9 75.4 10.5 29.9 40.4 27.9 13.0 8.2 4.4 4.7 17.7 17.5 115.1 -1.7
288 Brogdon, Malcolm POR 39 15 24 48.2 43.0 88.5 48.6 10.5 33.1 31.7 17.7 22.4 78.9 11.0 32.8 43.8 27.2 13.7 8.0 6.0 4.9 18.5 19.8 114.2 3.5
288 Craig, Torrey CHI 39 16 23 49.3 42.6 87.4 48.8 15.6 39.7 39.4 18.0 22.4 80.5 9.9 35.0 45.0 30.0 13.5 5.8 4.3 4.2 19.4 19.4 118.9 9.9
288 McDaniels, Jalen TOR 39 10 29 47.0 41.0 87.7 46.7 11.2 33.2 33.8 16.3 21.3 76.6 11.9 33.7 45.6 25.0 13.9 8.6 5.6 5.5 18.3 19.2 109.6 7.8
288 Siakam, Pascal TOR 39 15 24 47.8 43.3 89.1 48.6 13.1 33.5 39.2 15.7 19.3 81.7 9.4 33.3 42.7 27.2 13.0 6.7 5.1 4.7 19.1 18.4 115.5 -0.3
288 Zeller, Cody NOP 39 23 16 45.9 38.1 84.0 45.3 12.6 37.6 33.6 17.4 23.7 73.1 11.6 33.0 44.6 25.3 16.3 5.0 5.9 2.4 19.5 19.9 106.1 -8.8
295 Bane, Desmond MEM 38 14 24 47.6 40.3 86.1 46.7 14.2 35.7 39.7 18.7 23.6 79.4 9.5 33.8 43.3 25.4 13.9 7.9 7.1 5.9 18.6 20.3 113.4 4.9
295 Gill, Anthony WAS 38 6 32 45.0 37.2 82.9 44.9 11.6 36.6 31.8 17.3 22.4 77.4 12.5 28.5 41.0 23.3 19.0 8.7 5.5 6.1 20.5 16.5 103.4 -14.6
295 Milton, Shake MIN 38 27 11 46.2 39.9 86.0 46.4 11.8 33.1 35.5 16.6 21.0 78.9 10.4 32.4 42.8 25.9 13.5 7.2 6.2 6.0 20.7 18.5 108.1 2.6
295 Mobley, Evan CLE 38 24 14 47.6 39.3 89.0 44.1 12.1 32.8 37.0 16.7 21.6 77.3 11.5 33.0 44.4 24.3 13.4 8.0 5.1 5.3 18.1 17.9 107.5 -1.6
295 Sims, Jericho NYK 38 24 14 51.6 43.1 93.2 46.3 13.2 37.8 34.8 12.4 17.1 72.5 13.4 32.2 45.6 26.9 13.2 8.0 6.5 4.1 17.5 16.6 111.8 3.3
295 Whitmore, Cam HOU 38 16 22 46.1 39.1 84.1 46.5 12.6 34.4 36.6 19.9 26.8 74.4 10.1 33.0 43.1 24.1 13.9 8.0 6.3 5.2 18.6 21.6 110.7 2.4
301 Brown Jr., Troy MIN 37 28 9 47.4 40.5 89.9 45.0 10.9 30.2 36.0 19.4 24.3 80.0 10.8 30.4 41.2 24.1 11.2 7.2 5.3 5.8 20.1 21.1 111.3 -0.1
301 Crowder, Jae MIL 37 21 16 47.1 43.8 88.7 49.3 13.2 34.0 38.9 15.5 19.1 81.1 9.1 35.6 44.7 28.0 12.8 6.0 3.5 4.2 19.5 17.5 116.2 2.9
301 Davis, Johnny WAS 37 4 33 45.2 41.5 83.1 49.9 11.8 32.2 36.7 18.0 23.2 77.6 10.0 36.4 46.4 26.1 16.6 7.1 7.8 4.7 17.0 18.9 112.8 10.7
301 Gilyard, Jacob MEM 37 10 27 49.2 42.7 86.6 49.3 13.9 34.8 40.0 18.7 23.5 79.5 11.7 37.3 49.0 28.3 15.0 8.0 7.4 5.0 16.6 19.5 118.1 11.7
301 Little, Nassir PHX 37 22 15 47.3 39.8 87.9 45.3 11.2 33.4 33.6 21.1 28.0 75.3 11.7 31.5 43.2 22.7 12.7 9.4 4.8 7.4 18.0 19.9 112.0 8.2
301 Lowry, Kyle MIA 37 21 16 49.0 41.2 85.6 48.1 13.5 36.6 36.9 16.0 20.9 76.7 8.7 33.6 42.4 26.3 15.3 7.6 5.4 3.5 20.5 18.8 111.9 -0.6
301 Mamukelashvili, Sandro SAS 37 8 29 45.2 36.5 79.1 46.1 13.1 33.0 39.5 17.7 21.5 82.1 8.8 34.2 43.0 23.0 16.9 6.7 6.3 4.2 19.2 15.7 103.6 -5.0
301 Metu, Chimezie PHX 37 22 15 47.4 40.7 86.0 47.3 14.8 39.4 37.6 16.9 22.1 76.6 10.2 28.4 38.6 24.2 14.2 7.2 4.2 5.1 19.8 18.6 113.1 3.9
301 Morris Sr., Marcus PHI 37 22 15 48.6 40.4 85.4 47.3 11.7 33.2 35.2 21.5 27.4 78.6 10.6 33.6 44.2 25.0 13.8 5.4 5.7 4.9 20.9 23.2 114.1 0.7
301 Thompson, Tristan CLE 37 24 13 49.0 39.9 88.0 45.3 14.1 38.3 36.9 20.1 25.9 77.5 9.9 29.0 38.9 23.0 11.8 7.9 4.0 3.5 22.3 21.5 113.9 -3.9
311 Brown, Kobe LAC 36 25 11 48.2 43.1 88.8 48.6 13.6 37.5 36.1 20.8 28.1 74.1 12.4 30.7 43.1 28.9 12.6 6.8 6.3 4.8 18.2 22.6 120.7 10.7
311 Curry, Seth DAL 36 21 15 46.7 38.7 85.4 45.3 12.4 35.9 34.5 14.5 19.7 73.6 11.0 33.4 44.5 23.7 15.3 7.1 4.3 5.0 22.6 18.7 104.2 -8.7
311 Herro, Tyler MIA 36 19 17 48.5 42.8 89.9 47.6 13.4 37.4 35.7 14.0 18.3 76.4 10.5 35.3 45.8 27.6 13.9 7.1 5.0 3.5 18.1 16.7 112.9 0.9
311 Kennard, Luke MEM 36 13 23 48.2 42.8 87.3 49.0 12.8 33.4 38.3 17.1 22.0 78.0 11.6 34.4 46.0 27.1 14.6 8.7 5.4 6.2 19.0 19.0 115.4 8.0
311 Melton, De'Anthony PHI 36 23 13 47.4 41.5 87.0 47.7 11.5 31.4 36.7 17.3 21.7 79.7 10.4 32.2 42.6 26.3 14.3 6.1 5.9 6.2 19.5 18.3 111.8 -10.1
311 Omoruyi, Eugene WAS 36 4 32 44.8 41.9 82.8 50.7 12.3 35.4 34.8 18.8 24.1 78.3 11.7 33.7 45.4 27.1 19.0 10.1 6.8 4.3 18.0 21.0 115.0 18.4
311 Yurtseven, Omer UTA 36 15 21 47.3 43.2 88.3 49.0 12.1 33.5 36.3 16.7 21.3 78.1 9.0 32.9 41.9 29.5 10.5 8.3 5.2 5.2 17.2 19.1 115.3 10.9
318 Achiuwa, Precious NYK 35 23 12 51.4 41.3 89.3 46.3 13.5 35.7 37.9 13.9 19.2 72.2 10.7 32.6 43.4 25.2 14.3 7.1 5.9 5.7 19.6 17.4 110.1 -4.6
318 Korkmaz, Furkan PHI 35 22 13 45.9 38.9 81.3 47.8 10.6 33.2 31.8 21.3 28.0 76.0 12.4 31.5 44.0 26.3 17.2 6.7 4.4 4.3 23.4 20.8 109.6 -6.9
318 Vezenkov, Sasha SAC 35 18 17 46.8 40.1 84.5 47.5 12.2 31.3 39.1 20.8 26.6 78.0 9.7 32.6 42.3 25.3 13.8 7.5 3.9 4.9 17.7 22.0 113.3 -0.2
321 Embiid, Joel PHI 34 26 8 47.6 41.2 89.6 45.9 11.4 32.9 34.5 17.2 21.6 79.8 10.8 32.3 43.1 25.9 13.3 5.7 5.4 5.6 20.7 18.4 111.0 -9.6
321 House Jr., Danuel PHI 34 21 13 47.3 38.6 84.3 45.8 11.1 33.6 33.1 19.7 25.3 77.7 11.6 33.6 45.2 24.1 15.8 6.2 5.8 4.4 21.7 22.7 108.1 -1.9
321 Jackson, GG MEM 34 10 24 48.2 40.8 88.8 45.9 12.3 36.4 33.9 14.8 18.9 78.1 12.0 33.8 45.9 25.6 14.6 8.8 6.0 6.2 19.3 17.4 108.7 5.4
321 Tillman, Xavier MEM 34 14 20 47.7 39.8 84.4 47.1 12.7 34.2 37.3 17.0 21.7 78.4 10.1 36.0 46.1 25.4 16.9 8.4 5.8 6.3 17.6 19.8 109.3 6.9
325 Brown, Bruce IND 33 19 14 46.0 44.6 86.8 51.5 10.2 26.1 39.0 20.9 25.9 80.9 9.3 29.4 38.7 25.3 12.2 6.4 5.5 5.8 17.7 20.6 120.4 -3.8
325 Plumlee, Mason LAC 33 20 13 47.7 43.8 91.3 48.0 12.6 33.3 37.9 15.0 19.3 77.5 12.5 30.6 43.1 27.5 13.0 7.5 4.7 4.7 22.0 18.4 115.2 -4.2
325 Prosper, Olivier-Maxence DAL 33 19 14 45.4 41.5 85.5 48.6 13.6 34.7 39.2 15.5 20.4 76.1 9.9 36.0 45.9 23.4 12.6 6.1 4.9 3.3 19.9 16.4 112.2 9.1
325 Samanic, Luka UTA 33 13 20 45.3 39.1 89.7 43.6 13.9 40.5 34.4 17.7 21.2 83.8 9.9 31.5 41.4 25.6 11.1 6.5 4.8 6.9 18.3 18.3 109.9 1.3
325 Wright, Delon WAS 33 6 27 46.4 42.3 87.6 48.3 11.1 32.3 34.4 16.3 21.4 76.2 10.9 36.0 46.9 26.6 13.8 7.5 7.6 4.4 18.3 19.8 111.9 5.0
330 Jovic, Nikola MIA 32 15 17 48.8 41.4 89.9 46.1 12.0 37.6 32.0 13.1 17.1 76.3 9.9 35.0 44.9 27.7 13.6 6.2 5.0 4.2 17.0 16.9 107.9 -8.3
330 Lawson, A.J. DAL 32 19 13 44.5 39.9 85.1 46.9 11.8 34.1 34.8 15.7 22.0 71.1 10.4 33.5 43.9 22.8 14.0 7.7 4.0 5.1 18.6 17.5 107.3 -4.6
330 Len, Alex SAC 32 16 16 46.9 34.9 80.5 43.3 10.5 33.0 31.8 19.6 25.5 76.8 8.1 32.3 40.4 21.0 14.9 5.6 5.6 5.8 16.8 21.5 99.8 -17.9
330 Quickley, Immanuel TOR 32 10 22 47.5 44.8 91.1 49.2 14.3 36.8 38.7 13.4 17.3 77.7 11.3 34.7 46.0 29.5 13.9 6.6 5.1 5.4 17.4 17.4 117.4 6.6
330 Sharpe, Shaedon POR 32 8 24 48.4 43.3 87.7 49.4 11.0 32.1 34.1 19.4 23.8 81.4 10.9 34.3 45.2 26.3 15.4 8.6 6.5 4.4 19.1 21.0 117.0 11.2
330 Springer, Jaden PHI 32 17 15 48.3 42.6 85.1 50.1 12.5 35.6 35.3 20.2 26.8 75.6 11.7 33.2 44.8 27.1 16.5 6.1 7.2 5.0 21.1 21.5 118.1 8.5
336 Flynn, Malachi TOR 31 12 19 48.0 43.6 89.7 48.6 12.3 33.8 36.5 15.8 20.7 76.1 11.4 34.0 45.4 27.1 14.5 6.5 4.8 5.1 18.0 18.6 115.3 6.8
336 Jones, Damian CLE 31 21 10 49.0 38.9 83.2 46.8 15.1 36.2 41.8 14.9 18.7 79.5 8.3 33.4 41.7 26.4 13.0 7.0 4.0 4.0 16.2 17.4 107.9 11.7
336 Kleber, Maxi DAL 31 17 14 47.2 42.8 88.9 48.1 13.3 35.5 37.4 16.0 20.5 77.7 10.0 32.8 42.9 26.5 12.2 7.6 4.1 4.1 22.0 17.5 114.8 -1.2
336 Knox II, Kevin DET 31 4 27 46.4 43.1 84.1 51.3 11.3 29.2 38.5 18.9 24.6 76.8 6.5 32.9 39.4 27.2 12.2 7.9 5.9 3.4 18.8 19.6 116.4 7.0
336 Payton II, Gary GSW 31 18 13 45.4 38.6 82.7 46.7 12.3 34.1 36.2 18.4 22.6 81.3 8.3 31.3 39.6 24.8 15.9 7.7 4.8 4.5 18.7 18.7 108.0 -4.3
341 Biyombo, Bismack MEM 30 14 16 48.6 41.5 89.0 46.6 14.3 35.7 40.2 18.2 23.3 78.2 10.0 32.4 42.4 27.1 12.6 8.2 6.4 6.2 17.7 20.5 115.5 4.2
341 Bol, Bol PHX 30 19 11 47.0 38.4 89.9 42.7 13.1 39.8 33.0 17.0 23.0 73.9 12.8 29.7 42.5 24.7 12.1 7.7 4.1 7.1 18.7 18.0 106.8 -0.3
341 Bryant, Thomas MIA 30 17 13 48.7 45.0 89.1 50.5 13.6 35.9 37.8 12.5 16.6 75.0 9.2 34.1 43.3 30.5 13.9 6.9 4.9 4.0 16.0 16.9 116.0 7.4
341 Dieng, Ousmane OKC 30 18 12 48.4 40.5 89.7 45.2 13.8 38.8 35.4 15.0 19.5 77.2 11.2 34.2 45.4 27.5 14.8 8.2 5.0 5.4 18.5 15.6 109.9 -0.9
341 Fernando, Bruno ATL 30 14 16 48.3 39.8 86.4 46.1 13.8 38.6 35.6 18.0 23.1 77.9 12.7 32.3 44.9 25.7 16.1 6.9 4.4 4.4 19.1 19.0 111.4 3.3
341 Fultz, Markelle ORL 30 18 12 48.2 40.2 84.6 47.5 11.4 32.9 34.8 15.9 19.4 82.1 9.1 31.3 40.4 25.5 16.6 8.9 4.5 3.6 20.1 18.1 107.7 -0.1
341 Micic, Vasilije OKC 30 23 7 49.5 38.6 88.4 43.7 10.8 32.1 33.8 15.1 20.1 74.8 13.2 30.4 43.6 24.4 18.5 7.5 6.6 5.9 18.8 18.4 103.2 -15.1
341 Quickley, Immanuel NYK 30 16 14 48.5 39.4 86.3 45.7 12.7 36.1 35.3 17.7 22.2 79.4 9.0 30.3 39.3 23.8 13.5 6.1 5.5 3.3 21.8 20.1 109.2 -8.2
341 Quinones, Lester GSW 30 17 13 47.1 40.6 85.9 47.2 11.6 34.3 33.7 15.5 20.1 77.1 8.0 29.6 37.6 25.8 11.6 7.8 5.3 5.9 17.7 18.9 108.3 -1.4
341 Rozier, Terry CHA 30 7 23 48.3 45.0 88.6 50.8 13.7 33.3 41.3 18.8 23.3 80.5 11.4 34.9 46.4 29.3 13.6 6.8 4.7 4.9 17.4 18.9 122.6 13.2
351 Barlow, Dominick SAS 29 5 24 47.2 44.1 86.9 50.8 13.1 32.7 40.2 15.6 21.1 74.3 10.5 33.4 43.9 28.2 14.1 6.2 5.5 5.2 17.4 18.3 117.0 4.2
351 Bullock Jr., Reggie HOU 29 15 14 47.4 41.2 88.6 46.5 13.4 37.9 35.3 14.3 19.2 74.3 10.2 33.1 43.3 24.5 11.8 8.1 6.2 4.8 16.9 17.8 110.0 2.8
351 Forrest, Trent ATL 29 14 15 48.2 43.2 85.2 50.7 11.3 31.9 35.3 16.2 21.4 75.6 11.9 34.3 46.2 27.8 15.6 7.9 4.9 4.8 15.6 17.3 113.8 9.5
351 Hyland, Bones LAC 29 16 13 48.3 42.0 88.6 47.4 11.9 32.8 36.2 16.0 21.4 74.9 11.7 32.2 43.8 25.4 13.3 8.2 5.5 5.1 19.2 20.5 111.9 3.2
351 Jordan, DeAndre DEN 29 19 10 49.4 41.5 92.6 44.9 13.0 34.0 38.2 20.4 27.2 75.0 12.8 32.6 45.5 27.2 9.4 6.9 6.3 5.7 17.4 23.6 116.5 10.3
351 Robinson-Earl, Jeremiah NOP 29 16 13 47.0 40.2 87.4 46.0 11.6 37.5 31.0 17.4 23.4 74.1 11.6 31.1 42.8 24.1 13.3 7.7 3.9 3.6 18.4 19.5 109.3 3.0
351 Vanderbilt, Jarred LAL 29 14 15 46.4 40.2 85.6 47.0 13.2 36.6 36.2 16.5 20.0 82.5 9.0 30.2 39.2 25.7 15.8 9.0 5.5 4.9 18.8 15.5 110.2 -3.4
351 Watanabe, Yuta PHX 29 17 12 47.6 40.3 88.0 45.8 13.3 33.5 39.8 20.2 26.7 75.7 13.9 31.5 45.5 25.2 14.1 8.6 5.6 6.8 19.2 18.8 114.2 4.5
351 Wilson, Jalen BKN 29 8 21 49.1 43.2 86.0 50.3 14.6 37.4 39.2 17.6 22.3 79.1 9.5 31.4 41.0 26.7 13.9 7.5 5.4 4.2 18.9 18.8 118.7 6.2
360 Antetokounmpo, Thanasis MIL 28 18 10 47.3 35.2 81.9 43.0 13.2 36.7 35.9 28.1 33.8 83.2 11.7 27.8 39.5 24.2 14.2 11.7 4.6 4.6 11.4 21.0 111.7 11.0
360 Bogdanovic, Bojan DET 28 3 25 47.0 45.9 88.8 51.7 12.0 30.9 39.0 20.8 25.1 83.1 9.1 32.3 41.3 26.9 10.3 8.4 5.5 3.8 18.0 21.0 124.8 12.8
360 Martin, Cody CHA 28 7 21 48.9 43.6 89.1 48.9 14.1 37.2 38.0 15.2 18.8 81.3 9.9 35.9 45.7 29.3 13.5 7.3 6.1 4.6 16.4 17.8 116.6 10.2
360 Mykhailiuk, Svi BOS 28 22 6 48.1 37.3 87.0 42.9 9.9 36.3 27.2 19.3 25.8 74.8 13.4 30.2 43.6 24.1 13.2 6.5 4.4 5.5 15.5 20.1 103.8 -8.4
360 Robinson, Orlando MIA 28 15 13 48.9 40.1 85.5 46.9 14.5 35.1 41.4 15.8 20.7 76.1 8.5 29.3 37.8 27.3 14.0 9.9 5.7 2.8 21.6 20.7 110.5 -3.9
360 Waters III, Lindy OKC 28 19 9 48.1 36.3 84.2 43.1 13.2 38.9 34.0 21.8 27.5 79.2 10.6 36.5 47.2 24.1 12.2 8.3 2.6 4.7 14.0 20.2 107.5 2.6
366 Anunoby, OG TOR 27 11 16 47.7 42.7 89.0 48.0 12.8 33.5 38.3 14.1 17.9 79.0 10.0 32.3 42.3 27.0 13.7 6.5 5.7 4.7 17.8 18.2 112.4 -2.0
366 Barrett, RJ TOR 27 9 18 47.3 45.2 91.5 49.5 14.6 37.0 39.5 13.8 17.8 77.5 11.0 34.1 45.1 30.5 13.6 6.7 5.8 5.0 17.5 17.1 118.9 5.4
366 Matthews, Wesley ATL 27 7 20 47.2 42.0 90.7 46.3 13.4 34.3 39.2 19.7 24.0 82.2 11.8 38.4 50.2 25.3 14.1 5.5 6.5 5.5 19.7 21.2 117.2 9.2
366 Siakam, Pascal IND 27 14 13 47.4 44.4 88.9 50.0 11.1 29.9 37.1 16.3 21.3 76.5 10.7 33.5 44.2 24.2 12.9 5.8 5.3 4.8 18.9 18.4 116.2 -2.0
366 Taylor, Terry CHI 27 11 16 47.7 37.3 85.8 43.5 14.8 40.8 36.2 15.1 22.5 67.1 12.6 33.7 46.3 25.8 14.2 5.2 6.0 4.7 17.3 17.0 104.4 -4.4
371 Bagley III, Marvin DET 26 2 24 47.3 43.2 85.5 50.6 13.0 31.4 41.3 19.7 24.2 81.2 8.7 30.4 39.1 26.3 12.2 8.3 5.3 4.1 17.2 20.6 119.1 7.3
371 Barrett, RJ NYK 26 15 11 47.8 43.4 89.8 48.3 12.5 35.6 35.2 16.4 21.3 76.9 11.2 31.5 42.7 26.6 12.8 6.9 5.4 3.6 19.7 19.9 115.8 1.1
371 Butler, Jared WAS 26 2 24 46.5 41.2 84.9 48.6 14.9 37.2 40.1 17.0 22.9 74.4 11.7 33.8 45.6 27.4 16.1 7.0 5.5 3.8 19.1 18.9 114.4 5.1
371 Covington, Robert PHI 26 18 8 49.2 38.4 87.3 44.0 12.0 36.7 32.6 18.7 24.5 76.1 12.9 31.2 44.1 25.5 15.8 8.0 6.6 5.3 18.4 21.6 107.4 -6.9
371 Gallinari, Danilo WAS 26 5 21 46.1 44.9 88.9 50.5 11.4 32.5 35.1 16.4 20.7 79.2 11.0 36.0 47.1 28.4 11.7 7.9 4.8 2.8 20.5 17.6 117.6 9.2
371 Joseph, Cory GSW 26 10 16 46.7 40.9 81.8 50.0 13.3 33.2 40.0 21.0 28.8 73.1 7.7 31.8 39.5 27.2 12.3 7.0 6.2 4.7 17.1 21.2 116.1 1.9
371 Walker, Jarace IND 26 12 14 45.3 40.1 78.1 51.4 10.9 25.9 42.1 22.3 28.9 77.1 8.7 28.6 37.2 23.3 16.2 6.8 3.1 5.6 18.4 21.3 113.4 -3.2
378 Achiuwa, Precious TOR 25 8 17 47.3 43.7 89.9 48.6 12.0 33.3 36.0 14.9 19.3 77.5 10.9 33.9 44.8 27.9 12.4 6.7 4.4 4.5 17.6 17.1 114.4 5.7
378 Baldwin Jr., Patrick WAS 25 3 22 45.0 36.7 81.8 44.8 11.1 33.0 33.7 16.3 23.2 70.2 11.9 36.7 48.6 23.8 18.6 8.3 6.5 5.4 18.0 19.6 100.8 -1.5
378 Hayward, Gordon CHA 25 7 18 47.9 44.2 89.0 49.7 13.6 34.8 39.2 18.1 23.2 78.2 11.4 33.0 44.4 27.6 13.8 7.3 5.3 5.4 18.0 19.1 120.2 8.0
378 Hendricks, Taylor UTA 25 11 14 46.6 41.9 88.8 47.2 14.7 35.7 41.1 17.1 22.5 76.3 10.1 31.1 41.2 28.4 12.2 7.6 5.6 5.3 14.5 19.0 115.6 5.1
378 LaVine, Zach CHI 25 10 15 49.0 41.1 88.9 46.2 15.3 42.0 36.5 17.6 22.7 77.5 11.9 36.2 48.1 28.3 14.1 6.2 4.2 4.4 17.8 19.4 115.1 5.2
378 Mensah, Nathan CHA 25 3 22 48.4 40.8 83.4 48.9 13.9 35.5 39.1 20.5 25.6 80.2 9.8 37.6 47.4 27.2 15.2 7.9 6.0 4.4 18.0 21.3 116.0 21.0
378 Queta, Neemias BOS 25 21 4 49.3 39.4 89.2 44.2 14.5 40.4 35.8 16.8 21.7 77.5 12.5 29.1 41.6 23.9 12.5 5.7 4.4 5.2 17.8 19.7 110.1 -18.2
385 Banton, Dalano BOS 24 18 6 47.8 38.0 88.5 42.9 11.2 36.0 31.0 17.9 24.0 74.4 12.3 30.7 43.0 24.9 10.9 7.3 5.6 5.9 18.4 19.8 105.0 -5.6
385 Lewis, Maxwell LAL 24 11 13 44.6 38.4 84.3 45.5 8.7 32.6 26.8 18.0 23.8 75.6 12.8 34.9 47.7 20.9 10.5 8.1 4.1 4.7 14.5 18.6 103.5 29.1
385 Minaya, Justin POR 24 2 22 49.3 38.6 81.5 47.3 12.1 35.0 34.6 18.5 23.1 80.0 11.3 33.2 44.5 24.2 18.8 8.0 5.9 3.3 20.8 18.3 107.7 8.7
385 Minott, Josh MIN 24 18 6 42.1 34.4 70.0 49.1 6.3 23.1 27.0 21.9 32.5 67.3 7.5 33.8 41.3 21.9 16.3 6.3 5.6 5.0 18.1 20.0 96.9 -3.1
385 Muscala, Mike WAS 24 4 20 46.8 45.3 90.9 49.8 13.4 35.9 37.5 16.2 20.6 78.5 12.2 37.1 49.3 30.3 12.5 8.4 4.8 3.7 19.4 17.9 120.2 18.6
385 Porter, Jontay TOR 24 6 18 46.2 43.5 87.4 49.8 13.0 32.7 39.9 15.7 19.5 80.3 8.7 33.7 42.3 27.3 13.2 7.8 6.0 4.9 14.7 18.4 115.8 10.2
385 Rose, Derrick MEM 24 6 18 47.3 39.8 87.3 45.6 12.9 36.0 35.9 15.3 20.1 75.9 10.1 36.1 46.2 26.5 15.3 7.2 6.5 5.6 19.0 18.6 107.8 3.9
385 Rupert, Rayan POR 24 5 19 47.1 38.3 77.4 49.5 11.2 31.9 35.1 23.0 28.1 82.0 9.9 33.0 42.9 24.3 18.2 9.9 7.6 3.6 17.5 20.3 110.8 7.6
393 Boston Jr., Brandon LAC 23 13 10 47.9 46.6 92.8 50.2 12.4 33.9 36.4 16.4 21.8 75.0 13.5 33.0 46.6 27.6 10.9 7.8 5.7 5.5 16.1 18.7 121.8 19.8
393 Brown, Bruce TOR 23 6 17 47.2 43.8 90.1 48.6 12.3 35.9 34.3 18.6 23.8 78.4 11.8 33.8 45.6 28.1 13.6 7.6 5.6 4.8 15.4 19.3 118.6 12.0
393 Holmes, Richaun DAL 23 9 14 46.7 41.2 83.0 49.6 11.4 31.6 36.3 17.4 25.6 67.7 10.1 36.3 46.4 23.1 13.6 6.3 4.9 2.4 21.1 20.3 111.2 6.7
393 LaRavia, Jake MEM 23 4 19 48.8 40.4 89.3 45.3 13.1 36.6 35.8 16.7 21.8 76.8 11.6 32.5 44.1 25.0 15.1 8.5 7.5 6.5 21.1 21.0 110.7 11.2
393 Livers, Isaiah DET 23 1 22 46.4 45.5 87.3 52.1 12.6 30.6 41.1 22.3 27.2 81.8 10.4 33.4 43.8 26.1 12.5 7.7 5.3 3.7 18.9 21.1 125.8 19.7
393 Young, Thaddeus TOR 23 6 17 49.3 46.1 91.4 50.4 13.5 37.6 36.0 16.9 20.4 82.8 12.7 31.8 44.5 29.9 13.7 6.1 5.9 3.9 18.5 17.6 122.5 4.1
399 Ball, LaMelo CHA 22 7 15 46.7 43.6 85.8 50.8 14.8 35.8 41.3 19.1 24.2 78.8 8.7 33.4 42.1 28.2 13.5 6.4 4.5 3.9 19.7 21.2 121.0 9.1
399 Black, Leaky CHA 22 1 21 48.4 41.6 87.8 47.3 11.8 36.4 32.3 18.7 23.6 79.2 10.4 36.0 46.4 27.6 10.4 7.8 4.9 5.8 16.7 16.7 113.6 8.7
399 Council IV, Ricky PHI 22 8 14 46.2 41.0 84.9 48.2 11.7 34.6 33.8 19.9 23.6 84.5 10.3 33.4 43.7 26.5 14.4 6.6 6.9 5.9 23.1 16.9 113.5 6.2
399 Eason, Tari HOU 22 12 10 47.5 35.3 83.9 42.1 8.6 32.8 26.2 24.6 32.0 76.9 10.1 30.7 40.8 19.5 14.3 6.6 5.8 5.6 22.0 23.9 103.9 -8.7
399 Umude, Stanley DET 22 4 18 46.5 38.9 85.7 45.4 11.5 33.1 34.6 23.3 30.6 76.4 8.5 29.6 38.1 23.9 11.1 9.4 4.8 4.8 18.9 24.6 112.6 5.2
404 Hood-Schifino, Jalen LAL 21 10 11 46.4 39.1 85.5 45.8 14.0 38.3 36.7 19.6 26.0 75.4 9.4 34.5 43.8 25.1 9.8 7.2 5.1 4.7 18.7 18.7 111.9 23.0
404 Lee, Saben PHX 21 12 9 47.1 38.5 89.4 43.0 13.0 36.9 35.3 11.7 16.4 71.0 10.9 30.0 40.8 22.5 13.0 7.2 5.3 8.5 22.5 15.9 101.6 -4.2
404 Mays, Skylar POR 21 6 15 48.5 43.2 83.7 51.6 11.0 31.1 35.5 18.8 24.7 76.2 9.7 35.3 45.0 27.7 13.9 7.8 5.6 5.0 15.1 19.6 116.2 12.8
404 Nwora, Jordan TOR 21 5 16 45.2 42.4 88.5 47.9 11.8 30.8 38.3 15.7 20.0 78.7 13.1 32.6 45.7 24.1 13.9 9.3 5.6 5.2 16.7 18.0 112.3 9.7
404 Pickett, Jalen DEN 21 15 6 48.8 36.5 82.9 44.0 11.3 32.4 34.7 21.6 28.4 76.2 12.2 32.4 44.6 22.5 11.7 8.6 2.7 5.0 13.1 22.1 105.9 3.6
404 Robinson, Mitchell NYK 21 12 9 49.4 43.3 87.9 49.2 14.1 36.3 38.9 13.3 17.8 74.7 9.8 31.2 41.0 26.6 13.9 7.3 5.6 3.1 21.8 16.0 113.9 -2.7
410 Arcidiacono, Ryan NYK 20 15 5 47.5 32.6 91.6 35.6 5.3 38.9 13.5 9.5 14.7 64.3 18.9 32.6 51.6 18.9 15.8 8.4 4.2 3.2 9.5 14.7 80.0 -2.1
410 Morris, Markieff DAL 20 11 9 46.0 43.8 88.2 49.7 12.6 33.7 37.4 14.8 20.3 73.0 12.1 33.4 45.5 23.8 13.7 6.8 3.0 3.0 22.5 17.0 115.1 11.8
410 Rozier, Terry MIA 20 9 11 49.2 41.9 86.7 48.3 14.0 37.0 37.9 15.6 19.5 79.8 8.2 37.5 45.8 27.9 12.9 5.3 4.7 3.5 16.1 16.5 113.3 3.4
410 Ryan, Matt NOP 20 11 9 46.3 40.0 89.8 44.5 10.7 37.8 28.4 16.9 21.7 77.7 13.3 33.3 46.7 24.3 14.0 7.3 4.8 4.8 21.0 19.3 107.6 -3.0
410 Smart, Marcus MEM 20 7 13 46.9 38.8 85.7 45.2 13.2 34.7 38.0 19.2 25.1 76.8 9.2 35.2 44.5 23.0 15.7 7.4 5.7 6.0 17.5 21.7 110.0 1.6
415 Badji, Ibou POR 19 5 14 48.4 39.7 83.2 47.7 13.2 35.5 37.3 22.7 31.7 71.6 9.2 34.0 43.3 26.5 14.7 9.2 5.9 7.6 18.7 23.6 115.4 19.4
415 Bassey, Charles SAS 19 3 16 45.1 40.9 82.2 49.7 14.9 35.6 42.0 18.5 23.7 77.8 8.6 31.9 40.4 25.1 14.3 9.5 4.4 6.2 15.6 18.0 115.2 10.1
415 Gillespie, Collin DEN 19 12 7 48.0 41.7 86.0 48.4 11.3 28.3 40.0 17.3 23.5 73.4 10.7 33.9 44.6 22.9 13.4 7.1 2.7 3.3 16.4 18.8 111.9 1.2
415 Jones, Colby SAC 19 9 10 48.8 37.5 82.6 45.3 12.0 36.3 33.0 20.1 26.6 75.4 9.7 33.2 42.9 23.9 12.7 5.8 5.0 5.4 16.2 20.5 106.9 -1.2
415 Mills, Patty ATL 19 9 10 46.6 43.0 85.2 50.4 12.5 35.3 35.3 17.8 23.1 77.0 9.9 38.1 48.0 26.6 13.9 6.2 5.1 3.5 17.1 20.3 116.2 9.0
415 Stevens, Lamar BOS 19 15 4 46.7 36.8 86.6 42.5 9.6 36.4 26.3 18.0 24.1 74.6 13.8 34.5 48.3 23.0 15.3 6.5 4.2 5.4 18.4 19.5 101.1 -3.8
415 Williams, Mark CHA 19 7 12 48.1 44.4 90.9 48.9 12.8 35.6 35.9 15.5 20.2 77.0 10.6 33.1 43.8 25.9 13.5 7.1 5.4 4.5 17.9 17.6 117.1 2.0
422 Bagley III, Marvin WAS 18 2 16 45.8 45.4 89.2 50.9 11.5 30.7 37.5 14.4 18.3 79.0 9.6 35.1 44.7 29.6 12.1 6.7 7.5 4.0 16.6 16.0 116.8 7.2
422 Griffin, AJ ATL 18 8 10 44.5 43.6 81.9 53.3 14.4 34.9 41.3 17.4 21.1 82.5 8.1 32.9 40.9 31.2 16.1 9.1 6.7 4.4 17.8 15.1 119.1 9.4
422 Nwora, Jordan IND 18 8 10 45.0 40.1 79.3 50.6 12.3 28.8 42.7 24.4 29.6 82.5 8.9 31.0 39.9 22.4 15.3 4.7 4.7 4.9 19.0 21.4 117.0 3.9
422 Schofield, Admiral ORL 18 11 7 47.8 34.6 86.6 40.0 7.1 40.2 17.6 16.5 22.8 72.4 11.8 36.2 48.0 17.3 15.0 7.1 4.7 3.9 15.7 18.9 92.9 -1.6
422 Tucker, P.J. LAC 18 5 13 49.0 42.5 88.4 48.1 14.5 34.9 41.5 15.2 20.1 75.9 10.4 33.3 43.7 26.9 14.5 7.9 5.4 4.7 21.1 20.4 114.7 9.0
427 Anunoby, OG NYK 17 15 2 49.3 36.5 88.0 41.4 10.2 33.4 30.6 15.3 20.4 74.9 10.6 29.7 40.3 25.0 14.0 7.3 4.4 5.4 19.6 18.8 98.4 -24.5
427 Cain, Jamal MIA 17 8 9 48.4 40.8 84.0 48.6 11.3 34.6 32.7 17.5 23.5 74.5 8.8 32.7 41.5 26.9 15.0 8.3 4.5 2.4 19.9 18.6 110.5 6.2
427 Hield, Buddy PHI 17 7 10 49.6 41.4 85.5 48.4 12.7 34.0 37.3 17.2 21.6 79.8 10.0 36.2 46.2 26.1 15.5 6.7 6.9 4.9 15.1 20.3 112.7 3.9
427 Key, Braxton DEN 17 12 5 47.1 34.5 76.7 44.9 12.9 35.3 36.6 22.4 31.0 72.2 11.2 34.5 45.7 21.6 17.2 4.3 5.2 5.2 15.5 23.3 104.3 6.0
427 Micic, Vasilije CHA 17 7 10 48.4 41.5 89.5 46.3 13.2 39.6 33.2 17.3 20.5 84.2 12.9 33.7 46.5 27.6 13.4 7.8 4.9 4.4 16.0 17.7 113.4 5.6
427 Moore Jr., Wendell MIN 17 13 4 41.4 39.2 72.5 54.0 6.7 22.5 29.6 24.2 35.0 69.0 8.3 31.7 40.0 26.7 15.0 8.3 5.8 4.2 11.7 20.8 109.2 17.5
427 Robinson, Jerome GSW 17 12 5 45.0 34.7 79.9 43.5 10.4 34.0 30.6 12.5 20.1 62.1 5.6 30.6 36.1 20.1 12.5 9.0 3.5 9.7 14.6 15.3 92.4 -16.0
427 Santos, Gui GSW 17 11 6 46.8 39.0 86.0 45.4 12.4 37.1 33.3 15.6 22.5 69.0 8.6 28.9 37.5 24.1 11.1 7.6 5.7 6.3 17.8 20.6 106.0 -7.3
427 Schroder, Dennis BKN 17 6 11 49.6 43.2 88.9 48.6 12.7 33.9 37.3 16.5 21.0 78.8 11.4 35.0 46.5 25.4 14.4 8.2 4.9 3.7 18.4 18.6 115.5 8.1
427 Sensabaugh, Brice UTA 17 6 11 46.8 43.4 86.7 50.1 16.0 37.8 42.3 18.2 23.1 78.9 7.9 29.9 37.8 29.9 10.2 7.9 4.3 3.8 16.7 16.5 121.1 8.8
427 Williams, Grant CHA 17 7 10 48.2 39.6 86.8 45.7 11.5 38.6 29.7 15.5 18.9 81.9 10.9 35.1 46.0 25.8 14.5 7.2 4.3 4.3 18.2 16.9 106.2 1.4
438 Agbaji, Ochai TOR 16 4 12 47.2 45.4 89.7 50.6 11.9 35.1 34.0 17.6 22.0 80.1 10.5 34.1 44.5 27.8 13.0 5.4 5.2 3.9 16.4 18.6 120.4 11.2
438 Banton, Dalano POR 16 4 12 49.3 43.5 88.4 49.2 12.0 31.7 37.8 19.7 24.1 81.7 10.9 31.5 42.4 27.0 12.8 10.0 6.5 4.9 17.2 20.0 118.7 12.1
438 Beverley, Patrick MIL 16 11 5 49.7 43.2 88.6 48.8 17.5 41.0 42.7 12.8 17.5 73.0 9.5 35.6 45.1 26.8 14.2 6.8 3.9 4.6 20.2 19.2 116.7 8.8
438 Fontecchio, Simone DET 16 4 12 46.6 39.3 84.8 46.4 11.1 33.0 33.5 19.1 24.1 79.2 8.1 35.9 44.0 25.2 14.1 9.1 6.6 4.0 15.3 19.8 108.8 3.5
438 Gafford, Daniel DAL 16 10 6 46.1 40.4 88.5 45.6 12.9 36.0 35.9 17.9 23.1 77.4 10.3 32.0 42.3 26.5 12.5 9.2 4.1 6.4 17.7 19.0 111.6 -1.2
438 Garza, Luka MIN 16 12 4 42.2 34.9 69.8 50.0 5.4 19.5 27.6 27.5 35.6 77.4 5.4 33.6 38.9 22.8 14.1 5.4 4.7 1.3 16.8 22.8 102.7 1.3
438 Gibson, Taj NYK 16 7 9 47.9 39.1 82.9 47.2 14.8 39.7 37.2 18.0 25.5 70.5 5.8 35.1 40.9 27.2 11.3 4.9 4.9 3.2 16.8 20.6 111.0 7.0
438 Giles III, Harry BKN 16 6 10 47.2 43.0 90.1 47.7 18.0 44.8 40.3 22.7 30.8 73.6 13.4 27.3 40.7 31.4 10.5 6.4 5.8 4.7 19.2 23.3 126.7 4.7
438 Harris, Joe DET 16 4 12 45.8 41.0 85.4 47.9 10.5 26.4 39.8 25.3 29.9 84.7 12.7 30.2 42.9 23.7 11.6 8.4 6.5 6.2 19.7 22.9 117.8 12.9
438 Livingston, Chris MIL 16 10 6 46.0 36.2 76.5 47.4 10.7 29.5 36.4 34.9 44.3 78.8 8.1 27.5 35.6 22.8 10.1 8.1 7.4 4.0 9.4 30.9 118.1 8.7
438 Lopez, Robin MIL 16 10 6 45.3 39.2 80.4 48.7 11.9 30.1 39.5 21.7 30.8 70.5 9.1 34.3 43.4 23.8 13.3 10.5 4.2 2.8 9.8 20.3 111.9 16.1
438 O'Neale, Royce PHX 16 8 8 46.9 40.4 90.1 44.8 12.6 37.1 33.9 15.0 19.9 75.0 11.4 30.5 42.0 23.3 12.4 9.2 3.5 6.0 19.4 17.3 108.3 -7.6
438 Olynyk, Kelly TOR 16 4 12 46.5 45.4 90.6 50.1 12.7 36.0 35.1 16.5 20.5 80.6 12.2 35.3 47.5 29.3 13.5 6.6 4.9 4.1 17.2 18.6 120.0 14.8
438 Payne, Cameron PHI 16 6 10 49.3 38.2 80.7 47.3 12.2 33.9 36.0 21.0 25.5 82.2 9.7 36.8 46.5 25.0 15.7 6.6 7.7 5.4 17.9 20.5 109.5 0.2
438 Temple, Garrett TOR 16 4 12 44.7 40.9 83.1 49.2 10.4 31.8 32.7 16.2 18.2 89.3 13.6 31.8 45.5 20.8 16.2 11.7 6.5 1.3 15.6 13.6 108.4 6.5
438 Washington, P.J. DAL 16 10 6 46.9 41.3 88.7 46.5 12.7 34.7 36.6 16.1 20.0 80.6 9.6 31.7 41.4 26.4 12.8 7.2 5.0 6.7 18.3 16.8 111.4 -7.9
454 Bertans, Davis CHA 15 6 9 48.6 38.9 84.5 46.0 11.7 37.1 31.5 14.2 17.9 79.6 9.2 36.8 46.0 26.1 14.8 7.4 5.4 4.1 20.4 16.3 103.6 -0.8
454 Bertans, Davis OKC 15 11 4 44.2 35.9 73.8 48.7 15.5 36.4 42.7 21.4 30.6 69.8 8.3 30.6 38.8 26.2 14.1 4.9 5.3 3.9 21.4 20.9 108.7 -11.7
454 Burks, Alec NYK 15 7 8 51.6 43.7 93.8 46.6 12.8 35.2 36.5 14.7 20.0 73.8 15.2 34.0 49.2 24.9 12.4 9.7 5.7 4.5 18.8 18.8 115.0 13.5
454 Fournier, Evan DET 15 4 11 46.2 38.8 84.2 46.1 9.7 31.9 30.3 20.0 26.0 76.9 10.9 36.1 47.0 25.5 16.2 11.1 4.9 4.9 13.5 21.5 107.3 7.5
454 Lewis Jr., Kira NOP 15 9 6 46.3 37.4 88.1 42.5 11.0 40.0 27.4 18.4 26.5 69.5 13.9 36.8 50.6 23.5 14.8 5.8 5.2 3.2 23.2 19.4 104.2 6.1
454 Lofton Jr., Kenneth MEM 15 4 11 45.5 36.9 76.5 48.2 12.4 32.3 38.6 16.6 23.0 72.0 8.8 36.9 45.6 22.6 20.3 7.4 7.4 7.8 19.4 20.7 102.8 -2.3
454 Porter Jr., Otto TOR 15 6 9 46.3 37.8 82.2 46.0 12.8 34.8 36.6 18.1 22.6 80.0 8.8 31.1 39.9 25.0 14.1 6.1 4.0 5.3 19.1 18.6 106.4 -5.9
454 Simmons, Ben BKN 15 7 8 47.3 43.2 89.5 48.3 13.2 34.9 37.7 15.0 18.1 83.2 8.6 36.4 44.9 24.6 13.0 6.1 3.8 4.5 15.0 16.9 114.6 5.0
462 Azubuike, Udoka PHX 14 10 4 47.1 43.9 92.1 47.6 18.0 42.1 42.7 19.7 24.6 80.4 8.8 30.7 39.5 32.0 11.0 7.9 7.9 8.8 20.6 18.9 125.4 16.7
462 Bogdanovic, Bojan NYK 14 7 7 51.0 43.4 90.2 48.0 12.2 32.5 37.4 15.7 21.8 72.1 12.2 34.4 46.6 25.9 13.3 7.7 4.6 4.6 19.4 19.2 114.6 12.5
462 Bouknight, James CHA 14 0 14 48.7 41.0 80.1 51.1 13.3 31.3 42.3 19.3 24.7 78.0 10.8 37.3 48.2 26.5 15.7 8.4 9.0 3.6 15.7 18.7 114.5 6.6
462 Brown, Moses POR 14 4 10 48.5 42.7 85.4 50.0 13.8 35.6 38.8 18.4 23.8 77.2 10.5 29.7 40.2 26.4 12.6 11.7 7.9 4.6 18.8 16.7 117.6 14.2
462 Dinwiddie, Spencer LAL 14 8 6 47.4 45.8 94.4 48.5 13.2 36.4 36.1 13.0 15.6 83.3 11.3 30.8 42.1 29.5 11.1 5.3 4.2 4.8 17.9 15.3 117.8 -6.1
462 Flynn, Malachi NYK 14 12 2 46.9 36.4 85.3 42.7 12.4 38.8 32.0 10.1 12.4 81.3 8.5 28.7 37.2 24.8 11.6 6.2 8.5 4.7 14.0 13.2 95.3 3.1
462 Graham, Devonte' SAS 14 4 10 45.9 36.8 79.2 46.5 10.8 29.2 37.0 17.6 24.8 71.0 7.6 35.6 43.2 26.4 19.2 6.8 4.8 6.8 18.8 16.4 102.0 -14.4
462 Howard, Jett ORL 14 7 7 44.6 36.2 81.0 44.7 10.3 34.5 30.0 14.7 22.4 65.4 9.5 28.4 37.9 19.8 12.9 6.9 3.4 3.4 18.1 16.4 97.4 1.7
462 Huff, Jay DEN 14 11 3 45.7 39.2 78.5 50.0 7.6 26.6 28.6 19.0 30.4 62.5 13.9 35.4 49.4 22.8 16.5 8.9 1.3 2.5 12.7 24.1 105.1 20.3
462 Mann, Tre CHA 14 6 8 49.1 41.0 88.8 46.2 13.1 39.0 33.6 12.3 15.5 79.7 11.8 35.0 46.7 27.5 15.5 8.3 4.1 4.1 18.0 15.8 107.5 4.8
462 Sarr, Olivier OKC 14 7 7 47.8 36.9 87.9 42.0 17.2 41.9 41.0 13.6 18.2 75.0 11.1 26.8 37.9 22.7 12.6 8.6 1.5 6.6 15.2 16.2 104.5 -4.5
462 Williams, Nate HOU 14 6 8 45.7 37.4 84.9 44.1 10.6 33.5 31.7 20.1 29.6 67.9 12.3 30.2 42.5 19.6 12.3 5.0 8.4 4.5 17.9 23.5 105.6 -8.9
474 Hagans, Ashton POR 13 2 11 50.1 35.8 77.4 46.2 10.2 27.4 37.3 26.3 35.8 73.4 11.4 29.1 40.5 20.2 17.2 9.1 7.9 5.1 19.3 27.0 108.1 1.4
474 Hayward, Gordon OKC 13 10 3 48.1 41.8 85.8 48.7 13.7 31.8 43.2 18.7 24.2 77.5 9.4 33.3 42.7 27.2 12.2 7.2 6.5 6.5 16.8 19.4 116.1 -0.9
474 Jeffries, DaQuan NYK 13 8 5 48.6 37.1 90.0 41.3 14.3 48.6 29.4 10.0 17.1 58.3 15.7 47.1 62.9 22.9 14.3 2.9 4.3 1.4 10.0 12.9 98.6 11.4
474 Jemison, Trey MEM 13 3 10 50.2 43.1 86.8 49.6 13.4 37.7 35.5 15.1 20.0 75.7 8.3 30.0 38.4 28.6 14.9 10.6 5.4 4.9 17.2 19.3 114.6 7.3
474 Maledon, Theo CHA 13 3 10 46.2 41.6 82.2 50.6 15.9 34.9 45.7 24.7 31.4 78.7 8.5 30.3 38.8 27.9 12.9 7.2 4.8 5.5 22.4 24.5 123.8 13.2
474 Mann, Tre OKC 13 11 2 48.6 37.0 85.8 43.1 13.8 37.4 37.0 18.7 22.8 82.1 11.8 33.7 45.5 24.0 14.6 9.3 3.3 4.9 10.6 15.9 106.5 2.0
474 Muscala, Mike DET 13 4 9 46.6 41.1 87.5 47.0 11.2 34.3 32.5 14.7 19.9 74.0 8.2 30.5 38.7 27.0 10.6 8.4 5.2 4.4 17.7 17.2 108.2 -12.5
474 Queen, Trevelin ORL 13 5 8 49.4 42.4 90.3 47.0 10.6 32.1 33.0 15.5 22.4 68.9 11.5 30.9 42.4 26.7 15.5 7.9 2.4 5.2 19.1 21.8 110.9 2.7
482 Bates-Diop, Keita BKN 12 6 6 50.2 42.1 80.2 52.6 8.3 29.8 27.8 19.8 24.0 82.8 7.4 33.1 40.5 23.1 15.7 5.0 5.8 4.1 19.0 18.2 112.4 19.8
482 Bitim, Onuralp CHI 12 6 6 48.4 41.3 88.6 46.6 13.3 39.9 33.3 15.5 22.7 68.3 11.4 31.0 42.4 26.6 12.7 7.5 6.4 3.6 19.9 17.2 111.4 0.3
482 Holmes, Richaun WAS 12 1 11 46.7 44.7 87.5 51.1 12.7 31.8 40.0 18.6 23.7 78.4 9.3 33.7 43.0 26.7 13.2 7.3 5.6 5.6 16.9 20.8 120.8 10.3
482 Mays, Skylar LAL 12 5 7 48.2 36.3 86.7 41.9 11.1 40.0 27.8 30.4 36.3 83.7 16.3 31.9 48.1 24.4 14.8 5.2 5.2 4.4 14.1 25.2 114.1 5.2
482 Morris, Monte MIN 12 9 3 48.4 38.9 87.6 44.4 10.8 31.5 34.5 14.3 19.0 75.0 9.3 36.8 46.0 26.5 13.8 4.5 4.8 9.0 18.8 18.3 102.9 -8.5
482 Nix, Daishen MIN 12 9 3 43.4 33.3 71.1 46.9 7.8 26.7 29.2 21.1 30.0 70.4 8.9 34.4 43.3 18.9 18.9 2.2 4.4 4.4 17.8 18.9 95.6 -22.2
482 Smith, Terquavion PHI 12 4 8 42.0 43.0 80.6 53.4 15.2 38.2 39.7 14.5 17.6 82.8 10.3 30.3 40.6 31.5 20.0 7.9 3.6 3.0 20.6 15.2 115.8 -2.4
482 Stevens, Lamar MEM 12 4 8 49.8 38.0 93.5 40.7 13.6 41.5 32.7 14.1 19.7 71.8 15.3 33.7 48.9 23.3 15.7 10.3 5.9 6.5 21.8 17.2 103.8 3.8
482 Williams, Brandon DAL 12 7 5 45.8 46.5 93.0 50.0 14.7 31.8 46.3 7.0 11.6 60.0 10.1 40.3 50.4 25.6 12.4 7.0 5.4 6.2 17.1 12.4 114.7 20.9
491 Bates, Emoni CLE 11 6 5 48.3 42.3 85.7 49.4 17.6 42.9 41.0 21.4 25.8 83.0 12.6 35.2 47.8 29.1 15.4 9.3 4.4 4.4 14.8 18.7 123.6 33.0
491 Bernard, Jules WAS 11 1 10 45.1 37.4 81.0 46.2 8.2 26.5 30.8 18.4 26.5 69.2 14.3 32.7 46.9 26.5 19.0 10.2 6.8 8.2 19.7 15.6 101.4 0.0
491 Diabate, Moussa LAC 11 7 4 49.4 41.5 92.3 45.0 16.9 43.1 39.3 19.2 29.2 65.8 16.2 23.1 39.2 28.5 14.6 3.8 5.4 3.1 20.0 20.8 119.2 1.5
491 Gallinari, Danilo MIL 11 8 3 52.1 43.6 85.6 51.0 21.0 43.6 48.1 18.8 24.9 75.6 7.7 35.4 43.1 28.2 14.9 7.2 4.4 2.8 13.3 19.9 127.1 22.1
491 Hinton, Nate HOU 11 6 5 43.6 32.6 75.8 43.0 9.1 29.5 30.8 26.5 39.4 67.3 7.6 28.8 36.4 15.9 6.8 6.1 3.8 6.1 18.2 21.2 100.8 -12.1
491 Lowry, Kyle PHI 11 4 7 50.8 39.3 84.3 46.6 12.9 36.7 35.2 21.8 26.5 82.3 10.8 37.8 48.6 26.8 15.2 6.8 6.1 4.4 18.7 22.3 113.2 7.4
491 Roddy, David PHX 11 5 6 42.7 39.2 86.6 45.2 12.4 33.0 37.5 11.3 14.4 78.6 13.4 34.0 47.4 21.6 14.4 9.3 3.1 5.2 20.6 13.4 102.1 15.5
491 Samuels Jr., Jermaine HOU 11 6 5 45.3 39.3 76.1 51.7 12.0 32.5 36.8 23.9 33.3 71.8 6.0 29.9 35.9 20.5 8.5 7.7 3.4 4.3 14.5 20.5 114.5 9.4
491 Swider, Cole MIA 11 4 7 47.0 37.1 81.0 45.7 10.3 30.2 34.3 12.9 18.1 71.4 8.6 34.5 43.1 23.3 12.9 11.2 6.0 1.7 15.5 12.9 97.4 -0.9
491 Toscano-Anderson, Juan SAC 11 7 4 47.9 36.4 88.2 41.2 14.5 40.9 35.6 20.0 24.5 81.5 10.0 31.8 41.8 19.1 13.6 8.2 2.7 9.1 18.2 23.6 107.3 8.2
491 Tyson, Hunter DEN 11 8 3 45.5 31.4 68.6 45.8 8.6 38.6 22.2 25.7 35.7 72.0 7.1 34.3 41.4 21.4 12.9 7.1 0.0 0.0 5.7 27.1 97.1 -4.3
502 Brooks, Armoni BKN 10 3 7 48.8 41.8 93.0 44.9 16.0 47.9 33.3 15.0 21.1 71.1 15.0 29.6 44.6 26.8 12.2 5.2 5.2 3.3 20.7 18.8 114.6 -13.1
502 Clowney, Noah BKN 10 4 6 46.8 45.1 82.6 54.6 15.8 36.4 43.3 17.4 20.1 86.5 10.9 34.8 45.7 28.8 15.2 5.4 10.3 3.3 18.5 15.2 123.4 16.3
502 Flynn, Malachi DET 10 2 8 47.5 43.3 87.9 49.3 8.9 23.6 37.8 19.7 26.1 75.6 10.2 34.4 44.6 22.9 10.8 12.1 4.5 5.7 13.4 20.4 115.3 21.0
502 Marjanovic, Boban HOU 10 6 4 44.9 43.2 86.5 50.0 16.2 39.6 40.9 15.3 19.8 77.3 9.0 27.9 36.9 24.3 10.8 7.2 4.5 4.5 15.3 13.5 118.0 24.3
502 Pokusevski, Aleksej OKC 10 8 2 47.2 45.3 84.4 53.7 17.2 39.1 44.0 17.2 21.9 78.6 8.6 35.2 43.8 26.6 9.4 9.4 3.1 4.7 13.3 16.4 125.0 26.6
502 Rollins, Ryan WAS 10 1 9 44.2 28.9 77.2 37.4 8.7 32.9 26.5 16.1 21.5 75.0 15.4 28.2 43.6 18.1 30.2 11.4 5.4 10.1 21.5 18.8 82.6 -38.3
508 Brown, Kendall IND 9 5 4 45.4 28.6 65.7 43.5 8.6 27.1 31.6 24.3 25.7 94.4 7.1 24.3 31.4 17.1 22.9 8.6 5.7 7.1 14.3 20.0 90.0 7.1
508 Bufkin, Kobe ATL 9 6 3 46.4 37.0 85.9 43.0 12.0 33.3 35.9 16.1 22.9 70.5 10.9 33.3 44.3 21.9 15.1 8.3 4.7 7.3 18.2 17.7 102.1 -3.6
508 Johnson, Keyontae OKC 9 7 2 47.6 41.0 84.2 48.7 13.7 38.8 35.2 9.4 12.9 72.2 4.3 30.9 35.3 20.9 11.5 12.9 4.3 4.3 12.9 12.9 105.0 5.0
508 Lundy, Seth ATL 9 2 7 46.8 46.8 90.1 52.0 12.6 33.3 37.8 8.1 11.7 69.2 12.6 31.5 44.1 33.3 15.3 9.9 2.7 5.4 18.9 13.5 114.4 11.7
508 Miller, Leonard MIN 9 8 1 43.5 37.7 69.6 54.2 8.7 21.7 40.0 15.9 29.0 55.0 5.8 36.2 42.0 29.0 18.8 7.2 8.7 5.8 4.3 18.8 100.0 10.1
508 Morant, Ja MEM 9 6 3 47.1 40.4 86.7 46.7 11.0 32.3 33.9 17.5 22.8 76.6 10.4 32.9 43.3 24.9 13.3 7.1 5.3 6.7 21.3 18.7 109.3 -1.6
508 Nowell, Jaylen MEM 9 3 6 47.5 39.5 88.4 44.7 12.2 33.4 36.4 17.6 19.8 89.2 10.9 33.7 44.7 26.7 15.2 7.0 4.9 7.0 16.7 18.8 108.8 0.6
508 Pippen Jr., Scotty MEM 9 1 8 48.5 40.3 86.2 46.8 13.1 35.0 37.3 14.2 17.2 82.4 11.7 36.6 48.3 24.9 17.2 9.1 5.1 6.5 19.1 19.3 107.9 3.3
508 Smith, Dru MIA 9 7 2 48.3 42.1 90.0 46.7 15.9 39.9 39.8 13.3 18.5 72.0 15.1 38.0 53.1 25.5 19.6 6.6 4.4 4.8 21.4 17.3 113.3 15.9
508 Springer, Jaden BOS 9 9 0 47.4 39.5 87.7 45.1 9.9 34.6 28.6 13.6 17.3 78.6 11.1 30.9 42.0 25.9 13.6 3.7 6.2 6.2 9.9 21.0 102.5 8.6
508 Toppin, Jacob NYK 9 2 7 50.9 42.7 76.0 56.1 17.3 33.3 52.0 17.3 18.7 92.9 4.0 38.7 42.7 32.0 13.3 8.0 5.3 2.7 18.7 17.3 120.0 21.3
519 Brown Jr., Charlie NYK 8 2 6 51.1 38.4 86.3 44.4 16.4 42.5 38.7 19.2 24.7 77.8 6.8 39.7 46.6 26.0 9.6 6.8 1.4 6.8 15.1 20.5 112.3 8.2
519 Curry, Seth CHA 8 4 4 49.1 43.7 91.3 47.8 13.9 40.9 34.1 10.2 12.7 80.5 10.5 34.1 44.6 32.5 13.3 7.1 5.3 4.0 16.1 16.7 111.5 7.7
519 Freeman-Liberty, Javon TOR 8 1 7 46.4 43.4 91.2 47.6 15.1 36.5 41.4 12.6 17.0 74.1 15.1 35.2 50.3 28.9 13.8 8.2 5.0 5.7 15.7 13.2 114.5 5.7
519 Goodwin, Jordan MEM 8 3 5 49.3 43.4 90.1 48.2 13.9 37.0 37.5 14.1 20.0 70.3 12.6 33.0 45.6 26.9 15.2 9.3 5.9 7.7 17.6 19.2 114.8 12.8
519 Hampton, R.J. MIA 8 3 5 48.1 40.5 93.7 43.2 12.7 38.6 32.8 11.4 17.1 66.7 10.8 31.6 42.4 25.9 7.6 8.2 5.7 3.8 19.0 16.5 105.1 -13.3
519 Hurt, Matt MEM 8 2 6 48.6 39.1 86.7 45.0 12.4 38.2 32.6 13.3 16.7 79.5 13.7 32.2 45.9 24.9 18.0 9.4 4.3 5.2 22.3 15.9 103.9 5.2
519 Juzang, Johnny UTA 8 3 5 48.0 39.9 89.2 44.7 15.0 31.5 47.8 13.1 16.9 77.8 9.9 33.8 43.7 25.8 12.2 6.1 2.3 8.5 12.7 15.5 108.0 -1.9
519 Liddell, E.J. NOP 8 3 5 43.6 41.5 83.0 50.0 13.2 37.7 35.0 9.4 11.3 83.3 13.2 30.2 43.4 20.8 18.9 7.5 0.0 5.7 24.5 7.5 105.7 7.5
519 Miller, Jordan LAC 8 5 3 44.7 44.4 96.8 45.9 9.5 30.2 31.6 17.5 27.0 64.7 20.6 28.6 49.2 25.4 11.1 12.7 4.8 4.8 14.3 17.5 115.9 20.6
519 Tshiebwe, Oscar IND 8 2 6 44.6 31.9 66.0 48.4 10.6 28.7 37.0 25.5 29.8 85.7 6.4 26.6 33.0 18.1 24.5 7.4 6.4 7.4 19.1 21.3 100.0 -14.9
519 Windler, Dylan LAL 8 4 4 46.9 42.4 93.2 45.5 13.6 45.8 29.6 22.0 28.8 76.5 13.6 25.4 39.0 27.1 10.2 10.2 1.7 1.7 11.9 18.6 120.3 1.7
530 Brown Jr., Troy DET 7 0 7 45.0 46.0 85.2 54.0 10.6 25.9 40.8 20.6 24.3 84.8 6.3 35.4 41.8 26.5 11.6 12.2 5.8 2.6 13.2 18.0 123.3 22.8
530 Castleton, Colin LAL 7 3 4 48.6 48.6 90.5 53.7 14.9 40.5 36.7 12.2 18.9 64.3 13.5 32.4 45.9 27.0 10.8 4.1 5.4 4.1 17.6 18.9 124.3 28.4
530 Hodge, D'Moi LAL 7 1 6 46.9 48.9 88.6 55.1 15.9 36.4 43.8 12.5 15.9 78.6 15.9 33.0 48.9 25.0 14.8 9.1 2.3 4.5 18.2 14.8 126.1 39.8
530 Krejci, Vit ATL 7 3 4 50.3 43.7 85.8 50.9 12.7 31.0 41.0 16.4 19.8 83.0 10.1 36.2 46.3 27.6 13.8 7.8 9.0 6.0 17.9 16.4 116.4 -0.7
530 Tillman, Xavier BOS 7 6 1 51.0 45.3 94.3 48.0 9.9 29.7 33.3 9.4 13.2 71.4 10.8 33.5 44.3 24.1 13.7 5.2 4.7 8.0 14.6 16.5 109.9 -12.3
530 Wainright, Ish POR 7 1 6 44.1 23.1 66.3 34.8 7.7 30.8 25.0 22.1 34.6 63.9 5.8 43.3 49.0 12.5 18.3 6.7 6.7 3.8 16.3 22.1 76.0 0.0
536 Bouyea, Jamaree POR 6 0 6 46.9 36.9 77.9 47.4 13.9 35.2 39.5 10.7 16.4 65.0 10.7 37.7 48.4 20.5 21.3 8.2 7.4 3.3 18.0 15.6 98.4 18.0
536 Brown III, Greg DAL 6 3 3 42.3 46.8 95.7 48.9 5.3 29.8 17.9 11.7 16.0 73.3 10.6 34.0 44.7 25.5 8.5 12.8 5.3 7.4 19.1 12.8 110.6 9.6
536 Champagnie, Justin WAS 6 0 6 46.0 40.6 78.3 51.8 12.6 33.7 37.3 22.9 29.1 78.4 10.3 38.3 48.6 27.4 15.4 7.4 4.0 6.3 15.4 21.7 116.6 16.0
536 Cissoko, Sidy SAS 6 1 5 43.2 28.4 73.0 38.9 8.1 27.0 30.0 18.9 27.0 70.0 8.1 33.8 41.9 17.6 20.3 9.5 5.4 5.4 17.6 14.9 83.8 -20.3
536 Ford, Jordan SAC 6 2 4 48.5 35.6 80.0 44.4 13.3 31.1 42.9 13.3 13.3 100 11.1 31.1 42.2 17.8 15.6 2.2 4.4 6.7 11.1 8.9 97.8 -31.1
536 Gallinari, Danilo DET 6 1 5 46.4 45.6 81.3 56.1 9.3 29.0 32.1 15.0 19.7 76.3 3.1 27.5 30.6 25.9 9.8 7.8 4.7 2.6 23.3 15.5 115.5 -13.5
536 Grimes, Quentin DET 6 3 3 49.5 41.6 92.7 44.9 10.3 32.6 31.6 21.5 28.8 74.6 12.9 36.9 49.8 28.8 11.6 9.9 6.4 6.0 10.7 23.6 115.0 18.9
536 Johnson, James IND 6 2 4 45.1 38.6 72.9 52.9 14.3 41.4 34.5 18.6 21.4 86.7 10.0 27.1 37.1 15.7 24.3 4.3 4.3 1.4 14.3 14.3 110.0 -12.9
536 McDermott, Doug IND 6 4 2 43.5 41.1 72.8 56.4 13.2 28.5 46.5 18.5 24.5 75.7 3.3 35.8 39.1 27.8 15.2 7.3 4.6 2.6 17.9 17.2 113.9 1.3
536 Mobley, Isaiah CLE 6 1 5 49.9 42.2 81.4 51.8 17.6 38.2 46.2 13.7 14.7 93.3 4.9 33.3 38.2 27.5 14.7 6.9 4.9 1.0 14.7 13.7 115.7 8.8
536 Morris, Monte DET 6 2 4 47.0 44.1 87.6 50.4 9.7 30.3 31.8 9.0 12.4 72.2 6.2 35.2 41.4 24.8 11.0 9.7 6.2 2.8 17.9 11.0 106.9 1.4
536 Rhoden, Jared DET 6 1 5 45.6 39.8 79.6 50.0 12.9 31.2 41.4 17.2 24.7 69.6 8.6 21.5 30.1 22.6 14.0 8.6 2.2 6.5 26.9 17.2 109.7 -19.4
536 Seabron, Dereon NOP 6 3 3 47.1 33.3 91.5 36.4 8.5 39.3 21.7 19.7 26.5 74.2 13.7 29.1 42.7 20.5 12.8 7.7 4.3 5.1 23.9 22.2 94.9 -23.9
536 Slawson, Jalen SAC 6 4 2 48.8 47.6 95.2 50.0 4.8 26.2 18.2 21.4 33.3 64.3 14.3 31.0 45.2 21.4 7.1 9.5 0.0 4.8 19.0 31.0 121.4 35.7
536 Williams III, Robert POR 6 2 4 47.1 40.9 85.7 47.7 13.1 35.3 37.1 18.7 23.8 78.3 9.5 35.7 45.2 29.0 13.5 7.5 8.3 6.0 19.4 21.8 113.5 11.9
551 Biyombo, Bismack OKC 5 3 2 46.5 34.8 76.8 45.3 10.1 29.0 35.0 23.2 27.5 84.2 4.3 39.1 43.5 18.8 17.4 5.8 8.7 5.8 10.1 21.7 102.9 -1.4
551 Davison, JD BOS 5 5 0 45.5 26.3 94.7 27.8 0.0 31.6 0.0 26.3 31.6 83.3 15.8 26.3 42.1 15.8 10.5 0.0 5.3 5.3 15.8 21.1 78.9 -10.5
551 Gabriel, Wenyen MEM 5 1 4 49.4 38.4 87.2 44.1 12.8 40.9 31.3 9.1 13.4 68.2 6.7 36.6 43.3 23.2 17.1 11.0 6.7 4.3 17.1 18.9 98.8 9.8
551 Mills, Patty MIA 5 2 3 48.4 36.2 80.9 44.7 12.8 41.8 30.5 12.1 14.9 81.0 7.1 33.3 40.4 31.2 17.0 3.5 6.4 3.5 24.8 17.0 97.2 -12.8
551 Moon, Xavier LAC 5 3 2 45.8 42.2 88.9 47.5 11.1 33.3 33.3 17.8 22.2 80.0 11.1 31.1 42.2 22.2 6.7 13.3 8.9 4.4 13.3 13.3 113.3 33.3
551 Muscala, Mike OKC 5 3 2 43.9 29.8 66.0 45.2 8.5 27.7 30.8 19.1 25.5 75.0 2.1 38.3 40.4 21.3 14.9 6.4 2.1 2.1 12.8 21.3 87.2 -2.1
551 Ntilikina, Frank CHA 5 0 5 48.2 44.9 88.8 50.6 12.4 36.0 34.4 20.2 27.0 75.0 9.0 41.6 50.6 22.5 9.0 4.5 4.5 5.6 19.1 20.2 122.5 1.1
551 Pokusevski, Aleksej CHA 5 2 3 49.6 37.0 90.3 40.9 13.3 46.1 28.9 21.2 23.0 92.1 13.9 35.2 49.1 26.1 17.0 4.8 4.2 3.6 17.6 16.4 108.5 -2.4
551 Potter, Micah UTA 5 2 3 49.7 41.1 92.6 44.3 23.2 47.4 48.9 8.4 10.5 80.0 12.6 34.7 47.4 33.7 13.7 6.3 7.4 5.3 15.8 13.7 113.7 6.3
551 Vincent, Gabe LAL 5 2 3 47.4 38.7 84.4 45.8 13.4 37.2 36.0 12.3 16.0 76.7 8.2 35.3 43.5 20.4 16.4 7.8 4.1 4.1 22.3 17.8 103.0 0.7
551 Warren, T.J. MIN 5 3 2 45.6 36.4 76.7 47.4 4.5 20.5 22.2 18.8 27.3 68.8 8.0 33.5 41.5 18.8 17.6 6.8 5.1 4.5 19.3 18.2 96.0 -18.8
551 Washington Jr., TyTy MIL 5 3 2 43.1 16.7 52.1 32.0 6.3 33.3 18.8 41.7 52.1 80.0 4.2 41.7 45.8 14.6 16.7 14.6 0.0 2.1 16.7 27.1 81.3 6.3
551 Watanabe, Yuta MEM 5 1 4 49.5 42.8 88.6 48.3 16.3 39.2 41.5 12.7 17.5 72.4 13.9 31.3 45.2 28.3 13.3 9.0 6.6 4.2 22.3 16.9 114.5 18.1
564 Bailey, Amari CHA 4 0 4 46.6 37.1 88.6 41.9 17.1 51.4 33.3 17.1 25.7 66.7 5.7 31.4 37.1 31.4 8.6 5.7 5.7 2.9 14.3 17.1 108.6 -5.7
564 Carton, D.J. TOR 4 2 2 43.9 45.7 102.5 44.6 12.3 34.6 35.7 16.0 22.2 72.2 25.9 35.8 61.7 18.5 11.1 12.3 4.9 7.4 14.8 21.0 119.8 38.3
564 Dennis, Dexter DAL 4 1 3 40.9 41.1 87.7 46.9 6.8 31.5 21.7 12.3 19.2 64.3 12.3 45.2 57.5 23.3 15.1 11.0 1.4 5.5 24.7 12.3 101.4 12.3
564 Dowtin Jr., Jeff PHI 4 0 4 51.2 37.5 96.4 38.9 8.9 37.5 23.8 19.6 22.3 88.0 19.6 33.9 53.6 20.5 13.4 4.5 10.7 8.9 15.2 19.6 103.6 -10.7
564 Evbuomwan, Tosan MEM 4 0 4 51.0 46.2 94.5 48.9 15.2 42.8 35.5 18.6 24.8 75.0 13.8 39.3 53.1 26.2 10.3 8.3 4.8 4.1 11.7 17.9 126.2 19.3
564 Fudge, Alex LAL 4 1 3 43.8 42.4 81.8 51.9 18.2 42.4 42.9 18.2 21.2 85.7 18.2 27.3 45.5 33.3 15.2 9.1 3.0 0.0 18.2 18.2 121.2 60.6
564 Giles III, Harry LAL 4 2 2 44.5 33.3 73.3 45.5 13.3 40.0 33.3 20.0 26.7 75.0 6.7 40.0 46.7 20.0 13.3 6.7 6.7 0.0 6.7 20.0 100.0 86.7
564 Jarreau, DeJon MEM 4 1 3 48.7 39.7 87.0 45.7 18.5 43.8 42.2 6.8 8.2 83.3 6.2 33.6 39.7 27.4 15.1 8.9 5.5 2.7 19.2 12.3 104.8 0.0
564 Johnson, Keon BKN 4 0 4 49.6 53.4 89.3 59.8 21.4 46.6 45.8 17.5 20.4 85.7 10.7 29.1 39.8 41.7 13.6 7.8 7.8 1.0 21.4 16.5 145.6 22.3
564 Maledon, Theo PHX 4 2 2 43.7 33.3 90.0 37.0 13.3 46.7 28.6 13.3 20.0 66.7 16.7 56.7 73.3 20.0 13.3 3.3 10.0 6.7 23.3 23.3 93.3 26.7
564 Milton, Shake DET 4 0 4 44.1 39.9 78.3 50.9 9.8 27.3 35.9 24.5 28.7 85.4 7.7 38.5 46.2 25.9 16.1 8.4 8.4 4.2 19.6 21.7 114.0 18.9
564 Ramsey, Jahmi'us TOR 4 0 4 46.3 36.8 90.2 40.8 14.3 38.3 37.3 14.3 18.8 76.0 12.8 37.6 50.4 21.1 15.0 6.0 6.8 6.8 18.8 17.3 102.3 3.8
564 Sanogo, Adama CHI 4 1 3 45.2 3.8 57.7 6.7 0.0 19.2 0.0 0.0 0.0 0.0 0.0 30.8 30.8 3.8 42.3 15.4 3.8 15.4 19.2 0.0 7.7 -80.8
564 Walsh, Jordan BOS 4 4 0 50.8 27.7 87.7 31.6 7.7 35.4 21.7 20.0 24.6 81.3 15.4 27.7 43.1 20.0 15.4 4.6 3.1 4.6 9.2 21.5 83.1 -38.5
564 Wright, Delon MIA 4 3 1 50.2 44.1 90.1 48.9 16.4 35.5 46.3 11.2 13.2 85.0 11.8 30.3 42.1 27.0 13.8 8.6 4.6 3.9 23.7 12.5 115.8 -2.0
579 Batum, Nicolas LAC 3 2 1 47.1 38.3 91.3 41.9 14.8 33.9 43.6 14.8 16.5 89.5 12.2 31.3 43.5 23.5 13.9 5.2 5.2 7.8 21.7 20.9 106.1 0.0
579 Bazley, Darius PHI 3 0 3 51.5 52.6 84.2 62.5 15.8 31.6 50.0 5.3 5.3 100 5.3 21.1 26.3 21.1 10.5 15.8 5.3 5.3 15.8 10.5 126.3 5.3
579 Covington, Robert LAC 3 2 1 47.5 34.2 84.9 40.3 8.9 37.7 23.6 15.1 19.2 78.6 11.6 27.4 39.0 20.5 23.3 11.0 3.4 6.8 20.5 20.5 92.5 -30.8
579 Diakite, Mamadi SAS 3 2 1 48.3 30.3 81.8 37.0 6.1 39.4 15.4 18.2 21.2 85.7 15.2 42.4 57.6 21.2 21.2 6.1 3.0 6.1 24.2 15.2 84.8 -15.2
579 Evbuomwan, Tosan DET 3 0 3 44.4 30.8 59.0 52.2 5.1 20.5 25.0 17.9 25.6 70.0 5.1 35.9 41.0 17.9 28.2 15.4 5.1 5.1 12.8 17.9 84.6 10.3
579 Fournier, Evan NYK 3 2 1 47.7 38.3 71.6 53.4 13.6 32.1 42.3 19.8 23.5 84.2 4.9 35.8 40.7 29.6 21.0 2.5 8.6 1.2 18.5 27.2 109.9 13.6
579 Garuba, Usman GSW 3 2 1 39.0 35.0 70.0 50.0 15.0 25.0 60.0 25.0 35.0 71.4 10.0 35.0 45.0 20.0 10.0 5.0 15.0 5.0 25.0 20.0 110.0 25.0
579 Harrison, Shaquille MEM 3 1 2 45.9 46.2 76.9 60.0 15.4 38.5 40.0 23.1 38.5 60.0 0.0 46.2 46.2 23.1 7.7 7.7 7.7 7.7 0.0 23.1 130.8 84.6
579 Lewis Jr., Kira UTA 3 1 2 42.6 23.5 76.5 30.8 5.9 29.4 20.0 23.5 29.4 80.0 23.5 23.5 47.1 11.8 17.6 5.9 5.9 0.0 17.6 17.6 76.5 -17.6
579 Moore, Taze POR 3 1 2 36.4 25.0 50.0 50.0 7.1 21.4 33.3 46.4 50.0 92.9 3.6 21.4 25.0 14.3 28.6 10.7 3.6 10.7 21.4 25.0 103.6 -17.9
579 Nance, Pete CLE 3 1 2 53.0 14.3 50.0 28.6 7.1 35.7 20.0 14.3 14.3 100 0.0 35.7 35.7 14.3 28.6 0.0 7.1 0.0 14.3 7.1 50.0 -14.3
579 Preston, Jason UTA 3 1 2 47.8 36.4 89.1 40.8 16.4 29.1 56.3 10.9 18.2 60.0 10.9 30.9 41.8 27.3 12.7 7.3 5.5 9.1 7.3 18.2 100.0 -18.2
579 Tucker, P.J. PHI 3 2 1 47.7 37.4 87.8 42.6 7.2 23.7 30.3 13.7 20.9 65.5 10.1 30.9 41.0 22.3 13.7 10.1 5.0 9.4 20.1 18.7 95.7 -20.1
579 Wigginton, Lindell MIL 3 3 0 44.9 47.1 105.9 44.4 11.8 41.2 28.6 17.6 17.6 100 23.5 41.2 64.7 41.2 5.9 11.8 0.0 5.9 5.9 11.8 123.5 58.8
579 Windler, Dylan NYK 3 2 1 46.5 12.5 87.5 14.3 0.0 62.5 0.0 6.3 25.0 25.0 12.5 50.0 62.5 6.3 12.5 6.3 0.0 0.0 6.3 18.8 31.3 -50.0
579 Young, Thaddeus PHX 3 0 3 43.8 33.3 76.4 43.6 8.3 33.3 25.0 25.0 33.3 75.0 8.3 25.0 33.3 25.0 15.3 15.3 5.6 2.8 18.1 16.7 100.0 -8.3
595 Bolden, Marques MIL 2 2 0 37.0 12.5 87.5 14.3 12.5 37.5 33.3 25.0 25.0 100 25.0 0.0 25.0 12.5 12.5 0.0 0.0 0.0 0.0 12.5 62.5 -100.0
595 Bolden, Marques CHA 2 0 2 41.9 40.0 83.3 48.0 13.3 33.3 40.0 6.7 16.7 40.0 10.0 36.7 46.7 30.0 13.3 3.3 3.3 3.3 23.3 13.3 100.0 -6.7
595 Diallo, Hamidou WAS 2 1 1 43.2 18.2 45.5 40.0 0.0 18.2 0.0 9.1 36.4 25.0 0.0 54.5 54.5 18.2 18.2 9.1 9.1 0.0 9.1 18.2 45.5 -36.4
595 Funk, Andrew CHI 2 1 1 51.0 0.0 60.0 0.0 0.0 20.0 0.0 0.0 0.0 0.0 0.0 0.0 0.0 0.0 20.0 0.0 20.0 0.0 0.0 0.0 0.0 -160.0
595 Green, Danny PHI 2 1 1 45.0 41.5 82.9 50.0 12.2 31.7 38.5 19.5 26.8 72.7 9.8 22.0 31.7 26.8 12.2 7.3 7.3 2.4 17.1 19.5 114.6 0.0
595 Gueye, Mouhamadou TOR 2 0 2 42.1 30.4 100.0 30.4 4.3 34.8 12.5 21.7 26.1 83.3 21.7 30.4 52.2 13.0 13.0 0.0 4.3 13.0 17.4 21.7 87.0 -4.3
595 Gueye, Mouhamed ATL 2 2 0 43.8 50.0 60.0 83.3 20.0 20.0 100 20.0 20.0 100 0.0 40.0 40.0 30.0 30.0 10.0 10.0 0.0 10.0 20.0 140.0 130.0
595 Harris, Kevon ORL 2 1 1 43.2 50.0 92.9 53.8 14.3 28.6 50.0 28.6 50.0 57.1 14.3 14.3 28.6 28.6 0.0 0.0 0.0 0.0 14.3 28.6 142.9 0.0
595 Jackson, Justin MIN 2 2 0 35.0 0.0 100.0 0.0 0.0 50.0 0.0 0.0 0.0 0.0 0.0 0.0 0.0 0.0 0.0 0.0 0.0 0.0 0.0 0.0 0.0 0.0
595 Jemison, Trey WAS 2 0 2 37.2 0.0 50.0 0.0 0.0 25.0 0.0 0.0 0.0 0.0 0.0 25.0 25.0 0.0 25.0 25.0 0.0 0.0 0.0 0.0 0.0 -75.0
595 Jerome, Ty CLE 2 1 1 49.4 56.7 83.3 68.0 3.3 6.7 50.0 36.7 46.7 78.6 10.0 36.7 46.7 23.3 6.7 10.0 10.0 0.0 10.0 33.3 153.3 46.7
595 Lofton Jr., Kenneth PHI 2 1 1 44.1 50.0 105.0 47.6 15.0 50.0 30.0 40.0 40.0 100 20.0 30.0 50.0 25.0 0.0 15.0 10.0 5.0 20.0 20.0 155.0 70.0
595 Martin, KJ LAC 2 2 0 47.5 37.9 87.9 43.1 13.6 31.8 42.9 10.6 15.2 70.0 7.6 33.3 40.9 21.2 15.2 6.1 9.1 4.5 21.2 13.6 100.0 6.1
595 Milton, Shake NYK 2 2 0 54.2 30.0 80.0 37.5 0.0 30.0 0.0 30.0 40.0 75.0 20.0 40.0 60.0 10.0 10.0 0.0 20.0 0.0 20.0 20.0 90.0 10.0
595 Petrusev, Filip SAC 2 1 1 51.0 30.8 84.6 36.4 7.7 38.5 20.0 15.4 15.4 100 15.4 30.8 46.2 30.8 15.4 7.7 0.0 0.0 30.8 15.4 84.6 -23.1
595 Primo, Joshua LAC 2 2 0 42.8 41.7 100.0 41.7 4.2 37.5 11.1 8.3 16.7 50.0 8.3 25.0 33.3 20.8 8.3 16.7 4.2 8.3 8.3 12.5 95.8 4.2
595 Skapintsev, Dmytro NYK 2 0 2 53.3 25.0 75.0 33.3 0.0 0.0 0.0 25.0 25.0 100 0.0 75.0 75.0 25.0 0.0 0.0 0.0 0.0 0.0 25.0 75.0 0.0
595 Spencer, Pat GSW 2 0 2 55.8 33.3 83.3 40.0 0.0 16.7 0.0 33.3 33.3 100 33.3 66.7 100.0 16.7 16.7 0.0 16.7 0.0 0.0 16.7 100.0 66.7
595 Wainright, Ish PHX 2 0 2 42.3 31.3 62.5 50.0 21.9 46.9 46.7 21.9 25.0 87.5 3.1 25.0 28.1 15.6 18.8 9.4 0.0 0.0 9.4 21.9 106.3 15.6
595 Whitehead, Dariq BKN 2 1 1 43.6 56.4 89.1 63.3 25.5 49.1 51.9 12.7 18.2 70.0 12.7 32.7 45.5 43.6 9.1 5.5 12.7 3.6 14.5 12.7 150.9 40.0
595 Williams, Alondes MIA 2 2 0 40.9 30.4 69.6 43.8 4.3 30.4 14.3 21.7 26.1 83.3 4.3 34.8 39.1 26.1 13.0 21.7 4.3 0.0 8.7 17.4 87.0 34.8
616 Brockington, Izaiah NOP 1 1 0 42.3 50.0 125.0 40.0 0.0 25.0 0.0 12.5 12.5 100 37.5 37.5 75.0 25.0 0.0 0.0 12.5 12.5 12.5 12.5 112.5 -37.5
616 Cazalon, Malcolm DET 1 0 1 43.1 50.0 66.7 75.0 0.0 0.0 0.0 0.0 0.0 0.0 16.7 16.7 33.3 16.7 33.3 0.0 0.0 0.0 50.0 0.0 100.0 -83.3
616 Crutcher, Jalen NOP 1 1 0 53.0 40.0 100.0 40.0 0.0 60.0 0.0 20.0 20.0 100 0.0 20.0 20.0 40.0 0.0 0.0 20.0 0.0 0.0 20.0 100.0 -20.0
616 Drell, Henri CHI 1 0 1 48.1 33.3 66.7 50.0 16.7 33.3 50.0 16.7 33.3 50.0 0.0 16.7 16.7 16.7 16.7 0.0 0.0 0.0 0.0 16.7 100.0 -50.0
616 Flagler, Adam OKC 1 1 0 42.3 46.2 84.6 54.5 7.7 38.5 20.0 0.0 0.0 0.0 0.0 30.8 30.8 30.8 15.4 15.4 0.0 7.7 15.4 7.7 100.0 0.0
616 Gates, Kaiser NOP 1 0 1 46.5 37.5 100.0 37.5 12.5 31.3 40.0 6.3 12.5 50.0 31.3 50.0 81.3 6.3 25.0 6.3 18.8 0.0 12.5 6.3 93.8 12.5
616 Harper Jr., Ron TOR 1 1 0 45.6 62.5 100.0 62.5 0.0 12.5 0.0 87.5 112.5 77.8 12.5 25.0 37.5 50.0 0.0 12.5 0.0 12.5 0.0 75.0 212.5 112.5
616 Jackson, Quenton IND 1 1 0 36.3 40.0 80.0 50.0 0.0 20.0 0.0 40.0 40.0 100 0.0 40.0 40.0 20.0 0.0 20.0 0.0 20.0 0.0 20.0 120.0 120.0
616 Jones, Mason SAC 1 0 1 50.0 26.9 84.6 31.8 11.5 38.5 30.0 0.0 0.0 0.0 7.7 34.6 42.3 11.5 26.9 7.7 11.5 7.7 19.2 11.5 65.4 -38.5
616 Lewis Jr., Kira TOR 1 0 1 51.7 66.7 133.3 50.0 0.0 33.3 0.0 0.0 0.0 0.0 66.7 33.3 100.0 33.3 0.0 0.0 0.0 0.0 0.0 33.3 133.3 133.3
616 Nowell, Markquis TOR 1 0 1 50.2 28.6 71.4 40.0 14.3 42.9 33.3 0.0 0.0 0.0 0.0 28.6 28.6 14.3 28.6 14.3 28.6 0.0 28.6 14.3 71.4 -57.1
616 Peterson, Drew BOS 1 1 0 51.0 40.0 100.0 40.0 0.0 40.0 0.0 40.0 40.0 100 20.0 20.0 40.0 0.0 0.0 0.0 0.0 0.0 0.0 20.0 120.0 -40.0
616 Petrusev, Filip PHI 1 1 0 38.3 28.6 100.0 28.6 14.3 42.9 33.3 0.0 0.0 0.0 14.3 14.3 28.6 28.6 0.0 14.3 0.0 14.3 14.3 0.0 71.4 -42.9
616 Smart, Javonte PHI 1 1 0 66.7 100.0 300.0 33.3 100.0 200.0 50.0 0.0 0.0 0.0 200.0 0.0 200.0 100.0 0.0 0.0 0.0 0.0 0.0 0.0 300.0 300.0
616 Theis, Daniel IND 1 1 0 44.4 36.8 73.7 50.0 10.5 31.6 33.3 21.1 21.1 100 5.3 52.6 57.9 15.8 15.8 5.3 15.8 5.3 10.5 15.8 105.3 0.0
616 Windler, Dylan ATL 1 0 1 44.1 72.7 109.1 66.7 9.1 36.4 25.0 9.1 9.1 100 18.2 45.5 63.6 36.4 9.1 0.0 0.0 0.0 9.1 27.3 163.6 72.7