PLAYER TEAM AGE GP W L MIN %FGA
2PT %FGA
3PT %PTS
2PT %PTS
2PT MR %PTS
3PT %PTS
FBPS %PTS
FT %PTS
OFFTO %PTS
PITP 2FGM
%AST 2FGM
%UAST 3FGM
%AST 3FGM
%UAST FGM
%AST FGM
%UAST














1 Buddy Hield PHI 31 69 36 33 26.8 32.8 67.2 29.6 4.4 66.0 20.5 4.4 20.8 25.2 68.0 32.0 91.6 8.4 82.1 17.9
2 Andre Drummond CHI 30 68 33 35 17.0 99.3 0.7 81.3 0.4 0.0 4.1 18.7 16.0 80.9 55.3 44.7 0.0 0.0 55.3 44.7
2 Austin Reaves LAL 25 68 36 32 31.8 56.1 43.9 46.7 8.5 35.8 15.0 17.5 11.9 38.1 39.7 60.3 68.2 31.8 49.3 50.7
2 Bobby Portis MIL 29 68 44 24 24.0 71.9 28.1 63.6 16.9 26.7 7.5 9.7 11.2 46.6 54.3 45.7 98.8 1.2 64.1 35.9
2 Christian Braun DEN 22 68 47 21 19.2 67.1 32.9 53.8 2.5 29.6 24.2 16.6 17.9 51.3 71.1 28.9 93.6 6.4 77.1 22.9
2 Dennis Schroder BKN 30 68 24 44 30.6 60.4 39.6 47.3 14.6 36.7 6.8 16.0 12.4 32.7 36.6 63.4 86.2 13.8 53.5 46.5
2 Jeremy Sochan SAS 20 68 15 53 29.7 72.1 27.9 62.7 3.3 24.4 14.1 12.9 12.3 59.4 58.7 41.3 98.4 1.6 66.9 33.1
2 Mikal Bridges BKN 27 68 26 42 35.3 57.4 42.6 45.4 9.2 37.1 12.8 17.5 13.8 36.2 50.5 49.5 85.5 14.5 62.9 37.1
2 Obi Toppin IND 26 68 38 30 21.8 57.2 42.8 55.6 1.2 35.0 20.7 9.4 16.9 54.5 78.8 21.2 100 0.0 85.0 15.0
2 Reggie Jackson DEN 33 68 47 21 21.9 62.9 37.1 56.0 11.5 36.3 8.6 7.7 12.4 44.5 38.4 61.6 78.0 22.0 50.4 49.6
11 Cason Wallace OKC 20 67 47 20 20.5 45.3 54.7 42.2 6.2 52.7 19.8 5.1 17.6 36.0 68.8 31.3 98.8 1.2 82.4 17.6
11 Chet Holmgren OKC 21 67 47 20 30.2 63.5 36.5 55.1 4.8 30.1 8.2 14.8 12.9 50.4 64.0 36.0 97.3 2.7 72.9 27.1
11 Cole Anthony ORL 23 67 40 27 22.9 65.3 34.7 51.9 12.1 26.4 10.5 21.7 15.2 39.8 28.4 71.6 86.8 13.2 43.1 56.9
11 Collin Sexton UTA 25 67 29 38 25.7 67.7 32.3 50.1 4.6 27.4 18.7 22.5 16.9 45.5 43.6 56.4 77.7 22.3 52.7 47.3
11 Georges Niang CLE 30 67 42 25 21.9 37.8 62.2 35.7 4.6 57.0 11.5 7.3 7.9 31.1 71.6 28.4 98.3 1.7 85.3 14.7
11 Jalen Green HOU 22 67 32 35 31.1 56.2 43.8 46.4 8.6 35.4 16.5 18.2 15.2 37.8 35.4 64.6 59.5 40.5 43.5 56.5
11 Jonas Valanciunas NOP 31 67 41 26 24.6 83.1 16.9 71.0 9.8 12.6 2.2 16.4 7.7 61.2 59.9 40.1 100 0.0 64.1 35.9
11 Michael Porter Jr. DEN 25 67 47 20 31.7 47.6 52.4 43.8 15.5 49.8 15.2 6.4 15.5 28.2 74.7 25.3 96.2 3.8 84.0 16.0
11 Naz Reid MIN 24 67 46 21 23.6 51.7 48.3 43.4 0.9 46.3 11.7 10.3 15.1 42.5 62.6 37.4 100 0.0 78.1 21.9
11 Nickeil Alexander-Walker MIN 25 67 46 21 23.4 37.8 62.2 32.7 4.3 59.1 11.9 8.2 12.5 28.5 51.2 48.8 97.0 3.0 76.2 23.8
11 Ochai Agbaji TOR 23 67 29 38 19.8 47.7 52.3 47.2 3.3 46.3 23.6 6.5 13.3 43.9 78.2 21.8 98.2 1.8 86.1 13.9
11 Paul Reed PHI 24 67 37 30 19.0 87.3 12.7 78.7 8.3 11.8 3.9 9.5 13.5 70.4 62.6 37.4 84.2 15.8 64.6 35.4
11 Payton Pritchard BOS 26 67 53 14 20.7 35.1 64.9 32.3 7.4 61.8 13.2 5.9 11.5 24.9 32.2 67.8 85.6 14.4 62.1 37.9
24 Ayo Dosunmu CHI 24 66 33 33 28.0 57.5 42.5 51.0 5.9 40.1 23.1 8.9 19.6 45.1 55.0 45.0 90.9 9.1 67.4 32.6
24 Coby White CHI 24 66 32 34 36.7 52.5 47.5 42.1 6.8 43.4 16.9 14.5 16.9 35.3 29.9 70.1 85.5 14.5 52.5 47.5
24 Corey Kispert WAS 25 66 11 55 23.4 38.5 61.5 37.4 2.0 51.3 14.4 11.3 14.7 35.5 72.5 27.5 95.7 4.3 83.6 16.4
24 DeMar DeRozan CHI 34 66 32 34 37.7 82.5 17.5 59.1 24.5 12.6 3.9 28.3 13.3 34.7 28.1 71.9 85.9 14.1 35.3 64.7
24 Domantas Sabonis SAC 27 66 38 28 35.9 91.9 8.1 76.7 3.5 6.8 6.8 16.5 12.0 73.2 60.0 40.0 93.3 6.7 61.9 38.1
24 Donte DiVincenzo NYK 27 66 40 26 26.9 30.1 69.9 25.7 1.5 67.4 15.6 6.9 17.9 24.2 62.0 38.0 91.5 8.5 80.8 19.2
24 Harrison Barnes SAC 31 66 38 28 29.4 45.6 54.4 38.2 5.4 47.1 8.6 14.7 11.9 32.8 62.8 37.2 96.9 3.1 78.2 21.8
24 Jordan Poole WAS 24 66 11 55 29.1 53.0 47.0 45.3 8.2 40.0 16.8 14.7 15.9 37.2 45.6 54.4 68.0 32.0 53.9 46.1
24 Josh Giddey OKC 21 66 47 19 24.5 71.0 29.0 65.4 6.5 25.1 15.3 9.5 13.7 58.9 55.2 44.8 96.9 3.1 63.7 36.3
24 Josh Hart NYK 29 66 39 27 32.1 58.5 41.5 52.8 2.7 35.6 19.5 11.6 16.2 50.1 60.8 39.2 88.7 11.3 69.4 30.6
24 Kelly Olynyk TOR 32 66 29 37 21.3 67.9 32.1 54.9 4.0 25.8 9.6 19.3 11.6 50.8 52.1 47.9 96.1 3.9 62.6 37.4
24 Moritz Wagner ORL 26 66 39 27 18.1 79.1 20.9 67.4 0.6 12.8 3.9 19.8 16.4 66.9 79.6 20.4 96.8 3.2 81.5 18.5
24 Nikola Jokic DEN 29 66 46 20 34.3 83.5 16.5 71.0 7.7 11.6 3.5 17.4 9.9 63.2 57.1 42.9 78.8 21.2 59.2 40.8
24 Paolo Banchero ORL 21 66 39 27 34.9 76.2 23.8 57.8 14.2 20.1 13.1 22.1 16.7 43.6 35.2 64.8 66.3 33.7 41.0 59.0
24 Pascal Siakam IND 29 66 29 37 33.9 78.8 21.2 67.4 8.4 15.6 14.3 17.0 11.4 58.9 50.1 49.9 97.3 2.7 56.4 43.6
24 Peyton Watson DEN 21 66 46 20 18.4 63.4 36.6 58.4 5.3 28.5 23.9 13.1 15.9 53.1 81.8 18.2 97.7 2.3 85.7 14.3
24 Sam Hauser BOS 26 66 53 13 21.2 13.6 86.4 13.0 1.8 84.3 14.6 2.7 12.6 11.2 75.0 25.0 98.1 1.9 93.8 6.3
24 Shai Gilgeous-Alexander OKC 25 66 47 19 34.5 82.4 17.6 62.1 14.3 12.8 11.4 25.1 16.8 47.8 22.2 77.8 37.9 62.1 24.1 75.9
24 Simone Fontecchio DET 28 66 29 37 24.9 39.1 60.9 34.1 2.6 58.1 12.9 7.8 14.3 31.5 72.9 27.1 97.8 2.2 86.1 13.9
24 Tyus Jones WAS 27 66 11 55 29.3 61.6 38.4 55.7 9.9 40.3 17.5 4.0 16.8 45.8 41.8 58.2 79.2 20.8 54.0 46.0
44 Brook Lopez MIL 35 65 43 22 31.0 46.7 53.3 44.7 3.0 44.5 1.5 10.8 6.2 41.8 73.5 26.5 100 0.0 84.1 15.9
44 Jonathan Kuminga GSW 21 65 34 31 26.1 80.4 19.6 66.9 5.1 13.6 16.1 19.5 13.9 61.8 61.8 38.2 91.7 8.3 65.3 34.7
44 Kyle Kuzma WAS 28 65 11 54 32.2 65.0 35.0 58.2 7.7 29.5 17.8 12.3 15.4 50.5 55.6 44.4 80.4 19.6 61.8 38.2
44 Luguentz Dort OKC 24 65 45 20 28.6 40.0 60.0 30.3 3.1 56.4 13.9 13.3 17.0 27.2 63.6 36.4 99.2 0.8 83.3 16.7
44 Malik Beasley MIL 27 65 41 24 29.7 25.3 74.7 20.9 3.7 76.7 13.3 2.4 17.5 17.1 64.1 35.9 94.8 5.2 85.9 14.1
44 Malik Monk SAC 26 65 38 27 26.2 51.6 48.4 42.9 7.4 42.6 15.6 14.5 12.9 35.4 45.7 54.3 78.6 21.4 58.8 41.2
44 Norman Powell LAC 30 65 41 24 26.0 49.5 50.5 39.0 6.6 47.8 12.8 13.2 15.2 32.3 68.2 31.8 91.7 8.3 78.8 21.3
44 Royce O'Neale PHX 30 65 28 37 25.4 20.6 79.4 16.9 1.2 78.9 11.2 4.2 18.9 15.7 71.4 28.6 93.1 6.9 87.9 12.1
44 Taurean Prince LAL 29 65 34 31 28.3 36.3 63.7 31.6 3.7 61.6 14.9 6.8 13.4 27.8 87.1 12.9 93.4 6.6 90.7 9.3
44 Tim Hardaway Jr. DAL 32 65 38 27 27.9 39.0 61.0 31.5 13.1 55.2 14.6 13.3 13.7 18.4 67.1 32.9 85.6 14.4 77.1 22.9
54 Aaron Holiday HOU 27 64 31 33 16.3 47.3 52.7 38.8 8.7 51.0 7.3 10.2 12.4 30.1 25.0 75.0 84.3 15.7 52.7 47.3
54 Aaron Wiggins OKC 25 64 46 18 14.4 63.4 36.6 54.1 1.0 36.3 13.7 9.6 16.5 53.1 69.5 30.5 95.7 4.3 77.6 22.4
54 Anthony Davis LAL 31 64 35 29 35.6 93.0 7.0 73.5 8.9 3.8 7.6 22.7 13.6 64.5 67.8 32.2 95.0 5.0 68.7 31.3
54 Anthony Edwards MIN 22 64 44 20 35.1 66.3 33.8 51.1 10.4 28.5 15.5 20.4 15.3 40.8 33.2 66.8 55.3 44.7 39.2 60.8
54 Bogdan Bogdanovic ATL 31 64 29 35 29.7 40.1 59.9 33.8 7.9 55.9 16.6 10.3 15.1 25.9 60.3 39.7 88.8 11.2 75.3 24.7
54 Cedi Osman SAS 28 64 14 50 17.4 42.9 57.1 41.3 2.8 50.8 16.7 7.9 13.2 38.5 70.8 29.2 97.3 2.7 82.7 17.3
54 Dejounte Murray ATL 27 64 28 36 35.4 63.3 36.7 54.0 13.5 33.0 12.0 13.0 12.9 40.5 27.3 72.7 66.9 33.1 38.7 61.3
54 Giannis Antetokounmpo MIL 29 64 41 23 35.0 90.5 9.5 70.9 5.9 5.0 17.6 24.1 12.7 65.0 50.9 49.1 48.5 51.5 50.8 49.2
54 Grant Williams CHA 25 64 31 33 27.5 40.9 59.1 34.5 3.5 51.7 10.8 13.8 14.5 30.9 72.9 27.1 95.3 4.7 84.1 15.9
54 Jayson Tatum BOS 26 64 51 13 35.7 56.6 43.4 44.3 9.3 35.3 11.8 20.4 15.7 35.0 36.2 63.8 46.1 53.9 39.6 60.4
54 Jevon Carter CHI 28 64 31 33 13.7 37.1 62.9 34.9 19.0 63.8 13.7 1.3 16.5 15.9 67.3 32.7 88.1 11.9 78.7 21.3
54 Jusuf Nurkic PHX 29 64 39 25 27.3 84.2 15.8 72.1 1.4 8.5 2.3 19.4 12.6 70.7 61.7 38.3 100 0.0 64.5 35.5
54 Kyle Anderson MIN 30 64 45 19 22.5 88.7 11.3 74.3 7.5 6.0 8.7 19.7 10.5 66.8 49.0 51.0 100 0.0 51.6 48.4
54 Myles Turner IND 27 64 36 28 27.4 66.0 34.0 56.5 8.0 24.2 7.1 19.3 9.6 48.6 79.5 20.5 100 0.0 84.0 16.0
54 Toumani Camara POR 23 64 19 45 24.5 60.7 39.3 53.0 1.3 32.1 17.5 14.9 16.2 51.7 50.8 49.2 100 0.0 64.9 35.1
69 Alperen Sengun HOU 21 63 29 34 32.5 88.7 11.3 74.2 4.5 7.4 4.9 18.4 13.3 69.7 62.6 37.4 100 0.0 64.9 35.1
69 Ausar Thompson DET 21 63 10 53 25.1 76.5 23.5 75.9 5.4 11.3 19.1 12.8 15.6 70.5 67.3 32.7 95.2 4.8 69.8 30.2
69 Bilal Coulibaly WAS 19 63 11 52 27.2 57.2 42.8 46.6 2.3 36.1 20.7 17.3 16.7 44.4 62.1 37.9 95.3 4.7 73.4 26.6
69 Cameron Payne PHI 29 63 36 27 16.3 45.1 54.9 37.5 7.8 50.3 8.1 12.2 10.9 29.6 40.7 59.3 84.4 15.6 61.3 38.7
69 D'Angelo Russell LAL 28 63 36 27 32.1 52.4 47.6 42.0 9.0 47.0 14.6 11.0 13.8 32.9 37.6 62.4 73.4 26.6 52.9 47.1
69 Damian Lillard MIL 33 63 44 19 35.1 50.8 49.2 35.9 7.4 37.2 8.1 26.9 11.0 28.5 21.0 79.0 51.8 48.2 33.6 66.4
69 Deni Avdija WAS 23 63 11 52 29.1 71.5 28.5 58.6 3.2 24.2 19.3 17.2 11.7 55.4 59.3 40.7 90.1 9.9 66.0 34.0
69 Derrick Jones Jr. DAL 27 63 36 27 23.6 51.1 48.9 47.8 1.1 38.5 15.2 13.7 15.5 46.7 74.6 25.4 100 0.0 83.5 16.5
69 Isaiah Joe OKC 24 63 44 19 18.4 27.2 72.8 24.2 8.6 69.1 15.0 6.7 18.4 15.6 75.8 24.2 97.5 2.5 90.0 10.0
69 Jaden Ivey DET 22 63 12 51 28.6 62.2 37.8 49.6 6.5 29.7 20.4 20.7 12.9 43.2 43.3 56.7 87.4 12.6 55.9 44.1
69 Jeff Green HOU 37 63 30 33 16.3 63.5 36.5 49.1 6.4 24.0 7.5 26.9 14.1 42.7 70.7 29.3 90.0 10.0 75.4 24.6
69 Keldon Johnson SAS 24 63 15 48 29.6 58.0 42.0 49.3 3.4 35.3 13.8 15.4 13.9 45.9 48.2 51.8 90.8 9.2 62.0 38.0
69 Kevin Huerter SAC 25 63 36 27 24.8 39.1 60.9 38.2 3.4 56.3 16.5 5.5 15.4 34.8 80.8 19.2 95.1 4.9 87.9 12.1
69 Klay Thompson GSW 34 63 32 31 29.6 39.5 60.5 31.9 15.1 58.2 12.1 9.9 12.6 16.8 72.8 27.2 94.3 5.7 84.6 15.4
69 Malaki Branham SAS 20 63 13 50 20.5 58.9 41.1 53.3 10.1 38.0 11.1 8.7 18.1 43.1 61.9 38.1 95.7 4.3 72.8 27.2
69 Matisse Thybulle POR 27 63 18 45 23.4 27.4 72.6 26.0 1.1 67.8 17.5 6.2 16.1 24.9 63.0 37.0 100 0.0 86.5 13.5
69 Nikola Vucevic CHI 33 63 31 32 34.5 74.3 25.7 72.7 14.7 19.7 1.5 7.6 11.4 58.0 72.8 27.2 100 0.0 77.0 23.0
69 Patrick Beverley MIL 35 63 38 25 19.6 52.6 47.4 43.4 2.1 40.5 6.3 16.1 13.5 41.3 34.1 65.9 82.4 17.6 52.6 47.4
69 Rudy Gobert MIN 31 63 44 19 33.9 99.4 0.6 76.4 0.2 0.0 4.9 23.6 13.9 76.2 67.8 32.2 0.0 0.0 67.8 32.2
69 Saddiq Bey ATL 24 63 28 35 32.7 48.6 51.4 41.0 2.1 39.3 14.8 19.7 16.9 38.9 49.2 50.8 98.2 1.8 68.3 31.7
69 Tre Jones SAS 24 63 14 49 26.8 69.0 31.0 62.4 3.6 22.8 17.0 14.8 16.2 58.7 41.8 58.2 89.1 10.9 51.1 48.9
90 Aaron Gordon DEN 28 62 42 20 31.4 80.8 19.2 71.7 2.3 11.6 12.8 16.7 10.8 69.4 64.4 35.6 81.8 18.2 66.1 33.9
90 Derrick White BOS 29 62 50 12 32.3 42.6 57.4 35.7 2.8 51.9 11.9 12.4 12.1 32.9 43.7 56.3 79.0 21.0 61.1 38.9
90 Devin Vassell SAS 23 62 14 48 32.8 56.9 43.1 48.5 14.7 38.9 15.6 12.6 11.1 33.8 60.0 40.0 83.2 16.8 68.1 31.9
90 Drew Eubanks PHX 27 62 33 29 15.6 98.6 1.4 78.8 0.6 2.7 2.7 18.5 7.6 78.2 81.5 18.5 100 0.0 82.0 18.0
90 Duncan Robinson MIA 29 62 35 27 28.6 30.5 69.5 26.9 1.2 64.0 12.3 9.1 17.2 25.7 75.4 24.6 91.2 8.8 85.1 14.9
90 Grayson Allen PHX 28 62 36 26 33.8 34.4 65.6 25.3 0.2 61.8 13.6 12.9 11.4 25.1 61.0 39.0 90.6 9.4 79.3 20.7
90 Immanuel Quickley TOR 24 62 26 36 28.9 51.9 48.1 38.2 7.7 45.1 19.3 16.7 16.4 30.5 40.2 59.8 69.3 30.7 53.0 47.0
90 Jabari Smith Jr. HOU 20 62 31 31 32.0 55.7 44.3 46.9 10.5 38.8 13.0 14.3 12.2 36.4 61.2 38.8 94.4 5.6 73.0 27.0
90 Jalen Brunson NYK 27 62 39 23 35.2 67.4 32.6 51.6 12.4 29.2 8.8 19.2 12.4 39.1 23.9 76.1 58.4 41.6 33.4 66.6
90 Jarrett Allen CLE 25 62 40 22 31.6 99.2 0.8 81.0 3.6 0.0 6.9 19.0 11.3 77.4 80.4 19.6 0.0 0.0 80.4 19.6
90 John Collins UTA 26 62 27 35 28.3 68.5 31.5 62.3 3.8 24.5 10.0 13.2 12.8 58.5 73.4 26.6 98.6 1.4 78.7 21.3
90 Kentavious Caldwell-Pope DEN 31 62 44 18 31.6 50.1 49.9 39.4 15.2 45.6 21.0 15.0 17.6 24.2 76.2 23.8 95.7 4.3 84.7 15.3
90 Kevon Looney GSW 28 62 33 29 16.9 99.5 0.5 83.7 2.8 0.0 3.5 16.3 10.3 80.9 66.9 33.1 0.0 0.0 66.9 33.1
90 Mike Conley MIN 36 62 44 18 28.9 36.7 63.3 26.3 3.8 62.1 12.0 11.6 12.3 22.5 47.2 52.8 82.1 17.9 68.6 31.4
90 Pat Connaughton MIL 31 62 40 22 21.8 30.0 70.0 29.6 0.6 60.7 7.7 9.7 16.0 29.1 65.4 34.6 95.8 4.2 82.9 17.1
90 Spencer Dinwiddie LAL 30 62 27 35 29.1 43.8 56.3 34.6 2.1 45.2 8.8 20.2 7.6 32.5 16.4 83.6 73.3 26.7 42.9 57.1
106 Anthony Black ORL 20 61 34 27 17.9 62.2 37.8 49.0 5.4 34.7 17.7 16.3 21.1 43.5 72.2 27.8 94.1 5.9 79.2 20.8
106 Brandon Ingram NOP 26 61 37 24 33.2 76.3 23.7 61.7 24.6 19.5 7.9 18.8 13.9 37.1 41.9 58.1 77.4 22.6 48.0 52.0
106 Brandon Miller CHA 21 61 15 46 31.9 56.2 43.8 47.7 14.4 41.7 16.1 10.6 13.7 33.3 48.3 51.7 92.9 7.1 64.8 35.2
106 Daniel Gafford DAL 25 61 19 42 24.7 100 0.0 83.8 1.8 0.0 6.8 16.2 12.5 82.0 73.5 26.5 0.0 0.0 73.5 26.5
106 Dario Saric GSW 29 61 32 29 17.6 49.1 50.9 41.4 3.6 43.5 4.6 15.1 11.3 37.8 65.4 34.6 100 0.0 79.7 20.3
106 Gary Trent Jr. TOR 25 61 22 39 27.5 43.8 56.3 34.1 12.4 59.7 19.8 6.2 15.6 21.7 58.3 41.7 92.2 7.8 76.6 23.4
106 Herbert Jones NOP 25 61 38 23 29.4 54.6 45.4 43.9 2.1 40.9 22.3 15.2 21.1 41.8 60.1 39.9 95.7 4.3 73.8 26.2
106 Isaiah Hartenstein NYK 25 61 38 23 24.9 98.9 1.1 79.4 0.5 0.7 5.5 19.9 10.5 78.9 64.5 35.5 100 0.0 64.7 35.3
106 Jaime Jaquez Jr. MIA 23 61 36 25 29.4 72.1 27.9 63.2 4.4 21.1 15.0 15.7 15.8 58.7 50.8 49.2 98.1 1.9 59.5 40.5
106 Jalen Suggs ORL 22 61 36 25 26.6 45.1 54.9 37.6 5.9 51.2 16.4 11.2 20.7 31.7 46.1 53.9 85.2 14.8 64.7 35.3
106 Jrue Holiday BOS 33 61 48 13 33.1 54.1 45.9 44.2 6.2 48.1 14.2 7.7 11.2 38.0 47.1 52.9 74.4 25.6 58.6 41.4
106 Kawhi Leonard LAC 32 61 39 22 34.3 70.4 29.6 57.2 13.4 26.9 11.8 15.9 15.7 43.8 44.6 55.4 66.2 33.8 49.7 50.3
106 Keegan Murray SAC 23 61 35 26 33.0 49.1 50.9 45.7 8.7 44.5 16.1 9.8 16.4 37.0 74.6 25.4 97.0 3.0 83.4 16.6
106 Kevin Durant PHX 35 61 34 27 37.3 72.8 27.2 57.1 24.6 23.7 12.6 19.2 13.3 32.4 48.6 51.4 79.9 20.1 55.3 44.7
106 Paul George LAC 33 61 39 22 34.2 51.3 48.7 40.7 15.3 44.3 10.3 15.0 15.2 25.4 45.8 54.2 72.1 27.9 56.9 43.1
106 Terance Mann LAC 27 61 39 22 25.4 56.5 43.5 53.9 2.8 34.5 24.2 11.6 16.0 51.1 62.5 37.5 94.8 5.2 72.2 27.8
122 Franz Wagner ORL 22 60 37 23 32.9 69.2 30.8 60.5 2.5 20.9 13.2 18.6 17.5 58.0 41.5 58.5 79.8 20.2 48.7 51.3
122 Fred VanVleet HOU 30 60 31 29 36.8 41.9 58.1 30.6 13.2 53.4 15.9 16.0 14.2 17.4 21.3 78.7 56.7 43.3 40.3 59.7
122 Jaden Hardy DAL 21 60 34 26 14.0 52.3 47.7 42.3 8.8 46.9 16.5 10.8 16.7 33.5 42.7 57.3 81.7 18.3 59.3 40.7
122 Jalen Williams OKC 22 60 42 18 31.7 75.6 24.4 62.4 11.1 23.9 14.3 13.7 19.1 51.3 39.2 60.8 75.0 25.0 46.5 53.5
122 James Harden LAC 34 60 38 22 34.7 41.0 59.0 27.0 4.1 47.7 11.1 25.3 12.2 23.0 16.4 83.6 45.5 54.5 32.1 67.9
122 Jaylen Brown BOS 27 60 46 14 33.4 67.2 32.8 59.8 10.1 27.0 18.6 13.2 14.8 49.7 42.7 57.3 64.0 36.0 47.6 52.4
122 Julian Champagnie SAS 22 60 12 48 17.6 27.7 72.3 20.6 0.6 65.2 12.5 14.2 12.3 20.1 86.5 13.5 97.4 2.6 93.9 6.1
122 Karl-Anthony Towns MIN 28 60 41 19 32.8 66.0 34.0 50.9 5.1 30.3 4.9 18.8 13.9 45.8 63.9 36.1 97.0 3.0 73.3 26.7
122 Keyonte George UTA 20 60 25 35 26.0 45.4 54.6 33.6 7.0 47.3 13.2 19.1 12.6 26.6 37.2 62.8 70.2 29.8 53.2 46.8
122 Max Strus CLE 27 60 39 21 32.2 33.7 66.3 32.5 1.6 59.0 16.4 8.5 18.4 30.9 68.1 31.9 97.2 2.8 84.0 16.0
122 P.J. Washington DAL 25 60 19 41 29.9 50.4 49.6 49.4 1.8 39.4 11.4 11.2 15.5 47.6 78.9 21.1 94.1 5.9 84.2 15.8
122 Precious Achiuwa NYK 24 60 31 29 23.0 78.4 21.6 73.5 1.2 14.5 10.3 12.0 15.6 72.3 59.3 40.7 95.8 4.2 63.6 36.4
122 Scottie Barnes TOR 22 60 22 38 34.9 68.6 31.4 58.1 7.1 25.4 15.4 16.5 13.2 51.0 46.2 53.8 91.1 8.9 56.4 43.6
122 Stephen Curry GSW 36 60 34 26 32.8 39.1 60.9 29.9 7.9 54.2 8.9 15.9 13.9 22.0 38.4 61.6 59.0 41.0 49.7 50.3
122 Tobias Harris PHI 31 60 35 25 33.8 73.6 26.4 63.0 9.1 21.0 17.7 16.0 14.7 53.9 43.2 56.8 94.4 5.6 52.5 47.5
122 Victor Wembanyama SAS 20 60 14 46 29.0 68.3 31.7 56.8 9.3 24.2 11.9 19.0 14.6 47.5 74.4 25.6 81.2 18.8 75.9 24.1
138 Aaron Nesmith IND 24 59 33 26 27.2 47.5 52.5 38.3 3.3 49.7 16.6 12.0 18.2 35.0 68.6 31.4 98.3 1.7 82.4 17.6
138 Alex Caruso CHI 30 59 29 30 27.8 39.7 60.3 35.2 2.4 54.3 14.7 10.5 17.2 32.8 45.6 54.4 88.7 11.3 67.5 32.5
138 Bennedict Mathurin IND 21 59 33 26 26.1 67.7 32.3 50.5 8.2 28.0 15.9 21.5 17.2 42.3 58.3 41.7 75.0 25.0 62.8 37.2
138 Clint Capela ATL 29 59 27 32 25.4 100 0.0 84.3 0.0 0.0 6.6 15.7 13.8 84.3 65.5 34.5 0.0 0.0 65.5 34.5
138 David Roddy PHX 22 59 20 39 19.6 59.5 40.5 54.6 1.4 34.2 15.2 11.2 15.7 53.2 60.0 40.0 97.9 2.1 71.2 28.8
138 Dorian Finney-Smith BKN 30 59 23 36 28.5 33.7 66.3 31.9 0.8 63.2 17.1 4.9 14.6 31.1 76.2 23.8 98.2 1.8 88.7 11.3
138 LeBron James LAL 39 59 31 28 35.2 70.2 29.8 58.2 6.1 25.8 19.8 16.0 14.2 52.1 44.2 55.8 68.2 31.8 49.6 50.4
138 Luka Doncic DAL 25 59 36 23 37.4 56.4 43.6 45.2 11.4 34.3 8.9 20.5 13.0 33.7 15.5 84.5 29.7 70.3 20.3 79.7
146 Alec Burks NYK 32 58 14 44 19.3 41.5 58.5 25.2 8.9 53.9 8.8 20.9 8.3 16.3 48.8 51.2 76.9 23.1 65.3 34.7
146 Brandin Podziemski GSW 21 58 30 28 27.1 60.2 39.8 52.2 2.5 39.7 12.9 8.1 16.3 49.7 54.8 45.2 74.3 25.7 61.4 38.6
146 De'Aaron Fox SAC 26 58 34 24 35.7 64.1 35.9 53.1 8.2 30.4 12.7 16.5 14.4 44.8 18.4 81.6 63.9 36.1 31.0 69.0
146 Dillon Brooks HOU 28 58 28 30 31.2 52.9 47.1 42.9 5.9 43.6 16.4 13.5 11.5 37.1 59.0 41.0 96.3 3.7 74.1 25.9
146 Isaac Okoro CLE 23 58 36 22 27.3 55.5 44.5 46.8 1.1 38.8 29.4 14.4 17.0 45.7 78.8 21.2 98.6 1.4 85.9 14.1
146 Jabari Walker POR 21 58 16 42 22.0 71.9 28.1 61.8 2.8 18.3 8.3 19.9 16.1 58.9 61.2 38.8 100 0.0 67.6 32.4
146 Jaren Jackson Jr. MEM 24 58 19 39 32.1 67.4 32.6 52.1 1.5 25.0 3.6 22.9 16.3 50.5 48.5 51.5 94.4 5.6 59.6 40.4
146 Kris Dunn UTA 30 58 25 33 18.6 65.1 34.9 58.7 1.3 35.8 12.6 5.5 15.5 57.4 28.6 71.4 97.3 2.7 48.4 51.6
146 Marcus Sasser DET 23 58 10 48 16.5 52.8 47.2 44.4 13.6 47.0 10.7 8.6 11.9 30.8 37.9 62.1 67.2 32.8 50.0 50.0
146 Nic Claxton BKN 24 58 21 37 29.6 99.0 1.0 86.6 1.4 0.4 8.7 13.0 12.2 85.2 73.4 26.6 100 0.0 73.5 26.5
146 Nick Richards CHA 26 58 12 46 26.6 99.7 0.3 79.1 1.4 0.0 9.5 20.9 9.3 77.7 65.3 34.7 0.0 0.0 65.3 34.7
146 Russell Westbrook LAC 35 58 38 20 22.6 75.7 24.3 68.6 5.9 17.3 17.8 14.1 13.7 62.7 37.7 62.3 89.2 10.8 45.1 54.9
146 Tyrese Maxey PHI 23 58 36 22 37.3 59.7 40.3 45.6 4.1 35.6 15.0 18.8 17.0 41.5 34.0 66.0 63.1 36.9 44.0 56.0
159 Andrew Wiggins GSW 29 57 28 29 26.9 69.0 31.0 58.3 9.7 27.5 10.1 14.2 11.5 48.5 60.5 39.5 92.4 7.6 68.1 31.9
159 Bam Adebayo MIA 26 57 32 25 34.6 98.0 2.0 76.3 9.4 1.1 8.3 22.6 12.3 67.0 58.6 41.4 100 0.0 58.9 41.1
159 Cade Cunningham DET 22 57 8 49 33.6 70.3 29.7 57.2 17.1 26.1 8.1 16.7 10.7 40.1 25.7 74.3 70.0 30.0 36.0 64.0
159 Jaden McDaniels MIN 23 57 38 19 29.0 60.4 39.6 59.0 7.2 33.8 16.4 7.2 16.9 51.9 60.7 39.3 98.5 1.5 71.1 28.9
159 Jae'Sean Tate HOU 28 57 26 31 16.7 65.7 34.3 63.1 0.0 27.4 10.4 9.5 17.4 63.1 53.9 46.1 100 0.0 64.3 35.7
159 Jaxson Hayes LAL 23 57 31 26 11.7 94.0 6.0 83.4 0.9 0.0 10.8 16.6 12.1 82.5 84.9 15.1 0.0 0.0 84.9 15.1
159 Jordan Hawkins NOP 21 57 34 23 19.0 34.6 65.4 25.3 9.9 61.8 16.8 12.9 15.2 15.4 75.0 25.0 99.0 1.0 89.9 10.1
159 Miles Bridges CHA 25 57 14 43 37.6 63.2 36.8 55.1 6.8 32.9 9.6 12.0 14.9 48.3 56.3 43.7 87.2 12.8 65.1 34.9
159 T.J. McConnell IND 31 57 31 26 17.8 93.5 6.5 86.0 14.5 5.7 5.5 8.3 12.4 71.5 29.8 70.2 80.0 20.0 31.9 68.1
168 Al Horford BOS 37 56 44 12 26.8 37.6 62.4 36.7 2.2 58.3 10.2 5.0 9.3 34.6 69.4 30.6 100 0.0 85.1 14.9
168 Bruce Brown TOR 27 56 25 31 28.3 70.9 29.1 61.1 6.2 22.0 23.7 16.9 15.6 55.0 60.1 39.9 91.1 8.9 66.1 33.9
168 Davion Mitchell SAC 25 56 33 23 13.7 48.1 51.9 48.0 8.9 43.9 13.4 8.1 11.0 39.0 45.8 54.2 97.2 2.8 65.3 34.7
168 Zach Collins SAS 26 56 12 44 22.7 69.5 30.5 62.0 5.1 22.4 2.7 15.6 10.8 56.9 70.3 29.7 100 0.0 76.0 24.0
168 Zion Williamson NOP 23 56 34 22 30.9 98.4 1.6 78.0 0.3 1.2 12.5 20.8 16.1 77.7 47.0 53.0 100 0.0 47.5 52.5
173 Amir Coffey LAC 26 55 37 18 19.1 48.8 51.3 42.0 4.1 44.4 22.2 13.6 16.9 37.9 80.3 19.7 96.0 4.0 86.8 13.2
173 Caris LeVert CLE 29 55 33 22 28.2 58.6 41.4 49.5 5.5 35.6 13.0 14.9 17.8 44.0 38.8 61.2 75.6 24.4 50.7 49.3
173 Eric Gordon PHX 35 55 32 23 29.3 36.5 63.5 33.4 0.9 59.6 10.3 7.0 15.0 32.5 62.7 37.3 93.1 6.9 79.3 20.7
173 Ivica Zubac LAC 27 55 33 22 26.4 100 0.0 84.7 0.0 0.0 3.8 15.3 11.7 84.7 76.6 23.4 0.0 0.0 76.6 23.4
173 Jaylin Williams OKC 21 55 39 16 12.4 36.4 63.6 28.4 2.9 60.3 4.9 11.3 16.7 25.5 75.9 24.1 100 0.0 90.0 10.0
173 Kenrich Williams OKC 29 55 40 15 14.0 45.0 55.0 41.6 2.7 57.1 11.5 1.3 15.5 38.9 80.9 19.1 97.7 2.3 88.9 11.1
173 Malachi Flynn DET 25 55 26 29 11.1 45.1 54.9 37.6 6.4 49.5 15.1 12.9 24.8 31.2 34.1 65.9 83.3 16.7 57.1 42.9
173 Naji Marshall NOP 26 55 36 19 19.0 58.8 41.2 46.7 4.0 37.2 12.9 16.1 15.9 42.7 57.4 42.6 96.0 4.0 70.8 29.2
173 Santi Aldama MEM 23 55 21 34 26.0 47.9 52.1 44.8 2.7 47.2 11.6 8.0 10.9 42.1 69.5 30.5 95.7 4.3 80.3 19.7
173 Tyrese Haliburton IND 24 55 31 24 32.3 50.2 49.8 45.0 12.2 41.2 11.0 13.8 13.5 32.7 29.5 70.5 43.9 56.1 35.0 65.0
173 Walker Kessler UTA 22 55 26 29 23.4 93.9 6.1 87.0 0.0 2.6 8.8 10.4 11.9 87.0 73.6 26.4 100 0.0 74.1 25.9
184 Andrew Nembhard IND 24 54 32 22 24.1 68.6 31.4 65.2 15.7 27.8 13.6 7.0 13.0 49.5 39.2 60.8 91.1 8.9 50.7 49.3
184 Dean Wade CLE 27 54 36 18 20.5 12.9 87.1 11.7 2.1 81.4 13.7 6.9 17.5 9.6 64.7 35.3 98.7 1.3 92.7 7.3
184 Devin Booker PHX 27 54 33 21 35.9 70.0 30.0 54.9 21.8 23.0 14.2 22.1 11.1 33.2 36.4 63.6 60.2 39.8 41.6 58.4
184 Dwight Powell DAL 32 54 32 22 14.0 98.0 2.0 67.7 0.0 1.5 2.0 30.8 14.1 67.7 65.7 34.3 100 0.0 66.2 33.8
184 Goga Bitadze ORL 24 54 29 25 16.9 93.8 6.2 80.0 0.0 2.1 3.4 17.9 16.9 80.0 65.5 34.5 100 0.0 66.1 33.9
184 Jerami Grant POR 30 54 17 37 33.9 67.5 32.5 48.1 11.8 29.4 10.6 22.5 16.2 36.2 44.5 55.5 97.3 2.7 59.8 40.2
184 Joe Ingles ORL 36 54 35 19 17.2 30.4 69.6 20.5 0.8 70.1 9.4 9.4 11.5 19.7 44.0 56.0 94.7 5.3 79.3 20.7
184 Jordan Clarkson UTA 31 54 22 32 30.5 62.1 37.9 52.5 7.5 29.1 8.7 18.4 10.1 45.0 37.0 63.0 70.3 29.7 46.0 54.0
184 Josh Green DAL 23 54 31 23 26.6 50.1 49.9 45.4 3.9 46.5 25.8 8.1 15.5 41.5 74.0 26.0 95.8 4.2 82.9 17.1
184 Josh Okogie PHX 25 54 33 21 17.1 54.3 45.7 41.9 0.7 30.3 11.2 27.8 19.5 41.2 62.5 37.5 100 0.0 74.7 25.3
184 Kelly Oubre Jr. PHI 28 54 30 24 29.5 62.6 37.4 55.2 3.8 28.0 18.5 16.8 16.9 51.5 56.6 43.4 87.8 12.2 64.5 35.5
184 Max Christie LAL 21 54 28 26 15.6 50.5 49.5 41.9 9.7 44.8 11.3 13.3 12.5 32.3 65.4 34.6 97.3 2.7 78.7 21.3
184 Miles McBride NYK 23 54 33 21 15.1 44.8 55.2 36.7 9.2 56.7 14.3 6.6 19.2 27.5 31.3 68.8 86.4 13.6 59.2 40.8
184 Rui Hachimura LAL 26 54 29 25 25.8 66.0 34.0 58.0 7.6 31.5 16.6 10.5 13.4 50.4 80.9 19.1 98.6 1.4 85.6 14.4
198 Cam Thomas BKN 22 53 18 35 30.2 67.8 32.2 52.9 16.5 29.0 10.6 18.1 10.6 36.4 44.9 55.1 71.8 28.2 52.1 47.9
198 Duop Reath POR 27 53 15 38 17.7 49.9 50.1 44.4 1.7 44.4 8.0 11.2 10.4 42.7 65.7 34.3 98.6 1.4 78.9 21.1
198 Onyeka Okongwu ATL 23 53 23 30 25.8 81.5 18.5 70.8 0.7 12.2 4.1 17.0 11.3 70.1 77.6 22.4 100 0.0 79.9 20.1
198 RJ Barrett TOR 23 53 24 29 31.6 70.5 29.5 57.7 2.5 24.9 20.6 17.4 15.4 55.2 60.9 39.1 98.8 1.2 69.4 30.6
198 Trayce Jackson-Davis GSW 24 53 29 24 14.1 100 0.0 85.4 1.1 0.0 6.6 14.6 10.6 84.4 73.3 26.7 0.0 0.0 73.3 26.7
198 Zeke Nnaji DEN 23 53 37 16 9.8 84.6 15.4 66.3 0.0 8.9 8.3 24.8 11.8 66.3 62.5 37.5 100 0.0 65.6 34.4
204 Cameron Johnson BKN 28 52 19 33 27.7 43.4 56.6 36.2 5.9 53.0 14.3 10.8 13.3 30.3 59.7 40.3 95.2 4.8 77.3 22.7
204 Daniel Theis LAC 31 52 35 17 16.7 77.5 22.5 70.7 1.9 19.1 8.3 10.2 9.9 68.8 81.1 18.9 100 0.0 84.0 16.0
204 Dennis Smith Jr. BKN 26 52 19 33 19.5 68.0 32.0 62.7 5.1 25.4 16.9 11.9 19.2 57.6 42.3 57.7 86.7 13.3 51.8 48.2
204 Doug McDermott IND 32 52 14 38 14.7 19.2 80.8 14.9 3.4 81.4 13.9 3.7 12.2 11.5 90.9 9.1 97.5 2.5 96.1 3.9
204 Dyson Daniels NOP 21 52 30 22 21.9 57.0 43.0 55.6 2.1 33.3 12.8 11.1 23.3 53.5 50.0 50.0 100 0.0 64.3 35.7
204 Jalen Duren DET 20 52 12 40 29.9 99.4 0.6 84.3 0.3 0.0 10.2 15.7 10.0 84.1 67.1 32.9 0.0 0.0 67.1 32.9
204 Jamal Murray DEN 27 52 38 14 32.0 65.7 34.3 53.1 20.2 34.2 9.6 12.7 14.1 32.9 33.6 66.4 59.7 40.3 41.4 58.6
204 John Konchar MEM 27 52 17 35 20.6 43.1 56.9 43.0 0.0 48.4 19.7 8.6 21.5 43.0 70.8 29.2 100 0.0 83.3 16.7
204 Vince Williams Jr. MEM 23 52 18 34 27.6 44.9 55.1 34.5 1.2 45.5 13.1 20.0 19.2 33.4 51.1 48.9 92.4 7.6 70.4 29.6
213 CJ McCollum NOP 32 51 34 17 31.3 46.1 53.9 37.8 9.4 53.1 16.4 9.1 16.4 28.4 41.2 58.8 75.9 24.1 58.0 42.0
213 Caleb Houstan ORL 21 51 27 24 14.0 6.7 93.3 6.4 0.9 84.9 15.1 8.7 15.1 5.5 57.1 42.9 98.4 1.6 94.2 5.8
213 Day'Ron Sharpe BKN 22 51 20 31 15.5 95.1 4.9 77.6 0.0 3.3 8.2 19.1 11.7 77.6 65.5 34.5 100 0.0 66.4 33.6
213 Garrison Mathews ATL 27 51 23 28 13.4 11.0 89.0 6.3 3.2 85.7 4.2 8.0 19.0 3.2 83.3 16.7 98.1 1.9 96.7 3.3
213 Haywood Highsmith MIA 27 51 30 21 19.4 40.3 59.7 36.3 3.0 55.6 11.5 8.1 16.3 33.3 67.3 32.7 100 0.0 83.8 16.2
213 JT Thor CHA 21 51 12 39 12.4 55.6 44.4 49.0 7.0 46.2 14.0 4.8 16.1 42.0 71.4 28.6 100 0.0 82.5 17.5
213 Keita Bates-Diop BKN 28 51 29 22 12.9 58.4 41.6 52.3 2.1 32.3 14.4 15.4 9.7 50.3 62.7 37.3 95.2 4.8 72.2 27.8
213 Lauri Markkanen UTA 26 51 22 29 32.9 50.0 50.0 39.3 3.9 41.8 8.7 18.9 11.0 35.4 74.0 26.0 98.2 1.8 84.1 15.9
213 Moses Moody GSW 21 51 27 24 17.8 53.4 46.6 49.4 4.8 37.0 12.6 13.6 15.7 44.6 58.8 41.2 88.2 11.8 68.6 31.4
213 Quentin Grimes DET 23 51 32 19 20.1 26.8 73.2 22.8 1.1 67.7 23.7 9.5 15.3 21.7 73.2 26.8 96.3 3.7 88.5 11.5
213 Trae Young ATL 25 51 22 29 36.5 53.6 46.4 37.1 7.9 37.7 9.2 25.2 13.8 29.2 24.5 75.5 33.7 66.3 28.2 71.8
213 Ziaire Williams MEM 22 51 20 31 20.3 50.0 50.0 43.8 7.1 41.4 12.4 14.8 13.6 36.7 64.1 35.9 89.7 10.3 74.0 26.0
225 Bryce McGowens CHA 21 50 9 41 15.8 54.6 45.4 45.0 3.9 34.9 19.0 20.1 15.5 41.1 46.6 53.4 96.7 3.3 63.6 36.4
225 Caleb Martin MIA 28 50 28 22 27.4 60.4 39.6 49.3 7.6 38.7 11.6 12.0 11.0 41.7 56.9 43.1 91.2 8.8 68.7 31.3
225 Chris Boucher TOR 31 50 16 34 14.1 56.7 43.3 49.1 1.2 28.9 18.3 22.0 15.2 47.8 59.5 40.5 100 0.0 70.9 29.1
225 Christian Wood LAL 28 50 28 22 17.4 56.8 43.2 50.7 2.9 30.3 10.1 19.0 10.4 47.8 76.1 23.9 97.1 2.9 82.1 17.9
225 Isaiah Jackson IND 22 50 30 20 13.0 98.0 2.0 80.5 3.0 0.0 8.9 19.5 15.7 77.5 78.7 21.3 0.0 0.0 78.7 21.3
225 Jakob Poeltl TOR 28 50 21 29 26.4 100 0.0 89.4 2.9 0.0 7.2 10.6 12.1 86.5 79.8 20.2 0.0 0.0 79.8 20.2
225 Jalen Johnson ATL 22 50 25 25 34.0 72.1 27.9 64.3 3.3 23.7 18.0 12.0 17.8 61.1 71.5 28.5 98.4 1.6 76.8 23.2
225 KJ Martin PHI 23 50 26 24 11.6 83.1 16.9 77.0 0.0 12.1 25.3 10.9 25.9 77.0 80.6 19.4 100 0.0 82.4 17.6
225 Terry Rozier MIA 30 50 16 34 34.1 60.2 39.8 51.6 11.6 32.8 12.1 15.6 13.7 39.9 28.8 71.2 66.1 33.9 39.9 60.1
234 Andre Jackson Jr. MIL 22 49 30 19 10.4 55.1 44.9 54.7 6.8 38.5 24.8 6.8 15.4 47.9 50.0 50.0 100 0.0 66.0 34.0
234 Dereck Lively II DAL 20 49 29 20 24.2 99.3 0.7 91.6 0.5 0.0 10.2 8.4 10.7 91.2 79.7 20.3 0.0 0.0 79.7 20.3
234 Donovan Mitchell CLE 27 49 33 16 35.4 55.1 44.9 44.3 11.2 37.1 17.6 18.6 14.9 33.1 24.6 75.4 54.8 45.2 35.4 64.6
234 Luke Kornet BOS 28 49 38 11 15.2 100 0.0 84.3 0.8 0.0 7.3 15.7 9.2 83.5 69.1 30.9 0.0 0.0 69.1 30.9
234 Sam Merrill CLE 27 49 32 17 16.9 10.9 89.1 7.3 0.0 88.6 13.0 4.1 17.1 7.3 78.6 21.4 95.6 4.4 93.8 6.3
234 Trendon Watford BKN 23 49 19 30 11.5 79.6 20.4 66.2 3.5 15.8 14.1 18.0 10.2 62.7 45.7 54.3 93.3 6.7 52.3 47.7
234 Trey Lyles SAC 28 49 29 20 19.8 31.3 68.7 28.1 1.1 59.3 6.0 12.6 10.6 26.9 71.4 28.6 100 0.0 88.1 11.9
241 Amen Thompson HOU 21 48 21 27 20.0 83.5 16.5 77.5 3.5 6.0 24.8 16.5 18.0 74.0 49.7 50.3 87.5 12.5 51.5 48.5
241 Jalen Smith IND 24 48 28 20 17.8 63.3 36.7 57.5 2.8 30.8 9.3 11.7 11.3 54.7 67.1 32.9 100 0.0 75.8 24.2
241 James Wiseman DET 22 48 7 41 14.9 99.0 1.0 86.6 3.4 0.0 12.1 13.4 14.4 83.2 73.6 26.4 0.0 0.0 73.6 26.4
241 Jordan Goodwin MEM 25 48 26 22 16.3 60.1 39.9 53.2 7.6 35.4 9.9 11.4 19.8 45.6 32.9 67.1 90.3 9.7 50.5 49.5
241 Kyle Lowry PHI 37 48 25 23 28.2 34.2 65.8 27.7 4.6 59.2 11.8 13.1 14.9 23.1 50.0 50.0 81.8 18.2 68.7 31.3
241 Larry Nance Jr. NOP 31 48 28 20 18.9 72.3 27.7 62.4 1.5 24.0 4.9 13.6 12.9 60.8 79.3 20.7 95.2 4.8 82.5 17.5
241 Scoot Henderson POR 20 48 16 32 26.8 66.5 33.5 51.3 10.3 27.3 13.6 21.4 14.7 41.1 29.7 70.3 67.3 32.7 39.5 60.5
248 Blake Wesley SAS 21 47 12 35 13.3 77.3 22.7 73.5 1.0 7.7 29.1 18.8 31.1 72.4 55.6 44.4 100 0.0 58.4 41.6
248 Gradey Dick TOR 20 47 16 31 18.4 43.2 56.8 37.5 8.0 54.5 23.7 8.0 15.1 29.5 82.0 18.0 98.3 1.7 90.0 10.0
248 Jimmy Butler MIA 34 47 24 23 34.1 83.1 16.9 54.8 8.5 13.7 11.5 31.5 14.8 46.3 46.0 54.0 78.3 21.7 50.6 49.4
248 Kevin Love MIA 35 47 26 21 17.5 30.5 69.5 28.7 2.4 52.2 5.2 19.1 16.2 26.4 59.0 41.0 98.6 1.4 80.7 19.3
248 Kris Murray POR 23 47 10 37 17.8 50.2 49.8 51.1 0.0 38.4 18.7 10.5 21.5 51.1 46.4 53.6 100 0.0 64.3 35.7
248 Lonnie Walker IV BKN 25 47 20 27 17.7 45.1 54.9 35.0 7.2 56.7 19.1 8.3 18.9 27.8 44.8 55.2 74.5 25.5 60.2 39.8
248 Vasilije Micic CHA 30 47 30 17 17.2 59.3 40.7 56.5 11.3 28.9 9.0 14.6 12.6 45.2 40.0 60.0 65.5 34.5 46.5 53.5
255 Chris Duarte SAC 26 46 27 19 12.8 41.7 58.3 31.4 4.3 56.8 8.1 11.8 16.8 27.0 69.0 31.0 88.6 11.4 79.7 20.3
255 Jonathan Isaac ORL 26 46 29 17 15.1 62.6 37.4 54.0 4.0 30.0 8.3 16.0 14.7 50.0 64.2 35.8 96.7 3.3 73.0 27.0
255 Jose Alvarado NOP 25 46 31 15 17.5 42.8 57.2 35.0 2.5 55.3 13.8 9.7 17.2 32.5 55.4 44.6 89.8 10.2 73.0 27.0
255 Julius Randle NYK 29 46 29 17 35.4 70.8 29.2 57.9 6.9 20.7 12.7 21.4 12.7 51.0 42.3 57.7 86.8 13.2 50.9 49.1
255 Kristaps Porzingis BOS 28 46 35 11 29.8 60.4 39.6 47.9 4.9 28.7 5.4 23.4 9.3 43.0 71.6 28.4 98.9 1.1 79.4 20.6
255 Kyrie Irving DAL 31 46 28 18 34.3 63.4 36.6 52.2 14.6 35.2 12.7 12.6 11.7 37.7 36.7 63.3 70.1 29.9 47.1 52.9
255 Landry Shamet WAS 27 46 6 40 15.8 42.7 57.3 39.8 11.0 48.6 14.7 11.6 13.8 28.7 73.8 26.2 92.5 7.5 82.2 17.8
255 Nicolas Batum PHI 35 46 27 19 24.6 28.0 72.0 27.3 3.3 66.9 2.5 5.8 10.7 24.0 57.6 42.4 100 0.0 83.9 16.1
263 AJ Green MIL 24 45 31 14 10.3 14.1 85.9 11.8 6.9 80.9 5.9 7.3 6.4 4.9 83.3 16.7 92.7 7.3 91.0 9.0
263 Dalen Terry CHI 21 45 21 24 10.0 47.9 52.1 49.1 1.8 32.7 22.7 18.2 24.5 47.3 48.1 51.9 91.7 8.3 61.5 38.5
263 Deandre Ayton POR 25 45 12 33 32.3 99.5 0.5 92.1 21.2 0.4 5.8 7.5 15.5 70.9 73.3 26.7 100 0.0 73.4 26.6
263 Isaiah Stewart DET 22 45 9 36 31.2 54.4 45.6 47.4 1.2 39.8 5.6 12.8 10.8 46.2 72.9 27.1 100 0.0 82.6 17.4
263 MarJon Beauchamp MIL 23 45 29 16 13.1 54.2 45.8 47.2 9.2 43.1 19.0 9.7 18.5 37.9 58.7 41.3 96.4 3.6 73.0 27.0
263 Mo Bamba PHI 25 45 23 22 12.1 71.5 28.5 59.1 3.4 29.0 5.7 11.9 14.2 55.7 61.5 38.5 100 0.0 71.0 29.0
269 Gary Harris ORL 29 44 29 15 23.4 31.9 68.1 30.8 3.8 59.4 11.6 9.8 11.0 27.0 73.5 26.5 98.4 1.6 87.5 12.5
269 Justin Holiday DEN 34 44 28 16 14.5 30.2 69.8 29.4 10.6 68.8 19.4 1.8 18.2 18.8 76.0 24.0 97.4 2.6 89.1 10.9
269 Khris Middleton MIL 32 44 28 16 26.2 61.5 38.5 53.2 27.1 34.2 8.1 12.6 10.8 26.1 37.1 62.9 73.3 26.7 48.0 52.0
269 Marvin Bagley III WAS 25 44 4 40 21.2 95.3 4.7 79.5 3.5 3.0 6.7 17.5 16.1 76.0 64.9 35.1 100 0.0 65.7 34.3
269 OG Anunoby NYK 26 44 26 18 34.1 52.8 47.2 49.2 6.1 40.8 22.9 10.0 17.7 43.1 69.6 30.4 95.5 4.5 78.8 21.2
269 Oshae Brissett BOS 25 44 37 7 11.2 60.2 39.8 51.3 1.3 22.5 18.1 26.2 17.5 50.0 65.9 34.1 100 0.0 73.6 26.4
269 Seth Curry CHA 33 44 25 19 14.0 47.1 52.9 37.2 18.6 50.4 9.3 12.4 15.5 18.6 50.0 50.0 86.8 13.2 67.5 32.5
269 Shake Milton NYK 27 44 29 15 12.7 66.5 33.5 56.0 7.7 24.6 19.8 19.4 21.7 48.3 62.1 37.9 94.1 5.9 69.3 30.7
269 Troy Brown Jr. DET 24 44 28 16 11.2 30.8 69.2 27.9 6.7 60.3 7.3 11.8 15.6 21.2 48.0 52.0 88.9 11.1 72.1 27.9
278 Anfernee Simons POR 24 43 11 32 34.7 52.0 48.0 39.1 8.3 45.1 12.9 15.8 13.6 30.8 17.0 83.0 63.1 36.9 37.0 63.0
278 Ben Sheppard IND 22 43 23 20 12.6 31.6 68.4 31.3 3.4 58.7 23.5 10.0 19.0 27.9 53.6 46.4 100 0.0 79.4 20.6
278 Craig Porter Jr. CLE 24 43 27 16 13.4 85.6 14.4 73.5 17.4 12.5 12.9 14.0 17.4 56.1 36.1 63.9 81.8 18.2 40.7 59.3
278 Danilo Gallinari MIL 35 43 14 29 13.2 50.3 49.7 37.4 12.5 32.7 3.9 29.9 8.6 24.9 52.1 47.9 85.7 14.3 64.5 35.5
278 Darius Garland CLE 24 43 25 18 33.2 58.2 41.8 46.7 9.6 37.8 10.9 15.5 13.7 37.0 33.3 66.7 67.6 32.4 45.4 54.6
278 De'Andre Hunter ATL 26 43 20 23 28.4 56.0 44.0 41.8 11.9 39.4 9.7 18.8 14.3 29.9 66.4 33.6 88.6 11.4 75.0 25.0
278 Ish Smith CHA 35 43 6 37 17.2 94.9 5.1 89.2 28.8 8.6 11.5 2.2 14.4 60.4 38.7 61.3 75.0 25.0 40.9 59.1
278 Josh Richardson MIA 30 43 24 19 25.6 45.2 54.8 41.4 8.0 46.6 11.8 12.0 13.9 33.4 51.1 48.9 97.0 3.0 70.8 29.2
278 Patrick Williams CHI 22 43 19 24 27.3 58.8 41.2 46.6 11.7 41.3 11.4 12.1 15.9 35.0 55.0 45.0 96.6 3.4 70.4 29.6
278 Talen Horton-Tucker UTA 23 43 12 31 19.6 61.5 38.5 48.1 2.9 34.3 16.4 17.6 12.6 45.2 26.7 73.3 79.2 20.8 43.6 56.4
288 Bojan Bogdanovic NYK 34 42 10 32 29.5 50.2 49.8 39.3 11.0 46.2 15.3 14.5 12.4 28.3 61.5 38.5 89.3 10.7 73.7 26.3
288 Chris Paul GSW 38 42 22 20 26.9 53.4 46.6 44.8 24.7 44.8 4.1 10.4 13.9 20.1 18.4 81.6 65.5 34.5 37.2 62.8
288 Dante Exum DAL 28 42 25 17 19.2 68.6 31.4 55.6 1.7 30.9 17.8 13.5 17.5 53.9 53.6 46.4 97.2 2.8 65.4 34.6
288 Kessler Edwards SAC 23 42 26 16 4.6 38.9 61.1 33.3 6.7 60.0 8.3 6.7 26.7 26.7 60.0 40.0 100 0.0 81.8 18.2
288 Killian Hayes DET 22 42 7 35 24.0 73.9 26.1 65.7 24.2 22.8 10.4 11.5 13.8 41.5 48.4 51.6 86.4 13.6 55.6 44.4
288 Mike Muscala OKC 32 42 11 31 12.6 35.7 64.3 30.3 4.1 57.9 2.8 11.8 9.7 26.2 68.2 31.8 100 0.0 86.0 14.0
288 Nick Smith Jr. CHA 19 42 8 34 15.0 49.2 50.8 33.3 11.4 62.2 9.8 4.5 16.3 22.0 36.6 63.4 88.2 11.8 65.2 34.8
288 Trey Murphy III NOP 23 42 27 15 27.5 27.5 72.5 25.8 1.4 62.0 20.8 12.2 14.7 24.4 68.4 31.6 91.0 9.0 82.3 17.7
296 Draymond Green GSW 34 41 24 17 26.7 65.0 35.0 54.0 1.6 33.5 4.4 12.5 12.5 52.3 77.8 22.2 92.7 7.3 82.1 17.9
296 Jaden Springer BOS 21 41 26 15 10.1 68.2 31.8 61.2 7.5 17.9 25.4 20.9 20.1 53.7 46.3 53.7 87.5 12.5 53.1 46.9
296 Jock Landale HOU 28 41 19 22 10.3 76.9 23.1 67.7 1.6 11.8 6.3 20.5 20.5 66.1 67.4 32.6 100 0.0 70.8 29.2
296 Jordan McLaughlin MIN 27 41 25 16 9.6 39.4 60.6 28.8 1.7 66.1 9.3 5.1 32.2 27.1 76.5 23.5 96.2 3.8 88.4 11.6
296 Julian Strawther DEN 21 41 28 13 12.1 37.5 62.5 35.9 3.9 55.3 17.0 8.8 12.6 32.0 62.2 37.8 94.7 5.3 78.7 21.3
296 Keon Ellis SAC 24 41 25 16 13.1 24.6 75.4 24.1 3.8 68.4 20.3 7.5 13.9 20.3 73.7 26.3 94.4 5.6 87.3 12.7
296 Wendell Carter Jr. ORL 24 41 23 18 26.3 62.0 38.0 52.7 2.9 30.8 5.2 16.5 10.7 49.8 72.2 27.8 98.0 2.0 79.4 20.6
296 Xavier Tillman BOS 25 41 20 21 19.7 73.3 26.7 72.0 1.7 19.1 5.9 8.9 17.4 70.3 83.5 16.5 100 0.0 86.0 14.0
304 Cam Reddish LAL 24 40 22 18 22.2 53.0 47.0 42.7 1.6 42.3 19.4 15.0 25.4 41.1 71.7 28.3 100 0.0 83.0 17.0
304 Chuma Okeke ORL 25 40 19 21 10.0 26.7 73.3 31.1 1.9 67.0 15.5 1.9 17.5 29.1 75.0 25.0 95.7 4.3 87.2 12.8
304 Dalano Banton POR 24 40 22 18 14.4 63.2 36.8 49.3 2.1 32.3 23.3 18.4 11.8 47.2 28.2 71.8 87.1 12.9 46.1 53.9
304 JaVale McGee SAC 36 40 24 16 7.9 95.7 4.3 83.9 1.1 1.7 3.4 14.4 17.8 82.8 79.5 20.5 100 0.0 79.7 20.3
304 Julian Phillips CHI 20 40 20 20 8.1 50.6 49.4 44.9 4.5 40.4 16.9 14.7 14.6 40.4 75.0 25.0 100 0.0 84.4 15.6
309 Bradley Beal PHX 30 39 23 16 33.0 69.7 30.3 60.8 13.9 26.6 10.8 12.6 16.5 46.9 43.5 56.5 81.5 18.5 52.1 47.9
309 Cody Zeller NOP 31 39 23 16 7.7 95.0 5.0 65.8 0.0 4.1 8.2 30.1 11.0 65.8 54.2 45.8 100 0.0 56.0 44.0
309 Jalen McDaniels TOR 26 39 10 29 9.4 54.2 45.8 58.8 0.0 27.7 19.3 13.5 20.2 58.8 74.3 25.7 90.9 9.1 78.3 21.7
309 Jordan Nwora TOR 25 39 13 26 11.8 54.5 45.5 49.0 3.3 37.3 18.7 13.7 18.7 45.6 67.8 32.2 80.0 20.0 71.9 28.1
309 Malcolm Brogdon POR 31 39 15 24 28.7 59.9 40.1 44.4 11.1 40.1 9.8 15.5 12.1 33.3 25.7 74.3 75.6 24.4 44.5 55.5
309 Torrey Craig CHI 33 39 16 23 20.6 37.8 62.2 31.9 2.6 58.2 10.3 9.9 9.9 29.3 54.1 45.9 95.6 4.4 76.8 23.2
315 Anthony Gill WAS 31 38 6 32 5.6 73.1 26.9 65.1 0.0 14.5 12.0 20.4 21.7 65.1 59.3 40.7 100 0.0 64.5 35.5
315 Cam Whitmore HOU 19 38 16 22 17.8 53.8 46.2 47.4 4.3 39.8 22.6 12.8 16.3 43.0 57.8 42.2 93.4 6.6 70.6 29.4
315 Desmond Bane MEM 25 38 14 24 34.5 53.9 46.1 45.4 8.9 41.1 15.8 13.5 16.4 36.5 41.0 59.0 62.2 37.8 49.0 51.0
315 Evan Mobley CLE 22 38 24 14 31.1 91.8 8.2 79.6 2.7 5.6 9.1 14.8 13.0 76.9 73.7 26.3 100 0.0 74.9 25.1
315 Gordon Hayward OKC 33 38 17 21 26.8 79.7 20.3 62.7 17.7 19.4 15.1 17.9 20.3 45.0 58.0 42.0 92.6 7.4 63.9 36.1
315 Jericho Sims NYK 25 38 24 14 13.6 100 0.0 85.4 0.0 0.0 0.0 14.6 9.0 85.4 63.2 36.8 0.0 0.0 63.2 36.8
321 Chimezie Metu PHX 26 37 22 15 12.1 60.8 39.2 55.1 3.2 24.3 16.2 20.6 23.8 51.9 82.4 17.6 100 0.0 86.4 13.6
321 Delon Wright MIA 31 37 9 28 14.4 69.6 30.4 50.3 5.2 31.0 14.2 18.7 27.7 45.2 35.9 64.1 81.3 18.8 49.1 50.9
321 Jacob Gilyard BKN 25 37 10 27 17.7 16.7 83.3 10.4 5.8 88.4 9.8 1.2 15.0 4.6 11.1 88.9 82.4 17.6 71.7 28.3
321 Jae Crowder MIL 33 37 21 16 24.0 37.8 62.2 34.5 10.1 58.0 9.7 7.5 13.9 24.4 92.7 7.3 95.7 4.3 94.3 5.7
321 Johnny Davis WAS 22 37 4 33 10.1 76.6 23.4 71.9 4.5 20.2 28.1 7.9 20.2 67.4 56.3 43.8 100 0.0 63.2 36.8
321 Marcus Morris Sr. PHI 34 37 22 15 17.2 56.1 43.9 43.7 20.2 43.7 5.7 12.6 13.8 23.5 44.4 55.6 97.2 2.8 65.6 34.4
321 Nassir Little PHX 24 37 22 15 11.6 43.1 56.9 44.8 1.5 42.5 25.4 12.7 21.6 43.3 80.0 20.0 100 0.0 87.8 12.2
321 Sandro Mamukelashvili SAS 24 37 8 29 6.4 53.9 46.1 59.1 4.5 27.3 12.5 13.6 21.6 54.5 57.7 42.3 100 0.0 67.6 32.4
321 Tristan Thompson CLE 33 37 24 13 12.5 99.0 1.0 90.0 0.0 0.0 2.9 10.0 2.9 90.0 55.6 44.4 0.0 0.0 55.6 44.4
330 De'Anthony Melton PHI 25 36 23 13 27.8 40.5 59.5 29.5 3.4 54.5 20.3 16.0 14.3 26.2 47.5 52.5 80.0 20.0 65.4 34.6
330 Eugene Omoruyi WAS 27 36 4 32 7.9 76.7 23.3 70.2 2.6 11.9 19.2 17.9 31.8 67.5 60.4 39.6 100 0.0 64.4 35.6
330 Kobe Brown LAC 24 36 25 11 8.1 38.1 61.9 39.3 3.3 59.0 18.0 1.7 13.1 36.1 75.0 25.0 100 0.0 87.5 12.5
330 Luke Kennard MEM 27 36 13 23 25.2 24.0 76.0 15.6 5.0 74.6 13.3 9.8 17.8 10.6 74.2 25.8 94.9 5.1 90.0 10.0
330 Omer Yurtseven UTA 25 36 15 21 9.3 83.2 16.8 82.3 1.6 9.7 2.4 8.0 13.7 80.6 64.7 35.3 100 0.0 67.3 32.7
330 Tyler Herro MIA 24 36 19 17 33.6 54.8 45.2 44.3 13.1 46.9 14.6 8.8 13.1 31.2 41.0 59.0 80.3 19.7 57.2 42.8
336 Bismack Biyombo OKC 31 35 17 18 21.4 100 0.0 85.0 0.0 0.0 7.5 15.0 18.1 85.0 76.5 23.5 0.0 0.0 76.5 23.5
336 Furkan Korkmaz PHI 26 35 22 13 8.6 47.4 52.6 36.4 2.3 47.7 15.9 15.9 35.2 34.1 75.0 25.0 71.4 28.6 73.3 26.7
336 Richaun Holmes WAS 30 35 10 25 12.2 98.2 1.8 82.9 1.3 2.0 11.2 15.1 9.2 81.6 74.6 25.4 100 0.0 75.0 25.0
336 Sasha Vezenkov SAC 28 35 18 17 12.6 39.4 60.6 36.7 1.0 58.2 8.7 5.1 9.7 35.7 77.8 22.2 97.4 2.6 87.8 12.2
340 Danuel House Jr. PHI 30 34 21 13 15.0 52.4 47.6 44.4 4.2 31.3 33.3 24.3 20.8 40.3 71.9 28.1 93.3 6.7 78.7 21.3
340 GG Jackson MEM 19 34 10 24 22.3 49.3 50.7 39.0 1.9 43.0 14.1 18.0 18.8 37.1 61.4 38.6 91.8 8.2 74.3 25.7
340 Joel Embiid PHI 30 34 26 8 34.0 85.1 14.9 60.1 18.7 10.2 5.8 29.7 9.1 41.5 53.2 46.8 80.5 19.5 56.0 44.0
340 Yuta Watanabe MEM 29 34 18 16 13.7 26.7 73.3 27.4 3.4 64.1 20.5 8.5 22.2 23.9 56.3 43.8 100 0.0 82.9 17.1
344 Luka Samanic UTA 24 33 13 20 7.2 57.9 42.1 48.5 1.9 29.1 11.7 22.4 8.7 46.6 80.0 20.0 100 0.0 85.7 14.3
344 Mason Plumlee LAC 34 33 20 13 15.3 99.1 0.9 72.3 0.0 0.0 5.3 27.7 12.8 72.3 75.0 25.0 0.0 0.0 75.0 25.0
344 Olivier-Maxence Prosper DAL 21 33 19 14 7.9 54.1 45.9 43.4 2.4 28.9 27.7 27.7 13.3 41.0 66.7 33.3 100 0.0 76.9 23.1
344 Skylar Mays LAL 26 33 11 22 12.8 65.4 34.6 60.1 11.8 31.4 7.2 8.5 15.0 48.4 26.1 73.9 87.5 12.5 41.9 58.1
348 A.J. Lawson DAL 23 32 19 13 7.6 54.3 45.7 53.6 0.0 34.8 31.3 11.6 23.2 53.6 50.0 50.0 100 0.0 65.1 34.9
348 Alex Len SAC 30 32 16 16 8.7 95.2 4.8 87.8 4.9 0.0 2.4 12.2 8.5 82.9 66.7 33.3 0.0 0.0 66.7 33.3
348 Nikola Jovic MIA 20 32 15 17 17.6 46.3 53.8 34.7 1.0 55.1 11.2 10.2 17.9 33.7 64.7 35.3 86.1 13.9 75.7 24.3
348 Shaedon Sharpe POR 20 32 8 24 33.1 58.5 41.5 45.5 9.8 35.3 13.5 19.2 19.2 35.7 46.6 53.4 71.7 28.3 55.1 44.9
352 Damian Jones CLE 28 31 21 10 7.4 81.0 19.0 75.6 2.4 7.3 11.0 17.1 17.1 73.2 77.4 22.6 100 0.0 78.8 21.2
352 Gary Payton II GSW 31 31 18 13 15.2 67.7 32.3 66.7 0.0 27.8 16.0 5.5 23.5 66.7 79.6 20.4 100 0.0 84.1 15.9
352 Kevin Knox II DET 24 31 4 27 18.1 49.5 50.5 49.3 6.3 41.7 24.7 9.0 16.1 43.0 78.2 21.8 96.8 3.2 84.9 15.1
352 Lamar Stevens MEM 26 31 19 12 12.3 84.4 15.6 70.2 7.4 16.0 13.3 13.8 16.0 62.8 51.5 48.5 100 0.0 57.9 42.1
352 Maxi Kleber DAL 32 31 17 14 21.0 38.1 61.9 36.1 6.0 47.4 0.8 16.5 15.8 30.1 91.7 8.3 95.2 4.8 93.3 6.7
357 Bol Bol PHX 24 30 19 11 11.0 69.8 30.2 72.8 7.4 22.2 11.1 5.0 9.9 65.4 76.3 23.7 100 0.0 80.3 19.7
357 Bruno Fernando ATL 25 30 14 16 13.2 97.1 2.9 79.7 0.0 0.0 2.8 20.3 10.5 79.7 73.7 26.3 0.0 0.0 73.7 26.3
357 Davis Bertans CHA 31 30 17 13 13.3 13.4 86.6 8.9 2.2 78.3 14.4 12.8 26.1 6.7 87.5 12.5 95.7 4.3 94.5 5.5
357 Lester Quinones GSW 23 30 17 13 11.9 38.7 61.3 30.7 5.8 56.9 13.1 12.4 10.9 24.8 38.1 61.9 96.2 3.8 70.2 29.8
357 Markelle Fultz ORL 25 30 18 12 21.8 95.3 4.7 91.7 12.4 1.2 16.5 7.1 20.2 79.3 38.7 61.3 100 0.0 39.3 60.7
357 Ousmane Dieng OKC 20 30 18 12 11.3 35.9 64.1 38.3 6.7 50.0 17.5 11.7 36.7 31.7 91.3 8.7 100 0.0 95.3 4.7
357 Thomas Bryant MIA 26 30 17 13 10.5 90.4 9.6 81.5 3.1 0.0 8.5 18.5 17.7 78.5 71.7 28.3 0.0 0.0 71.7 28.3
364 Bones Hyland LAC 23 29 16 13 14.5 45.4 54.6 38.9 5.4 53.5 13.0 7.6 17.3 33.5 36.1 63.9 57.6 42.4 46.4 53.6
364 DeAndre Jordan DEN 35 29 19 10 11.3 100 0.0 81.4 0.0 0.0 1.7 18.6 6.8 81.4 72.9 27.1 0.0 0.0 72.9 27.1
364 Dominick Barlow SAS 20 29 5 24 12.9 91.3 8.7 73.5 13.2 6.6 2.9 19.9 9.6 60.3 70.0 30.0 100 0.0 71.7 28.3
364 Jalen Wilson BKN 23 29 8 21 14.2 57.8 42.2 44.6 3.1 36.9 8.5 18.5 20.8 41.5 51.7 48.3 100 0.0 68.9 31.1
364 Jarred Vanderbilt LAL 24 29 14 15 20.0 76.3 23.7 68.0 0.0 16.0 24.7 16.0 20.0 68.0 70.6 29.4 100 0.0 74.6 25.4
364 Jeremiah Robinson-Earl NOP 23 29 16 13 9.9 59.0 41.0 52.0 8.0 36.0 14.0 12.0 15.0 44.0 73.1 26.9 100 0.0 81.6 18.4
364 Reggie Bullock Jr. HOU 33 29 15 14 9.3 20.7 79.3 17.9 6.0 80.6 13.4 1.5 7.5 11.9 100 0.0 94.4 5.6 95.8 4.2
364 Robert Covington PHI 33 29 20 9 16.8 42.9 57.1 37.8 1.6 44.9 11.8 17.3 24.4 36.2 75.0 25.0 100 0.0 86.0 14.0
364 Trent Forrest ATL 25 29 14 15 10.5 89.2 10.8 72.1 6.6 9.8 13.1 18.1 26.2 65.6 27.3 72.7 100 0.0 33.3 66.7
373 Cody Martin CHA 28 28 7 21 26.9 60.0 40.0 52.1 8.5 38.4 16.1 9.5 17.5 43.6 43.6 56.4 70.4 29.6 52.4 47.6
373 Lindy Waters III OKC 26 28 19 9 6.6 6.8 93.2 5.3 0.0 94.7 18.4 0.0 14.5 5.3 100 0.0 91.7 8.3 92.3 7.7
373 Orlando Robinson MIA 23 28 15 13 9.8 79.1 20.9 57.1 0.0 23.1 3.3 19.8 19.8 57.1 65.4 34.6 100 0.0 72.7 27.3
373 Svi Mykhailiuk BOS 26 28 22 6 8.2 19.8 80.2 16.9 2.4 79.5 26.5 3.6 12.0 14.5 71.4 28.6 90.9 9.1 86.2 13.8
373 Thanasis Antetokounmpo MIL 31 28 18 10 4.8 96.2 3.8 100 0.0 0.0 23.1 0.0 15.4 100 76.9 23.1 0.0 0.0 76.9 23.1
378 Terry Taylor CHI 24 27 11 16 6.4 75.7 24.3 81.0 0.0 14.3 14.3 4.7 0.0 81.0 64.7 35.3 100 0.0 68.4 31.6
378 Tre Mann CHA 23 27 17 10 20.6 59.6 40.4 50.0 3.6 39.5 10.0 10.5 13.2 46.4 20.0 80.0 75.9 24.1 39.3 60.7
378 Wesley Matthews ATL 37 27 7 20 11.1 25.4 74.6 15.8 2.6 63.2 17.1 21.0 7.9 13.2 100 0.0 100 0.0 100 0.0
381 Cory Joseph GSW 32 26 10 16 11.4 34.4 65.6 31.7 9.5 61.9 11.1 6.4 17.5 22.2 60.0 40.0 92.3 7.7 78.3 21.7
381 Jarace Walker IND 20 26 12 14 10.3 47.9 52.1 36.7 12.2 55.1 6.1 8.2 16.3 24.5 61.1 38.9 88.9 11.1 75.0 25.0
381 Jared Butler WAS 23 26 2 24 9.5 61.9 38.1 58.4 3.5 26.5 20.4 15.1 15.9 54.9 48.5 51.5 70.0 30.0 53.5 46.5
381 Thaddeus Young PHX 35 26 6 20 14.7 93.6 6.4 93.4 3.3 2.5 9.8 4.1 18.9 90.2 71.9 28.1 100 0.0 72.4 27.6
385 Nathan Mensah CHA 25 25 3 22 12.3 100 0.0 72.7 6.1 0.0 0.0 27.3 12.1 66.7 66.7 33.3 0.0 0.0 66.7 33.3
385 Neemias Queta BOS 24 25 21 4 11.7 100 0.0 86.0 1.8 0.0 1.8 14.0 9.6 84.2 69.4 30.6 0.0 0.0 69.4 30.6
385 Patrick Baldwin Jr. WAS 21 25 3 22 9.4 40.0 60.0 24.0 0.0 64.0 8.0 12.0 13.3 24.0 88.9 11.1 100 0.0 96.0 4.0
385 Taylor Hendricks UTA 20 25 11 14 18.1 42.2 57.8 42.1 1.3 49.3 8.6 8.6 6.6 40.8 59.4 40.6 100 0.0 77.2 22.8
385 Zach LaVine CHI 29 25 10 15 34.9 55.1 44.9 45.6 12.3 36.3 17.5 18.1 16.0 33.3 39.6 60.4 52.5 47.5 44.1 55.9
390 Derrick Rose MEM 35 24 6 18 16.6 75.2 24.8 63.9 13.6 23.6 7.3 12.5 16.8 50.3 42.6 57.4 86.7 13.3 51.3 48.7
390 Jontay Porter TOR 24 24 6 18 14.0 42.0 58.0 35.2 1.9 52.8 5.6 12.0 11.1 33.3 63.2 36.8 100 0.0 81.6 18.4
390 Josh Minott MIN 21 24 18 6 2.8 70.4 29.6 52.6 0.0 15.8 21.1 31.6 13.2 52.6 60.0 40.0 100 0.0 66.7 33.3
390 Justin Minaya POR 24 24 2 22 8.0 33.3 66.7 29.6 0.0 55.6 33.3 14.8 37.0 29.6 50.0 50.0 80.0 20.0 66.7 33.3
390 Maxwell Lewis LAL 21 24 11 13 3.2 75.0 25.0 57.1 0.0 42.9 0.0 0.0 28.6 57.1 50.0 50.0 100 0.0 66.7 33.3
390 Patty Mills MIA 35 24 11 13 11.3 34.2 65.8 29.7 16.2 68.9 4.1 1.4 14.9 13.5 63.6 36.4 100 0.0 85.7 14.3
390 Rayan Rupert POR 19 24 5 19 9.3 55.4 44.6 32.8 0.0 53.7 9.0 13.5 17.9 32.8 63.6 36.4 91.7 8.3 78.3 21.7
397 Brandon Boston Jr. LAC 22 23 13 10 7.2 68.8 31.3 59.5 14.3 25.0 9.5 15.5 17.9 45.2 64.0 36.0 71.4 28.6 65.6 34.4
397 Isaiah Livers WAS 25 23 1 22 20.4 33.6 66.4 31.6 5.3 57.9 15.8 10.5 15.8 26.3 77.8 22.2 100 0.0 90.0 10.0
397 Jake LaRavia MEM 22 23 4 19 18.0 51.3 48.7 41.1 2.2 33.3 10.6 25.6 13.3 38.9 48.6 51.4 90.0 10.0 63.2 36.8
400 LaMelo Ball CHA 22 22 7 15 32.3 53.4 46.6 43.0 1.5 39.9 9.5 17.1 14.6 41.4 15.9 84.1 58.6 41.4 32.2 67.8
400 Leaky Black CHA 24 22 1 21 9.9 61.5 38.5 40.0 0.0 42.0 36.0 18.0 12.0 40.0 60.0 40.0 100 0.0 76.5 23.5
400 Ricky Council IV PHI 22 22 8 14 9.2 76.5 23.5 55.6 3.2 9.5 26.2 34.9 19.8 52.4 62.9 37.1 100 0.0 66.7 33.3
400 Stanley Umude DET 24 22 4 18 11.4 35.2 64.8 14.7 0.0 63.3 18.3 22.0 14.7 14.7 87.5 12.5 100 0.0 96.8 3.2
400 Tari Eason HOU 22 22 12 10 21.8 73.5 26.5 65.1 6.5 25.1 22.8 9.8 23.7 58.6 47.1 52.9 100 0.0 58.0 42.0
405 Jalen Hood-Schifino LAL 20 21 10 11 5.2 66.7 33.3 47.1 23.5 17.6 14.7 35.3 5.9 23.5 62.5 37.5 100 0.0 70.0 30.0
405 Jalen Pickett DEN 24 21 15 6 5.2 26.7 73.3 29.4 11.8 61.8 5.9 8.8 23.5 17.6 40.0 60.0 71.4 28.6 58.3 41.7
405 Mitchell Robinson NYK 25 21 12 9 29.2 100 0.0 89.2 0.0 0.0 1.5 10.8 13.1 89.2 48.3 51.7 0.0 0.0 48.3 51.7
405 P.J. Tucker LAC 38 21 7 14 16.2 25.7 74.3 16.7 0.0 75.0 22.2 8.3 5.6 16.7 66.7 33.3 100 0.0 91.7 8.3
405 Saben Lee PHX 24 21 12 9 8.5 69.8 30.2 47.8 0.0 9.0 26.9 43.2 17.9 47.8 56.3 43.8 100 0.0 61.1 38.9
410 Harry Giles III LAL 25 20 8 12 4.4 73.9 26.1 70.4 7.4 16.7 16.7 12.9 16.7 63.0 68.4 31.6 100 0.0 72.7 27.3
410 Marcus Smart MEM 30 20 7 13 30.2 43.5 56.5 41.5 6.2 43.6 10.4 14.9 15.6 35.3 25.0 75.0 90.5 9.5 52.0 48.0
410 Markieff Morris DAL 34 20 11 9 8.4 38.5 61.5 26.4 11.3 67.9 5.7 5.7 9.4 15.1 57.1 42.9 91.7 8.3 78.9 21.1
410 Matt Ryan NOP 26 20 11 9 17.7 18.3 81.7 9.5 4.1 81.6 14.3 8.9 11.6 5.4 100 0.0 92.5 7.5 93.6 6.4
410 Ryan Arcidiacono NYK 29 20 15 5 2.3 0.0 100 0.0 0.0 0.0 0.0 100 0.0 0.0 0.0 0.0 0.0 0.0 0.0 0.0
415 Charles Bassey SAS 23 19 3 16 10.8 97.5 2.5 92.1 0.0 0.0 6.3 7.9 0.0 92.1 79.3 20.7 0.0 0.0 79.3 20.7
415 Colby Jones SAC 21 19 9 10 6.7 72.9 27.1 87.2 5.1 7.7 5.1 5.1 0.0 82.1 52.9 47.1 100 0.0 55.6 44.4
415 Collin Gillespie DEN 24 19 12 7 8.5 46.7 53.3 38.7 12.9 53.2 3.2 8.1 9.7 25.8 41.7 58.3 90.9 9.1 65.2 34.8
415 Ibou Badji POR 21 19 5 14 10.8 100 0.0 82.8 6.9 0.0 6.9 17.2 3.4 75.9 41.7 58.3 0.0 0.0 41.7 58.3
415 Kira Lewis Jr. UTA 22 19 10 9 8.0 61.1 38.9 65.2 4.3 13.0 26.1 21.8 21.7 60.9 46.7 53.3 100 0.0 52.9 47.1
415 Mark Williams CHA 22 19 7 12 26.8 100 0.0 81.0 0.0 0.0 6.6 19.0 12.4 81.0 63.3 36.7 0.0 0.0 63.3 36.7
421 AJ Griffin ATL 20 18 8 10 7.4 26.7 73.3 21.6 5.4 73.0 18.9 5.4 5.4 16.2 75.0 25.0 88.9 11.1 84.6 15.4
421 Admiral Schofield ORL 26 18 11 7 3.4 38.9 61.1 40.0 13.3 60.0 0.0 0.0 20.0 26.7 33.3 66.7 100 0.0 66.7 33.3
421 Evan Fournier DET 31 18 6 12 16.2 35.6 64.4 32.6 12.4 53.5 14.0 13.9 18.6 20.2 66.7 33.3 91.3 8.7 79.5 20.5
421 Monte Morris MIN 28 18 11 7 13.9 60.4 39.6 55.2 20.7 37.9 8.0 6.9 10.3 34.5 25.0 75.0 81.8 18.2 42.9 57.1
425 Braxton Key DEN 27 17 12 5 3.2 75.0 25.0 58.8 11.8 17.6 29.4 23.6 23.5 47.1 100 0.0 100 0.0 100 0.0
425 Brice Sensabaugh UTA 20 17 6 11 14.6 52.4 47.6 56.3 16.7 31.3 17.7 12.4 10.4 39.6 59.3 40.7 90.0 10.0 67.6 32.4
425 Gui Santos GSW 21 17 11 6 8.7 53.8 46.2 40.7 0.0 35.6 18.6 23.7 18.6 40.7 58.3 41.7 85.7 14.3 68.4 31.6
425 Jamal Cain MIA 24 17 8 9 13.3 62.3 37.7 50.0 9.5 28.6 11.9 21.4 11.9 40.5 66.7 33.3 87.5 12.5 72.4 27.6
425 Jerome Robinson GSW 27 17 12 5 3.8 44.0 56.0 50.0 0.0 25.0 16.7 25.0 16.7 50.0 100 0.0 100 0.0 100 0.0
425 Kenneth Lofton Jr. UTA 21 17 5 12 6.3 72.1 27.9 58.5 4.9 22.0 4.9 19.5 17.1 53.7 58.3 41.7 100 0.0 66.7 33.3
425 Theo Maledon PHX 22 17 5 12 12.5 57.1 42.9 50.8 0.0 25.4 13.6 23.8 20.3 50.8 60.0 40.0 100 0.0 70.0 30.0
425 Wendell Moore Jr. MIN 22 17 13 4 2.9 60.0 40.0 100 0.0 0.0 40.0 0.0 40.0 100 40.0 60.0 0.0 0.0 40.0 60.0
433 Chris Livingston MIL 20 16 10 6 4.3 81.3 18.8 70.6 0.0 17.6 23.5 11.8 11.8 70.6 50.0 50.0 100 0.0 57.1 42.9
433 Garrett Temple TOR 37 16 4 12 4.3 57.1 42.9 52.2 0.0 26.1 47.8 21.7 39.1 52.2 50.0 50.0 100 0.0 62.5 37.5
433 Joe Harris DET 32 16 4 12 10.6 23.1 76.9 20.5 0.0 76.9 20.5 2.6 12.8 20.5 100 0.0 100 0.0 100 0.0
433 Luka Garza MIN 25 16 12 4 3.9 59.0 41.0 47.1 3.9 29.4 3.9 23.5 9.8 43.1 50.0 50.0 100 0.0 64.7 35.3
433 Robin Lopez MIL 35 16 10 6 4.0 57.9 42.1 55.6 0.0 33.3 0.0 11.1 0.0 55.6 80.0 20.0 100 0.0 85.7 14.3
433 Taj Gibson DET 38 16 7 9 10.3 73.9 26.1 87.5 25.0 0.0 0.0 12.5 0.0 62.5 57.1 42.9 0.0 0.0 57.1 42.9
439 Aleksej Pokusevski CHA 22 15 10 5 9.5 51.2 48.8 51.3 0.0 38.5 20.5 10.2 10.3 51.3 90.0 10.0 100 0.0 93.3 6.7
439 Ben Simmons BKN 27 15 7 8 23.9 100 0.0 93.5 0.0 0.0 19.6 6.5 27.2 93.5 58.1 41.9 0.0 0.0 58.1 41.9
439 Otto Porter Jr. TOR 30 15 6 9 11.6 30.3 69.7 30.8 10.3 61.5 5.1 7.7 0.0 20.5 100 0.0 87.5 12.5 92.9 7.1
439 Trey Jemison MEM 24 15 3 12 19.4 100 0.0 88.0 4.0 0.0 5.0 12.0 10.0 84.0 52.3 47.7 0.0 0.0 52.3 47.7
443 Devonte' Graham SAS 29 14 4 10 8.2 28.6 71.4 23.3 9.3 62.8 32.6 13.9 32.6 14.0 40.0 60.0 66.7 33.3 57.1 42.9
443 James Bouknight CHA 23 14 0 14 5.8 26.8 73.2 20.0 0.0 78.0 18.0 2.0 10.0 20.0 40.0 60.0 53.8 46.2 50.0 50.0
443 Jay Huff DEN 26 14 11 3 2.6 33.3 66.7 42.1 0.0 47.4 0.0 10.5 15.8 42.1 100 0.0 100 0.0 100 0.0
443 Jett Howard ORL 20 14 7 7 3.7 21.7 78.3 26.1 0.0 65.2 4.3 8.7 26.1 26.1 100 0.0 80.0 20.0 87.5 12.5
443 Moses Brown POR 24 14 4 10 8.3 100 0.0 97.0 0.0 0.0 12.1 3.0 24.2 97.0 68.8 31.3 0.0 0.0 68.8 31.3
443 Nate Williams HOU 25 14 6 8 5.8 87.1 12.9 74.3 0.0 8.6 5.7 17.1 5.7 74.3 38.5 61.5 100 0.0 42.9 57.1
443 Olivier Sarr OKC 25 14 7 7 6.8 68.4 31.6 52.9 0.0 17.6 0.0 29.5 20.6 52.9 88.9 11.1 100 0.0 90.9 9.1
443 Udoka Azubuike PHX 24 14 10 4 7.7 100 0.0 91.4 0.0 0.0 5.7 8.6 8.6 91.4 56.3 43.8 0.0 0.0 56.3 43.8
451 Ashton Hagans POR 24 13 2 11 16.6 70.2 29.8 56.6 0.0 28.3 5.7 15.1 18.9 56.6 53.3 46.7 100 0.0 65.0 35.0
451 DaQuan Jeffries NYK 26 13 8 5 2.6 50.0 50.0 72.7 18.2 27.3 0.0 0.0 0.0 54.5 100 0.0 100 0.0 100 0.0
451 Trevelin Queen ORL 27 13 5 8 12.5 55.3 44.7 55.0 5.0 22.5 17.5 22.5 35.0 50.0 72.7 27.3 66.7 33.3 71.4 28.6
454 Brandon Williams DAL 24 12 7 5 4.9 72.7 27.3 50.0 0.0 25.0 0.0 25.0 4.2 50.0 50.0 50.0 50.0 50.0 50.0 50.0
454 Daishen Nix MIN 22 12 9 3 3.3 30.0 70.0 27.3 0.0 68.2 31.8 4.5 18.2 27.3 33.3 66.7 60.0 40.0 50.0 50.0
454 Dylan Windler ATL 27 12 6 6 3.3 9.1 90.9 0.0 0.0 100 0.0 0.0 0.0 0.0 0.0 0.0 100 0.0 100 0.0
454 Onuralp Bitim CHI 24 12 6 6 14.6 43.8 56.3 46.4 3.6 48.2 21.4 5.4 16.1 42.9 61.5 38.5 100 0.0 77.3 22.7
454 Terquavion Smith PHI 21 12 4 8 5.8 22.5 77.5 17.4 0.0 78.3 10.9 4.3 15.2 17.4 0.0 100 83.3 16.7 62.5 37.5
459 Cole Swider MIA 24 11 4 7 5.0 24.0 76.0 32.0 0.0 60.0 28.0 8.0 20.0 32.0 75.0 25.0 100 0.0 88.9 11.1
459 Emoni Bates CLE 20 11 6 5 8.0 25.0 75.0 24.0 8.0 72.0 8.0 4.0 28.0 16.0 33.3 66.7 100 0.0 77.8 22.2
459 Hunter Tyson DEN 23 11 8 3 2.9 18.2 81.8 25.0 0.0 75.0 0.0 0.0 75.0 25.0 100 0.0 100 0.0 100 0.0
459 Jermaine Samuels Jr. HOU 25 11 6 5 4.8 81.8 18.2 88.9 0.0 0.0 33.3 11.1 0.0 88.9 62.5 37.5 0.0 0.0 62.5 37.5
459 Juan Toscano-Anderson SAC 30 11 7 4 4.8 66.7 33.3 57.1 0.0 42.9 28.6 0.0 0.0 57.1 100 0.0 100 0.0 100 0.0
459 Jules Bernard WAS 24 11 1 10 6.0 50.0 50.0 53.3 0.0 40.0 13.3 6.7 20.0 53.3 37.5 62.5 100 0.0 58.3 41.7
459 Moussa Diabate LAC 22 11 7 4 5.8 100 0.0 69.0 0.0 0.0 0.0 31.0 0.0 69.0 50.0 50.0 0.0 0.0 50.0 50.0
459 Nate Hinton HOU 24 11 6 5 5.2 45.0 55.0 19.4 0.0 67.7 22.6 12.9 6.5 19.4 0.0 100 71.4 28.6 50.0 50.0
467 Armoni Brooks BKN 25 10 3 7 10.4 30.4 69.6 19.0 0.0 78.6 19.0 2.4 7.1 19.0 75.0 25.0 90.9 9.1 86.7 13.3
467 Boban Marjanovic HOU 35 10 6 4 5.0 90.9 9.1 87.0 8.7 0.0 0.0 13.0 8.7 78.3 60.0 40.0 0.0 0.0 60.0 40.0
467 Noah Clowney BKN 19 10 4 6 8.6 73.7 26.3 69.0 0.0 10.3 6.9 20.7 13.8 69.0 70.0 30.0 100 0.0 72.7 27.3
467 Ryan Rollins MIL 21 10 1 9 6.6 88.0 12.0 53.7 4.9 14.6 14.6 31.7 41.5 48.8 9.1 90.9 50.0 50.0 15.4 84.6
471 Dru Smith MIA 26 9 7 2 14.5 48.5 51.5 41.0 0.0 53.8 0.0 5.2 7.7 41.0 50.0 50.0 85.7 14.3 66.7 33.3
471 Ish Wainright PHX 29 9 1 8 6.6 16.7 83.3 0.0 0.0 91.3 21.7 8.7 0.0 0.0 0.0 0.0 100 0.0 100 0.0
471 Ja Morant MEM 24 9 6 3 35.3 70.0 30.0 58.4 3.5 18.6 13.3 23.0 10.2 54.9 28.8 71.2 50.0 50.0 32.5 67.5
471 Jacob Toppin NYK 23 9 2 7 4.2 55.6 44.4 61.5 15.4 23.1 30.8 15.4 0.0 46.2 75.0 25.0 100 0.0 80.0 20.0
471 Jaylen Nowell MEM 24 9 3 6 17.3 58.2 41.8 70.6 35.3 23.5 7.8 5.9 9.8 35.3 44.4 55.6 100 0.0 54.5 45.5
471 Kendall Brown IND 20 9 5 4 3.5 85.7 14.3 66.7 0.0 0.0 0.0 33.3 16.7 66.7 50.0 50.0 0.0 0.0 50.0 50.0
471 Keyontae Johnson OKC 23 9 7 2 7.4 81.3 18.8 72.7 18.2 27.3 18.2 0.0 0.0 54.5 50.0 50.0 100 0.0 60.0 40.0
471 Kobe Bufkin ATL 20 9 6 3 9.9 54.1 45.9 48.5 18.2 45.5 9.1 6.0 24.2 30.3 25.0 75.0 60.0 40.0 38.5 61.5
471 Leonard Miller MIN 20 9 8 1 3.3 72.7 27.3 80.0 13.3 20.0 0.0 0.0 0.0 66.7 83.3 16.7 100 0.0 85.7 14.3
471 Scotty Pippen Jr. MEM 23 9 1 8 23.1 62.7 37.3 40.9 6.5 41.9 22.6 17.2 12.9 34.4 42.1 57.9 84.6 15.4 59.4 40.6
471 Seth Lundy ATL 23 9 2 7 5.8 23.5 76.5 14.3 14.3 64.3 21.4 21.4 21.4 0.0 100 0.0 100 0.0 100 0.0
482 Charlie Brown Jr. NYK 27 8 2 6 4.7 30.0 70.0 0.0 0.0 100 50.0 0.0 0.0 0.0 0.0 0.0 100 0.0 100 0.0
482 E.J. Liddell NOP 23 8 3 5 2.9 16.7 83.3 50.0 0.0 0.0 0.0 50.0 50.0 50.0 100 0.0 0.0 0.0 100 0.0
482 Javon Freeman-Liberty TOR 24 8 1 7 9.2 55.0 45.0 46.2 0.0 23.1 26.9 30.7 46.2 46.2 66.7 33.3 100 0.0 75.0 25.0
482 Johnny Juzang UTA 23 8 3 5 12.8 30.6 69.4 34.1 0.0 65.9 12.2 0.0 19.5 34.1 71.4 28.6 100 0.0 87.5 12.5
482 Jordan Miller LAC 24 8 5 3 3.5 77.8 22.2 61.5 0.0 23.1 15.4 15.4 0.0 61.5 0.0 100 100 0.0 20.0 80.0
482 Matt Hurt MEM 23 8 2 6 14.2 41.2 58.8 43.8 18.8 46.9 0.0 9.3 28.1 25.0 57.1 42.9 100 0.0 75.0 25.0
482 Oscar Tshiebwe IND 24 8 2 6 5.2 100 0.0 76.9 7.7 0.0 7.7 23.1 11.5 69.2 80.0 20.0 0.0 0.0 80.0 20.0
482 R.J. Hampton MIA 23 8 3 5 9.5 42.9 57.1 60.0 0.0 30.0 40.0 10.0 10.0 60.0 33.3 66.7 100 0.0 50.0 50.0
490 Colin Castleton LAL 23 7 3 4 5.1 100 0.0 77.8 11.1 0.0 11.1 22.2 22.2 66.7 71.4 28.6 0.0 0.0 71.4 28.6
490 D'Moi Hodge LAL 25 7 1 6 5.9 20.0 80.0 28.6 14.3 64.3 21.4 7.1 42.9 14.3 100 0.0 100 0.0 100 0.0
490 Tosan Evbuomwan DET 23 7 0 7 13.0 50.0 50.0 47.1 0.0 52.9 0.0 0.0 41.2 47.1 100 0.0 100 0.0 100 0.0
490 Vit Krejci ATL 23 7 3 4 19.3 31.6 68.4 20.0 0.0 60.0 25.0 20.0 5.0 20.0 100 0.0 100 0.0 100 0.0
494 Dereon Seabron NOP 23 6 3 3 9.2 84.6 15.4 42.9 0.0 21.4 14.3 35.7 0.0 42.9 0.0 100 100 0.0 25.0 75.0
494 Greg Brown III DAL 22 6 3 3 6.6 72.7 27.3 53.3 0.0 20.0 46.7 26.7 13.3 53.3 75.0 25.0 100 0.0 80.0 20.0
494 Isaiah Mobley CLE 24 6 1 5 8.5 46.2 53.8 50.0 0.0 50.0 16.7 0.0 0.0 50.0 33.3 66.7 100 0.0 60.0 40.0
494 Jalen Slawson SAC 24 6 4 2 3.4 66.7 33.3 100 0.0 0.0 50.0 0.0 0.0 100 100 0.0 0.0 0.0 100 0.0
494 Jamaree Bouyea SAS 24 6 0 6 9.5 61.9 38.1 100 20.0 0.0 40.0 0.0 60.0 80.0 40.0 60.0 0.0 0.0 40.0 60.0
494 James Johnson IND 37 6 2 4 5.3 83.3 16.7 66.7 33.3 0.0 0.0 33.3 0.0 33.3 50.0 50.0 0.0 0.0 50.0 50.0
494 Jared Rhoden DET 24 6 1 5 7.1 63.6 36.4 66.7 13.3 20.0 13.3 13.3 20.0 53.3 100 0.0 100 0.0 100 0.0
494 Jordan Ford SAC 25 6 2 4 3.6 57.1 42.9 33.3 16.7 50.0 0.0 16.7 33.3 16.7 0.0 100 50.0 50.0 25.0 75.0
494 Justin Champagnie WAS 22 6 0 6 13.4 48.4 51.6 44.4 0.0 50.0 16.7 5.6 27.8 44.4 100 0.0 100 0.0 100 0.0
494 Robert Williams III POR 26 6 2 4 19.8 100 0.0 82.9 19.5 0.0 0.0 17.1 0.0 63.4 52.9 47.1 0.0 0.0 52.9 47.1
494 Sidy Cissoko SAS 19 6 1 5 5.3 33.3 66.7 33.3 0.0 0.0 66.7 66.7 33.3 33.3 100 0.0 0.0 0.0 100 0.0
505 Frank Ntilikina CHA 25 5 0 5 8.6 11.1 88.9 0.0 0.0 60.0 0.0 40.0 0.0 0.0 0.0 0.0 100 0.0 100 0.0
505 Gabe Vincent LAL 27 5 2 3 25.5 46.9 53.1 74.1 29.6 22.2 7.4 3.7 7.4 44.4 50.0 50.0 50.0 50.0 50.0 50.0
505 JD Davison BOS 21 5 5 0 1.7 0.0 100 0.0 0.0 60.0 0.0 40.0 0.0 0.0 0.0 0.0 100 0.0 100 0.0
505 Micah Potter UTA 25 5 2 3 9.4 44.4 55.6 28.6 0.0 57.1 14.3 14.3 28.6 28.6 66.7 33.3 100 0.0 85.7 14.3
505 T.J. Warren MIN 30 5 3 2 16.1 69.2 30.8 85.7 38.1 14.3 9.5 0.0 28.6 47.6 77.8 22.2 100 0.0 80.0 20.0
505 TyTy Washington Jr. MIL 22 5 3 2 4.1 57.1 42.9 0.0 0.0 100 0.0 0.0 100 0.0 0.0 0.0 100 0.0 100 0.0
505 Wenyen Gabriel MEM 26 5 1 4 16.2 72.7 27.3 82.4 0.0 17.6 11.8 0.0 0.0 82.4 71.4 28.6 100 0.0 75.0 25.0
505 Xavier Moon LAC 29 5 3 2 4.1 80.0 20.0 88.9 44.4 0.0 0.0 11.1 0.0 44.4 50.0 50.0 0.0 0.0 50.0 50.0
513 Adama Sanogo CHI 22 4 1 3 2.9 100 0.0 80.0 0.0 0.0 0.0 20.0 0.0 80.0 25.0 75.0 0.0 0.0 25.0 75.0
513 Alex Fudge DAL 20 4 1 3 3.6 66.7 33.3 50.0 0.0 0.0 0.0 50.0 0.0 50.0 0.0 100 0.0 0.0 0.0 100
513 Amari Bailey CHA 20 4 0 4 4.1 57.1 42.9 80.0 40.0 0.0 40.0 20.0 0.0 40.0 50.0 50.0 0.0 0.0 50.0 50.0
513 D.J. Carton TOR 23 4 2 2 8.9 50.0 50.0 36.4 0.0 27.3 0.0 36.3 0.0 36.4 50.0 50.0 100 0.0 66.7 33.3
513 DeJon Jarreau MEM 26 4 1 3 17.8 77.3 22.7 63.2 0.0 15.8 10.5 21.0 21.1 63.2 16.7 83.3 100 0.0 28.6 71.4
513 Dexter Dennis DAL 25 4 1 3 7.5 57.9 42.1 81.8 9.1 13.6 9.1 4.6 9.1 72.7 44.4 55.6 100 0.0 50.0 50.0
513 Jahmi'us Ramsey TOR 22 4 0 4 15.4 47.6 52.4 47.6 0.0 28.6 47.6 23.8 33.3 47.6 80.0 20.0 100 0.0 85.7 14.3
513 Jeff Dowtin Jr. PHI 26 4 0 4 14.3 27.3 72.7 25.0 0.0 75.0 31.3 0.0 12.5 25.0 50.0 50.0 50.0 50.0 50.0 50.0
513 Jordan Walsh BOS 20 4 4 0 8.3 40.0 60.0 100 0.0 0.0 100 0.0 0.0 100 100 0.0 0.0 0.0 100 0.0
513 Keon Johnson BKN 22 4 0 4 12.8 52.6 47.4 21.4 7.1 42.9 0.0 35.7 21.4 14.3 66.7 33.3 100 0.0 85.7 14.3
513 Marques Bolden CHA 25 4 2 2 3.9 100 0.0 0.0 0.0 0.0 0.0 100 0.0 0.0 0.0 0.0 0.0 0.0 0.0 0.0
524 Darius Bazley UTA 23 3 0 3 3.3 100 0.0 0.0 0.0 0.0 0.0 100 0.0 0.0 0.0 0.0 0.0 0.0 0.0 0.0
524 Filip Petrusev SAC 23 3 2 1 3.1 100 0.0 66.7 0.0 0.0 0.0 33.3 0.0 66.7 100 0.0 0.0 0.0 100 0.0
524 Jason Preston UTA 24 3 1 2 8.8 100 0.0 100 0.0 0.0 0.0 0.0 0.0 100 50.0 50.0 0.0 0.0 50.0 50.0
524 Lindell Wigginton MIL 25 3 3 0 2.5 60.0 40.0 66.7 0.0 0.0 0.0 33.3 0.0 66.7 0.0 100 0.0 0.0 0.0 100
524 Mamadi Diakite NYK 27 3 2 1 5.3 100 0.0 66.7 0.0 0.0 16.7 33.3 0.0 66.7 100 0.0 0.0 0.0 100 0.0
524 Pete Nance CLE 24 3 1 2 2.5 100 0.0 0.0 0.0 0.0 0.0 100 0.0 0.0 0.0 0.0 0.0 0.0 0.0 0.0
524 Shaquille Harrison MEM 30 3 1 2 2.0 100 0.0 100 0.0 0.0 0.0 0.0 0.0 100 100 0.0 0.0 0.0 100 0.0
524 Taze Moore POR 25 3 1 2 3.4 60.0 40.0 100 0.0 0.0 33.3 0.0 33.3 100 0.0 100 0.0 0.0 0.0 100
524 Usman Garuba GSW 22 3 2 1 2.6 100 0.0 0.0 0.0 0.0 0.0 100 0.0 0.0 0.0 0.0 0.0 0.0 0.0 0.0
533 Alondes Williams MIA 24 2 2 0 4.7 33.3 66.7 0.0 0.0 0.0 0.0 100 0.0 0.0 0.0 0.0 0.0 0.0 0.0 0.0
533 Andrew Funk CHI 24 2 1 1 1.3 100 0.0 0.0 0.0 0.0 0.0 100 0.0 0.0 0.0 0.0 0.0 0.0 0.0 0.0
533 Danny Green PHI 36 2 1 1 9.2 50.0 50.0 0.0 0.0 0.0 0.0 100 0.0 0.0 0.0 0.0 0.0 0.0 0.0 0.0
533 Dariq Whitehead BKN 19 2 1 1 12.0 40.0 60.0 66.7 0.0 0.0 0.0 33.3 0.0 66.7 100 0.0 0.0 0.0 100 0.0
533 Dmytro Skapintsev NYK 25 2 0 2 1.1 100 0.0 0.0 0.0 0.0 0.0 100 0.0 0.0 0.0 0.0 0.0 0.0 0.0 0.0
533 Hamidou Diallo WAS 25 2 1 1 2.4 100 0.0 100 0.0 0.0 0.0 0.0 0.0 100 0.0 100 0.0 0.0 0.0 100
533 Joshua Primo LAC 21 2 2 0 5.1 66.7 33.3 100 0.0 0.0 0.0 0.0 0.0 100 100 0.0 0.0 0.0 100 0.0
533 Justin Jackson MIN 28 2 2 0 0.4 0.0 0.0 0.0 0.0 0.0 0.0 100 0.0 0.0 0.0 0.0 0.0 0.0 0.0 0.0
533 Kevon Harris ORL 26 2 1 1 3.0 100 0.0 100 50.0 0.0 0.0 0.0 0.0 50.0 50.0 50.0 0.0 0.0 50.0 50.0
533 Mouhamadou Gueye TOR 25 2 0 2 4.8 100 0.0 100 0.0 0.0 0.0 0.0 0.0 100 100 0.0 0.0 0.0 100 0.0
533 Mouhamed Gueye ATL 21 2 2 0 2.2 0.0 100 0.0 0.0 0.0 0.0 100 0.0 0.0 0.0 0.0 0.0 0.0 0.0 0.0
533 Pat Spencer GSW 27 2 0 2 1.7 0.0 0.0 0.0 0.0 0.0 0.0 100 0.0 0.0 0.0 0.0 0.0 0.0 0.0 0.0
533 Ty Jerome CLE 26 2 1 1 7.4 75.0 25.0 100 50.0 0.0 0.0 0.0 0.0 50.0 0.0 100 0.0 0.0 0.0 100
546 Adam Flagler OKC 24 1 1 0 5.5 0.0 100 0.0 0.0 0.0 0.0 100 0.0 0.0 0.0 0.0 0.0 0.0 0.0 0.0
546 Drew Peterson BOS 24 1 1 0 2.6 0.0 100 0.0 0.0 100 0.0 0.0 0.0 0.0 0.0 0.0 100 0.0 100 0.0
546 Henri Drell CHI 23 1 0 1 2.9 50.0 50.0 100 0.0 0.0 0.0 0.0 0.0 100 0.0 100 0.0 0.0 0.0 100
546 Izaiah Brockington NOP 24 1 1 0 3.4 80.0 20.0 100 0.0 0.0 50.0 0.0 0.0 100 50.0 50.0 0.0 0.0 50.0 50.0
546 Jalen Crutcher NOP 24 1 1 0 2.7 100 0.0 0.0 0.0 0.0 0.0 100 0.0 0.0 0.0 0.0 0.0 0.0 0.0 0.0
546 Javonte Smart PHI 24 1 1 0 0.7 0.0 0.0 0.0 0.0 0.0 0.0 100 0.0 0.0 0.0 0.0 0.0 0.0 0.0 0.0
546 Kaiser Gates NOP 27 1 0 1 7.4 50.0 50.0 0.0 0.0 0.0 0.0 100 0.0 0.0 0.0 0.0 0.0 0.0 0.0 0.0
546 Malcolm Cazalon DET 22 1 0 1 2.6 0.0 0.0 0.0 0.0 0.0 0.0 100 0.0 0.0 0.0 0.0 0.0 0.0 0.0 0.0
546 Markquis Nowell TOR 24 1 0 1 3.5 100 0.0 0.0 0.0 0.0 0.0 100 0.0 0.0 0.0 0.0 0.0 0.0 0.0 0.0
546 Mason Jones SAC 25 1 0 1 13.0 33.3 66.7 0.0 0.0 0.0 100 100 0.0 0.0 0.0 0.0 0.0 0.0 0.0 0.0
546 Quenton Jackson IND 25 1 1 0 1.8 0.0 0.0 0.0 0.0 0.0 0.0 100 0.0 0.0 0.0 0.0 0.0 0.0 0.0 0.0
546 Ron Harper Jr. TOR 23 1 1 0 3.7 0.0 0.0 0.0 0.0 0.0 0.0 100 0.0 0.0 0.0 0.0 0.0 0.0 0.0 0.0