PLAYER TEAM AGE GP W L MIN USG% %FGM %FGA %3PM %3PA %FTM %FTA %OREB %DREB %REB %AST %TOV %STL %BLK %BLKA %PF %PFD %PTS
1 Lindell Wigginton MIL 25 3 3 0 8.0 41.2 50.0 45.5 0.0 40.0 100 100 0.0 0.0 0.0 0.0 50.0 0.0 0.0 0.0 50.0 100 54.5
2 Joel Embiid PHI 30 34 26 8 1157.0 38.6 39.4 35.9 15.0 14.9 57.9 56.0 38.2 35.5 36.1 29.2 45.2 19.8 43.8 36.6 21.9 51.9 41.0
3 Izaiah Brockington NOP 24 1 1 0 3.0 38.5 40.0 38.5 0.0 25.0 0.0 0.0 25.0 33.3 28.6 0.0 0.0 0.0 0.0 100 0.0 0.0 33.3
4 Luka Doncic DAL 25 59 36 23 2208.0 35.5 33.9 33.9 33.4 33.0 50.6 48.7 11.2 31.9 27.3 49.5 42.0 27.1 14.2 25.3 14.7 42.1 36.3
5 Giannis Antetokounmpo MIL 29 64 41 23 2240.0 32.2 35.6 29.0 4.9 6.4 49.1 55.2 37.0 34.2 34.8 32.3 38.1 24.4 26.6 40.6 20.6 54.6 34.3
6 Shai Gilgeous-Alexander OKC 25 66 47 19 2274.0 31.8 33.5 30.9 13.3 14.2 54.6 53.1 13.9 20.3 19.0 33.3 27.0 33.7 18.7 28.0 18.1 46.5 34.6
7 Anthony Edwards MIN 22 64 44 20 2249.0 31.7 30.1 32.1 27.1 28.8 40.8 38.7 8.7 18.6 16.6 26.1 30.2 23.5 13.0 24.3 13.7 30.3 31.5
8 LaMelo Ball CHA 22 22 7 15 711.0 31.5 29.1 31.3 40.9 39.0 33.0 30.0 16.5 17.9 17.5 47.2 41.5 33.3 6.8 20.3 24.5 30.0 30.9
9 Victor Wembanyama SAS 20 60 14 46 1742.0 30.8 30.0 30.0 22.4 23.4 43.2 42.7 36.1 39.3 38.5 18.8 35.8 27.5 71.1 14.6 23.4 44.5 30.9
10 Donovan Mitchell CLE 27 49 33 16 1732.0 30.6 29.7 30.7 34.2 32.9 41.3 38.2 11.4 17.5 16.1 30.7 30.5 29.6 13.4 26.3 17.2 31.1 31.9
11 Stephen Curry GSW 36 60 34 26 1970.0 30.5 29.5 31.6 45.3 43.9 36.8 32.2 6.6 16.6 14.1 24.1 29.2 18.0 12.7 21.1 12.4 29.2 32.6
12 De'Aaron Fox SAC 26 58 34 24 2069.0 30.3 29.5 30.5 25.1 26.0 36.4 37.5 11.7 14.0 13.5 27.4 28.2 33.0 13.6 26.9 17.9 33.4 29.9
13 Jalen Brunson NYK 27 62 39 23 2182.0 30.0 31.4 31.1 27.8 25.9 38.0 35.4 6.0 12.5 10.7 36.4 26.4 17.6 7.2 22.1 14.8 39.5 32.1
14 Jaren Jackson Jr. MEM 24 58 19 39 1860.0 29.9 30.3 29.7 20.9 21.8 43.8 42.1 20.1 20.7 20.6 13.7 26.0 20.6 36.4 40.1 27.3 43.5 31.4
15 Kyle Kuzma WAS 28 65 11 54 2092.0 29.8 29.6 30.4 28.1 29.1 28.2 27.6 16.7 26.8 24.6 21.2 30.9 10.8 19.2 20.2 16.6 25.2 29.3
16 Jayson Tatum BOS 26 64 51 13 2283.0 29.6 28.1 29.2 25.8 26.6 43.8 43.4 12.0 27.8 24.4 24.8 29.3 19.6 11.9 34.2 17.0 34.8 30.0
17 Ja Morant MEM 24 9 6 3 318.0 29.6 29.6 29.8 16.1 20.4 42.6 40.0 10.3 20.3 18.2 42.9 27.6 15.2 11.1 44.4 15.1 33.3 30.2
18 Cam Thomas BKN 22 53 18 35 1602.0 29.4 29.2 30.7 26.4 25.8 39.6 36.1 6.4 13.4 11.7 16.5 22.4 17.2 7.1 38.9 17.7 34.1 30.3
19 Trae Young ATL 25 51 22 29 1862.0 29.2 24.7 27.1 31.2 30.1 42.5 40.0 4.3 9.6 8.1 53.3 42.3 23.3 5.9 25.6 14.5 39.6 28.4
20 Paolo Banchero ORL 21 66 39 27 2305.0 29.1 27.7 28.3 19.2 18.8 36.8 38.6 13.9 25.0 22.2 30.1 29.1 16.5 15.0 34.1 13.8 31.5 28.4
21 Cade Cunningham DET 22 57 8 49 1917.0 29.1 28.0 29.7 26.4 26.2 32.9 29.6 6.5 16.1 13.6 41.2 30.8 19.0 10.7 32.0 16.3 24.6 28.6
22 Devin Booker PHX 27 54 33 21 1940.0 29.1 29.0 29.8 22.0 24.2 40.0 36.5 10.0 15.5 14.2 33.2 24.8 17.7 10.0 26.8 21.9 34.1 30.1
23 Julius Randle NYK 29 46 29 17 1630.0 28.7 27.3 27.6 16.2 20.1 35.6 35.7 23.3 28.6 27.2 27.5 33.7 9.9 9.0 36.6 20.6 30.9 27.4
24 Nikola Jokic DEN 29 66 46 20 2265.0 28.7 30.9 27.5 12.0 13.3 39.1 37.1 39.2 38.3 38.5 40.1 34.3 24.3 27.5 24.2 21.5 40.7 30.2
25 Kevin Durant PHX 35 61 34 27 2276.0 28.6 29.8 28.8 22.9 21.7 35.2 33.5 7.1 23.2 19.6 24.7 28.6 15.6 28.9 18.3 13.3 33.8 30.0
26 Henri Drell CHI 23 1 0 1 3.0 28.6 25.0 33.3 0.0 50.0 0.0 0.0 100 0.0 50.0 66.7 0.0 0.0 0.0 0.0 0.0 0.0 22.2
26 Kevon Harris ORL 26 2 1 1 6.0 28.6 28.6 30.0 0.0 0.0 0.0 0.0 0.0 40.0 40.0 20.0 100 0.0 0.0 0.0 75.0 0.0 20.0
26 Luka Garza MIN 25 16 12 4 63.0 28.6 30.9 30.5 31.3 29.6 48.0 50.0 47.4 16.7 25.4 9.1 15.0 0.0 0.0 57.1 47.1 52.0 33.8
29 LeBron James LAL 39 59 31 28 2077.0 28.5 29.5 28.2 25.9 24.2 31.2 32.9 14.3 25.1 23.0 37.7 33.2 22.4 13.9 24.0 10.9 28.9 29.4
30 Jaylen Brown BOS 27 60 46 14 2004.0 28.2 29.3 29.1 19.2 21.2 25.0 28.0 18.0 17.4 17.6 19.9 26.7 24.3 10.3 40.7 23.2 26.8 27.4
31 Anfernee Simons POR 24 43 11 32 1493.0 27.9 27.7 28.9 38.7 36.2 31.8 27.9 5.9 14.9 12.3 32.6 27.7 9.6 3.5 26.6 15.5 23.3 29.6
32 Dexter Dennis DAL 25 4 1 3 30.0 27.8 47.6 34.5 33.3 40.0 5.0 10.7 16.7 32.0 29.0 30.8 27.3 0.0 25.0 0.0 11.1 16.7 33.8
33 Zion Williamson NOP 23 56 34 22 1731.0 27.8 31.3 26.6 1.2 1.2 43.8 46.9 26.1 18.4 20.3 28.5 29.1 16.7 18.0 46.6 18.6 42.7 30.1
34 Kyrie Irving DAL 31 46 28 18 1579.0 27.6 30.0 29.8 27.6 25.1 27.7 23.5 10.7 18.4 16.6 27.9 20.9 25.8 12.9 22.8 14.0 22.7 29.4
35 Desmond Bane MEM 25 38 14 24 1309.0 27.6 30.7 29.1 34.4 30.7 29.7 26.7 12.1 15.1 14.3 30.1 25.1 19.3 13.0 27.0 19.7 22.3 31.1
36 Damian Lillard MIL 33 63 44 19 2210.0 27.3 23.1 26.8 27.9 29.9 42.7 36.3 7.9 14.7 13.3 36.3 28.2 20.2 5.8 38.2 13.3 32.7 27.0
37 Tyrese Maxey PHI 23 58 36 22 2161.0 27.2 27.2 28.8 32.8 31.9 30.8 30.4 6.8 12.9 11.4 31.3 19.9 15.5 10.1 29.1 13.4 28.7 28.4
38 Alperen Sengun HOU 21 63 29 34 2046.0 27.0 29.6 25.7 6.3 7.6 33.2 36.5 41.2 28.1 31.2 27.9 31.6 24.1 27.7 30.2 25.7 39.6 27.6
39 Brandon Ingram NOP 26 61 37 24 2026.0 27.0 26.3 26.7 17.1 18.1 34.0 32.6 10.0 18.7 16.7 30.1 27.8 14.8 18.8 21.3 17.8 31.2 26.5
40 Karl-Anthony Towns MIN 28 60 41 19 1969.0 26.9 27.4 27.0 25.9 24.6 33.4 30.3 25.3 29.5 28.7 16.1 29.0 15.2 18.3 35.4 25.6 30.9 28.2
41 Tyler Herro MIA 24 36 19 17 1209.0 26.9 27.7 29.4 35.2 34.2 16.0 15.5 7.2 20.8 17.6 23.4 23.3 15.4 3.4 33.1 12.2 15.1 26.9
42 Jamal Murray DEN 27 52 38 14 1666.0 26.8 26.3 28.3 30.8 28.5 27.3 25.3 9.8 15.4 14.0 34.1 24.8 19.0 15.1 26.8 16.2 23.3 26.9
43 Jalen Green HOU 22 67 32 35 2081.0 26.7 24.3 27.1 28.0 30.5 29.9 28.9 6.9 20.3 17.3 20.4 27.1 16.8 12.7 35.1 10.1 25.9 25.6
44 Collin Sexton UTA 25 67 29 38 1719.0 26.5 26.8 26.2 22.8 20.9 38.5 37.5 12.8 9.7 10.6 31.0 25.2 20.9 7.1 36.8 19.6 35.7 28.3
45 Paul George LAC 33 61 39 22 2084.0 26.2 25.5 27.8 33.7 34.7 25.4 23.4 7.6 20.5 17.7 19.3 23.1 27.1 12.6 22.7 22.0 21.2 26.4
46 Anthony Davis LAL 31 64 35 29 2276.0 26.0 28.5 25.9 3.8 5.3 39.4 38.7 51.7 36.3 39.2 16.7 20.4 20.9 55.0 33.0 20.9 37.3 27.9
47 Joshua Primo LAC 21 2 2 0 10.0 25.9 11.1 17.6 0.0 12.5 0.0 0.0 50.0 0.0 9.1 0.0 66.7 0.0 50.0 100 0.0 0.0 9.1
48 Kawhi Leonard LAC 32 61 39 22 2093.0 25.9 29.2 27.5 23.6 21.6 28.9 26.9 17.5 20.4 19.7 19.6 18.5 27.2 23.7 14.7 11.3 31.8 28.5
49 Cam Whitmore HOU 19 38 16 22 678.0 25.8 28.7 27.6 38.4 33.5 23.6 25.3 16.8 23.2 21.4 5.2 18.2 17.8 14.5 30.4 15.4 21.5 28.9
50 Jordan Clarkson UTA 31 54 22 32 1649.0 25.7 23.5 26.3 21.3 24.6 26.0 24.1 11.6 12.2 12.0 29.1 27.3 16.4 3.1 23.0 12.3 19.7 23.7
51 Jordan Poole WAS 24 66 11 55 1921.0 25.5 22.7 26.1 30.2 31.9 26.2 23.9 7.2 11.3 10.4 22.7 28.8 24.5 11.2 28.6 26.3 24.1 24.0
52 Jerami Grant POR 30 54 17 37 1830.0 25.5 25.8 25.7 26.7 24.0 38.8 38.7 9.1 13.7 12.5 17.8 20.9 16.4 19.3 27.6 15.5 30.7 28.0
53 Franz Wagner ORL 22 60 37 23 1974.0 25.3 26.6 26.8 20.8 24.2 28.7 25.5 13.9 20.4 18.8 23.9 21.7 19.1 11.9 31.2 17.4 25.4 26.4
54 Bam Adebayo MIA 26 57 32 25 1970.0 25.2 27.0 24.3 0.9 1.3 35.3 37.9 35.5 34.8 35.0 21.8 26.1 18.8 36.8 23.0 19.5 38.5 25.6
55 Dejounte Murray ATL 27 64 28 36 2266.0 25.2 26.6 26.4 25.2 25.1 20.3 20.0 7.2 18.9 15.4 31.1 24.6 24.6 9.3 19.5 12.6 18.0 25.4
56 Terry Rozier MIA 30 50 16 34 1703.0 25.2 25.4 26.5 25.8 28.0 29.2 27.6 9.3 16.2 14.6 34.7 21.0 20.9 11.0 27.4 13.8 25.7 26.0
57 RJ Barrett TOR 23 53 24 29 1676.0 25.2 25.6 25.1 20.4 20.5 30.5 32.8 12.1 20.9 18.7 18.3 24.6 10.5 13.1 39.9 17.6 27.9 25.8
58 Darius Garland CLE 24 43 25 18 1426.0 25.1 23.6 25.0 26.4 26.1 26.0 23.8 6.7 9.0 8.5 32.5 32.0 24.6 3.5 22.2 13.1 22.9 24.3
59 Dmytro Skapintsev NYK 25 2 0 2 2.0 25.0 0.0 25.0 0.0 0.0 0.0 0.0 0.0 0.0 0.0 0.0 0.0 0.0 0.0 0.0 0.0 0.0 0.0
60 Scoot Henderson POR 20 48 16 32 1287.0 25.0 20.2 23.5 16.5 20.5 27.3 27.2 12.8 14.0 13.6 38.8 34.6 13.9 9.5 22.2 26.5 29.4 20.9
61 Malik Monk SAC 26 65 38 27 1706.0 24.7 23.6 25.3 29.5 28.8 23.3 21.3 6.7 14.6 12.6 35.2 28.4 17.5 25.3 29.3 18.3 20.9 24.3
62 Kristaps Porzingis BOS 28 46 35 11 1370.0 24.6 24.6 23.8 21.1 21.8 41.4 39.8 29.0 23.1 24.3 11.8 21.0 16.5 39.4 13.8 27.8 43.7 26.7
63 Mikal Bridges BKN 27 68 26 42 2399.0 24.5 24.1 25.1 25.7 25.5 31.2 28.7 10.7 16.5 15.1 19.4 22.8 19.6 9.7 19.2 10.9 25.7 25.3
64 Harry Giles III LAL 25 20 8 12 88.0 24.5 26.5 25.8 21.4 19.4 21.9 30.2 30.0 26.8 28.1 11.8 19.4 11.1 37.5 9.1 34.9 29.4 25.5
65 Pascal Siakam IND 29 66 29 37 2237.0 24.5 26.7 24.9 13.7 15.2 30.5 30.5 22.5 22.1 22.2 21.9 20.9 17.8 9.4 14.8 18.3 30.2 26.0
66 Miles Bridges CHA 25 57 14 43 2142.0 24.4 26.3 26.1 24.0 24.5 23.4 22.7 14.1 26.9 24.0 17.2 19.4 19.4 14.7 25.3 13.2 19.6 25.6
67 DeMar DeRozan CHI 34 66 32 34 2487.0 24.3 24.4 24.1 10.7 11.6 47.4 44.1 7.1 15.0 13.0 27.8 16.6 18.9 15.7 24.7 14.9 35.5 26.7
68 Tyrese Haliburton IND 24 55 31 24 1775.0 24.3 23.5 24.7 28.4 29.0 23.9 22.3 8.5 15.3 13.8 53.6 28.2 21.9 15.6 25.3 6.8 19.8 24.1
69 Jalen Hood-Schifino LAL 20 21 10 11 109.0 24.2 13.9 25.0 11.1 21.7 25.5 31.7 9.5 13.6 12.7 17.4 21.4 27.3 18.2 41.7 29.5 22.7 16.3
70 Jimmy Butler MIA 34 47 24 23 1605.0 24.1 24.0 22.8 11.1 10.1 47.2 45.6 29.4 15.3 18.5 26.0 20.1 24.9 13.7 31.9 9.2 38.4 26.7
71 Bojan Bogdanovic NYK 34 42 10 32 1240.0 24.1 24.1 25.2 38.2 33.5 25.0 24.3 6.6 13.9 12.0 13.2 22.0 19.7 4.8 27.7 16.0 21.7 25.7
72 James Bouknight CHA 23 14 0 14 81.0 24.0 27.3 28.7 44.8 44.1 5.6 7.4 8.3 18.6 16.4 17.6 8.3 10.0 16.7 13.3 9.7 11.5 27.9
73 Scottie Barnes TOR 22 60 22 38 2094.0 24.0 23.7 23.9 20.0 20.9 28.1 27.1 28.8 25.1 26.1 28.2 28.8 22.8 38.1 19.8 15.2 27.5 24.0
74 Jonathan Kuminga GSW 21 65 34 31 1699.0 23.9 25.9 23.6 9.9 11.5 35.7 37.4 22.3 18.4 19.3 13.1 22.5 17.2 20.1 35.7 20.6 30.4 25.3
75 Jaden Ivey DET 22 63 12 51 1799.0 23.8 20.9 23.0 22.5 25.2 29.2 30.4 18.6 11.2 13.0 23.6 27.0 22.1 20.1 29.6 21.8 27.6 22.3
76 Terquavion Smith PHI 21 12 4 8 69.0 23.8 23.2 28.8 57.1 52.5 5.6 6.1 0.0 4.8 3.4 23.3 18.2 38.9 0.0 50.0 16.0 8.8 23.6
77 Bradley Beal PHX 30 39 23 16 1285.0 23.8 24.2 24.6 20.1 20.8 21.2 21.0 13.9 14.3 14.2 25.2 24.4 18.7 9.6 22.7 20.8 17.5 23.4
78 Lonnie Walker IV BKN 25 47 20 27 834.0 23.8 24.5 26.5 34.8 32.8 14.4 15.0 4.9 15.8 13.1 13.6 18.0 20.1 18.2 24.7 17.7 12.9 24.5
79 Zach LaVine CHI 29 25 10 15 872.0 23.8 23.0 23.7 27.8 27.8 33.1 31.4 5.4 20.9 17.7 22.5 24.3 16.5 10.3 27.0 16.5 22.1 24.9
80 Lauri Markkanen UTA 26 51 22 29 1677.0 23.7 25.7 25.5 32.1 30.6 32.8 31.0 24.3 26.1 25.6 10.0 12.7 18.9 13.2 17.0 14.7 31.4 27.6
81 Nikola Vucevic CHI 33 63 31 32 2171.0 23.6 26.4 25.9 13.5 17.2 12.6 12.2 41.9 33.7 35.6 18.0 18.8 13.5 23.5 21.4 19.5 15.4 23.0
82 Jaden Hardy DAL 21 60 34 26 838.0 23.6 23.6 26.4 28.4 28.7 15.8 15.6 8.2 16.5 14.4 21.2 18.6 14.9 5.4 28.4 17.2 18.8 22.9
83 GG Jackson MEM 19 34 10 24 758.0 23.6 25.4 25.5 30.7 29.6 26.4 26.6 22.4 16.6 18.0 7.9 14.9 10.8 20.6 25.3 15.0 21.8 26.2
84 Russell Westbrook LAC 35 58 38 20 1313.0 23.6 21.7 23.4 10.9 15.9 16.6 19.9 27.9 23.7 24.7 36.1 33.4 28.0 15.6 26.8 17.8 19.2 19.7
85 Cole Swider MIA 24 11 4 7 55.0 23.5 20.9 24.5 35.7 39.6 14.3 10.5 7.1 7.1 7.1 13.8 30.0 12.5 50.0 0.0 13.3 5.6 21.9
86 Alec Burks NYK 32 58 14 44 1118.0 23.4 22.0 26.0 39.7 38.6 31.1 27.7 8.6 15.7 13.7 15.0 12.3 17.6 10.1 12.6 15.6 26.0 25.6
87 CJ McCollum NOP 32 51 34 17 1597.0 23.4 23.5 25.5 39.6 37.2 15.7 15.2 8.0 17.0 14.9 24.0 18.7 19.5 20.0 17.5 16.6 14.5 24.2
88 Bones Hyland LAC 23 29 16 13 422.0 23.4 19.7 25.1 30.8 33.4 9.8 9.7 4.5 10.7 9.2 35.2 26.4 29.4 6.7 33.3 22.3 17.3 19.5
89 Myles Turner IND 27 64 36 28 1753.0 23.3 23.5 22.8 17.7 19.6 34.7 35.8 31.5 29.0 29.5 7.3 21.1 14.1 50.9 19.3 27.8 33.6 24.4
90 Brandon Boston Jr. LAC 22 23 13 10 167.0 23.3 23.2 25.2 21.9 19.8 27.7 27.7 18.5 12.5 14.7 7.7 15.2 11.1 26.3 25.0 32.3 23.2 23.7
90 Daishen Nix MIN 22 12 9 3 39.0 23.3 21.1 26.0 41.7 42.4 5.6 16.7 0.0 4.5 3.2 9.5 28.6 40.0 0.0 50.0 5.9 12.5 20.8
92 Ryan Rollins MIL 21 10 1 9 66.0 23.2 19.1 20.0 16.7 9.7 40.6 40.5 15.4 20.9 19.6 29.7 31.8 36.4 20.0 25.0 25.0 43.8 22.8
93 Khris Middleton MIL 32 44 28 16 1155.0 23.2 22.7 23.6 22.8 22.7 18.2 16.4 11.2 18.7 17.0 32.2 30.3 25.8 9.8 17.6 22.8 18.8 22.1
94 Brandon Miller CHA 21 61 15 46 1944.0 23.0 23.3 24.6 30.5 29.0 18.6 18.0 12.8 16.1 15.3 14.7 18.9 20.1 18.0 18.6 20.7 22.1 23.4
95 Talen Horton-Tucker UTA 23 43 12 31 841.0 23.0 21.0 24.0 19.9 22.4 23.0 23.2 8.7 15.2 13.3 35.0 21.8 31.0 14.0 17.5 21.5 20.4 21.2
96 Klay Thompson GSW 34 63 32 31 1865.0 23.0 22.8 25.5 35.7 35.6 17.1 14.8 6.8 14.4 12.4 12.0 16.7 15.3 18.6 11.4 14.5 11.3 23.7
97 Jalen Williams OKC 22 60 42 18 1901.0 22.9 24.9 23.6 18.7 16.5 23.6 23.7 9.7 16.2 15.0 24.9 21.5 19.6 12.8 21.4 20.5 21.2 24.1
98 Cole Anthony ORL 23 67 40 27 1537.0 22.9 21.2 23.4 21.0 22.5 26.3 24.7 16.0 21.1 19.8 26.7 23.6 21.8 17.0 16.3 23.3 22.3 22.1
99 Immanuel Quickley TOR 24 62 26 36 1793.0 22.9 22.0 24.2 34.2 31.3 26.4 24.1 3.8 17.4 14.0 29.0 17.9 15.3 5.3 20.4 14.7 22.8 24.0
100 Dalano Banton POR 24 40 22 18 574.0 22.8 22.0 23.4 21.4 21.4 27.2 28.3 17.9 18.5 18.3 22.1 20.1 17.9 18.0 20.5 18.7 25.1 22.7
101 Devin Vassell SAS 23 62 14 48 2032.0 22.8 25.2 24.9 29.5 27.5 22.2 22.3 6.5 14.9 13.0 19.3 14.9 19.7 8.5 16.9 9.3 18.7 25.2
102 Ricky Council IV PHI 22 22 8 14 202.0 22.8 23.1 22.6 9.3 15.2 50.0 48.4 26.7 20.1 21.8 7.0 7.4 6.5 3.8 16.7 14.9 35.6 26.9
103 Malcolm Brogdon POR 31 39 15 24 1121.0 22.6 23.4 24.2 29.3 26.8 21.8 22.0 10.5 16.7 15.0 40.2 18.1 15.7 7.0 20.7 12.6 21.6 23.8
104 Bennedict Mathurin IND 21 59 33 26 1538.0 22.6 20.7 22.7 20.8 20.2 31.6 30.4 17.5 17.8 17.8 13.1 21.5 13.9 8.4 36.3 16.4 26.2 22.4
105 Caris LeVert CLE 29 55 33 22 1552.0 22.6 20.5 23.6 19.4 22.1 20.8 21.3 9.3 17.3 15.5 31.4 20.6 25.3 14.9 25.0 15.3 18.2 20.4
106 Amari Bailey CHA 20 4 0 4 16.0 22.5 12.5 21.9 0.0 21.4 33.3 33.3 50.0 0.0 11.8 25.0 33.3 0.0 0.0 0.0 0.0 20.0 12.5
106 Marcus Smart MEM 30 20 7 13 605.0 22.5 20.0 21.1 22.8 26.1 21.9 22.2 5.5 10.5 9.5 27.2 33.7 37.6 6.5 6.8 18.9 25.7 20.7
108 Tim Hardaway Jr. DAL 32 65 38 27 1816.0 22.5 21.7 25.3 33.4 33.8 18.3 16.9 5.7 16.8 14.3 11.7 13.2 13.2 3.2 19.2 13.0 17.5 22.6
109 Coby White CHI 24 66 32 34 2425.0 22.4 21.7 22.8 30.2 28.9 22.5 21.6 7.2 16.7 14.4 27.3 23.8 13.8 7.1 23.4 16.8 27.8 22.8
110 D'Angelo Russell LAL 28 63 36 27 2021.0 22.3 21.8 23.5 34.2 31.4 17.2 16.7 7.9 11.2 10.6 32.1 23.0 16.8 12.4 13.7 19.9 18.3 22.4
111 Kaiser Gates NOP 27 1 0 1 7.0 22.2 0.0 28.6 0.0 33.3 0.0 0.0 0.0 20.0 14.3 0.0 0.0 0.0 0.0 33.3 0.0 0.0 0.0
111 Keon Johnson BKN 22 4 0 4 51.0 22.2 16.3 19.8 33.3 28.1 34.5 29.4 15.8 9.5 12.5 10.0 36.4 60.0 100 12.5 23.5 31.8 22.0
111 Mamadi Diakite NYK 27 3 2 1 16.0 22.2 33.3 18.5 0.0 0.0 66.7 66.7 33.3 16.7 20.0 28.6 0.0 0.0 50.0 0.0 20.0 37.5 36.4
111 Markquis Nowell TOR 24 1 0 1 4.0 22.2 0.0 16.7 0.0 0.0 50.0 50.0 100 0.0 40.0 100 0.0 50.0 0.0 50.0 0.0 50.0 22.2
115 Derrick Rose MEM 35 24 6 18 399.0 22.2 23.2 22.7 16.5 14.7 18.5 15.3 9.9 13.3 12.6 35.8 27.7 13.1 4.3 27.3 13.4 19.4 21.8
116 Josh Giddey OKC 21 66 47 19 1619.0 22.1 20.2 22.3 14.1 17.9 12.7 12.8 31.1 27.8 28.5 29.3 31.4 18.3 14.2 31.4 14.1 11.5 18.5
117 Bobby Portis MIL 29 68 44 24 1635.0 22.0 24.9 24.2 17.1 16.3 14.9 14.7 33.5 33.5 33.5 8.9 16.9 21.2 15.8 16.2 22.6 13.8 22.5
118 Zach Collins SAS 26 56 12 44 1274.0 22.0 22.2 21.1 15.2 17.2 24.7 25.6 34.6 22.9 25.7 21.3 26.9 18.2 33.1 24.3 33.7 27.5 21.8
119 Shaedon Sharpe POR 20 32 8 24 1059.0 22.0 20.6 22.0 24.5 24.3 27.1 26.3 16.3 18.6 17.9 19.4 22.8 15.9 12.4 23.2 19.1 27.3 22.0
120 Lamar Stevens MEM 26 31 19 12 382.0 22.0 26.6 23.9 11.2 9.3 19.1 19.2 28.3 23.4 24.6 9.0 18.4 18.8 33.3 23.8 25.5 17.3 23.6
121 Bogdan Bogdanovic ATL 31 64 29 35 1898.0 21.9 21.9 24.3 34.5 35.1 14.5 12.9 8.3 13.6 12.2 18.8 17.2 26.2 12.2 19.4 21.1 12.1 22.3
122 Domantas Sabonis SAC 27 66 38 28 2370.0 21.9 24.6 19.6 4.3 3.8 30.4 32.5 46.3 41.6 42.7 37.7 33.8 16.1 22.4 29.4 21.2 33.2 22.9
123 Keyonte George UTA 20 60 25 35 1559.0 21.8 19.1 21.9 30.6 29.4 23.0 22.5 3.6 14.1 11.3 31.3 24.7 15.3 3.4 20.7 12.6 24.5 21.0
124 Moritz Wagner ORL 26 66 39 27 1196.0 21.8 27.2 22.1 11.7 12.8 28.1 27.0 37.4 25.9 28.9 12.1 22.4 16.3 15.4 29.8 25.5 29.9 25.9
125 Keldon Johnson SAS 24 63 15 48 1867.0 21.5 22.6 22.7 25.3 24.6 24.0 23.7 21.1 20.0 20.3 16.0 16.8 17.8 8.6 28.0 18.4 21.3 23.1
126 T.J. McConnell IND 31 57 31 26 1014.0 21.5 23.6 22.1 4.2 4.4 12.9 12.8 13.9 19.7 18.3 48.1 29.3 35.8 5.3 22.3 12.5 21.2 20.4
127 Adam Flagler OKC 24 1 1 0 6.0 21.4 0.0 33.3 0.0 50.0 0.0 0.0 0.0 0.0 0.0 33.3 0.0 0.0 0.0 0.0 0.0 0.0 0.0
128 Eugene Omoruyi WAS 27 36 4 32 283.0 21.4 25.9 22.7 10.5 14.7 27.6 29.1 42.6 26.1 31.0 18.8 16.7 33.3 7.4 23.3 39.8 32.5 24.7
129 Naz Reid MIN 24 67 46 21 1583.0 21.3 23.9 23.5 31.7 29.2 14.8 15.1 19.9 24.0 23.1 9.6 17.8 17.1 25.9 28.7 21.5 14.0 23.3
130 Jett Howard ORL 20 14 7 7 52.0 21.3 21.6 27.1 33.3 36.7 9.1 12.9 10.0 10.0 10.0 11.1 9.1 0.0 25.0 0.0 15.8 9.5 20.7
131 Kelly Oubre Jr. PHI 28 54 30 24 1591.0 21.3 21.3 22.2 20.1 23.5 21.4 23.3 20.4 17.4 18.2 8.4 16.5 22.3 14.4 27.4 22.4 22.9 21.2
132 Donte DiVincenzo NYK 27 66 40 26 1775.0 21.1 21.7 23.3 42.8 39.1 10.2 11.0 11.0 14.6 13.5 18.5 17.5 29.2 15.8 14.4 20.4 13.1 22.4
133 Alex Fudge DAL 20 4 1 3 14.0 21.1 20.0 30.0 0.0 18.2 22.2 16.7 66.7 0.0 20.0 0.0 12.5 0.0 0.0 100 16.7 16.7 20.0
134 Jordan Nwora TOR 25 39 13 26 459.0 21.0 22.1 23.3 29.7 29.0 18.4 16.7 18.2 24.4 22.9 14.7 17.7 21.2 13.5 18.9 19.3 17.9 22.2
135 Kenneth Lofton Jr. UTA 21 17 5 12 108.0 21.0 17.6 20.8 7.7 11.1 22.2 30.0 8.3 23.9 19.8 23.0 25.0 18.8 16.7 38.9 30.6 23.9 16.7
136 JaVale McGee SAC 36 40 24 16 315.0 20.9 26.4 19.8 1.1 2.0 22.5 27.2 49.3 33.9 37.8 8.6 30.5 24.4 46.3 21.7 30.4 30.4 23.0
137 Reggie Jackson DEN 33 68 47 21 1487.0 20.6 20.5 22.5 23.0 23.6 10.9 10.5 7.4 10.1 9.5 28.2 20.5 16.7 5.5 20.0 19.1 12.9 19.5
138 Boban Marjanovic HOU 35 10 6 4 50.0 20.6 22.2 23.9 0.0 8.3 30.0 40.0 40.0 45.7 44.0 23.5 9.1 0.0 20.0 20.0 33.3 47.1 22.1
139 Craig Porter Jr. CLE 24 43 27 16 578.0 20.6 21.3 20.4 6.6 7.0 27.2 27.6 16.9 19.3 18.8 30.8 24.0 27.5 23.1 30.0 18.3 22.8 20.0
140 Chet Holmgren OKC 21 67 47 20 2023.0 20.5 22.0 20.9 21.7 21.6 22.2 23.3 30.0 30.1 30.1 15.5 20.8 13.4 51.7 22.6 20.5 24.5 22.0
141 DaQuan Jeffries NYK 26 13 8 5 34.0 20.5 20.0 21.2 11.1 18.9 0.0 25.0 0.0 18.5 16.7 12.5 50.0 0.0 0.0 33.3 22.2 14.3 18.0
141 Oscar Tshiebwe IND 24 8 2 6 42.0 20.5 24.4 23.3 0.0 0.0 33.3 29.6 40.0 32.0 35.6 7.7 0.0 16.7 14.3 66.7 15.0 27.8 24.1
143 Marvin Bagley III WAS 25 44 4 40 932.0 20.4 24.7 20.2 2.2 2.8 28.5 30.8 53.8 24.7 32.3 10.0 18.4 13.1 34.6 25.8 21.0 28.3 22.9
144 Luka Samanic UTA 24 33 13 20 237.0 20.4 17.5 22.0 17.5 23.3 20.5 19.7 22.2 26.3 25.4 7.4 17.6 6.5 16.7 32.0 24.0 19.8 18.1
145 Jonas Valanciunas NOP 31 67 41 26 1648.0 20.3 22.4 20.1 8.7 9.9 24.3 23.5 45.7 38.1 39.9 15.3 20.7 10.6 34.6 24.9 29.3 25.4 21.3
146 James Harden LAC 34 60 38 22 2081.0 20.3 16.6 18.8 28.5 27.5 30.5 29.0 6.8 19.7 16.8 43.8 28.6 19.3 24.2 20.1 15.0 24.1 20.3
147 Kobe Bufkin ATL 20 9 6 3 89.0 20.3 17.8 23.4 23.8 25.0 5.6 9.1 14.3 19.0 18.2 31.3 17.9 23.1 7.1 44.4 17.6 5.7 16.3
148 Kevin Love MIA 35 47 26 21 822.0 20.3 19.8 20.5 32.7 33.6 22.3 23.3 27.8 43.1 39.4 23.2 19.7 14.4 22.5 8.3 27.3 26.2 21.8
149 Andre Drummond CHI 30 68 33 35 1154.0 20.2 23.2 19.3 0.0 0.4 22.9 30.4 63.1 48.4 53.1 6.3 22.7 32.6 32.3 26.8 27.2 29.5 21.1
150 Tobias Harris PHI 31 60 35 25 2029.0 20.1 22.1 21.3 14.1 15.6 19.2 18.3 14.3 22.5 20.4 17.9 16.6 18.4 12.6 25.1 11.8 18.5 20.8
151 Jake LaRavia MEM 22 23 4 19 414.0 20.1 19.9 21.7 21.7 26.5 25.8 24.8 26.1 16.3 19.2 14.1 11.9 31.7 12.7 15.6 24.7 20.7 21.3
152 Evan Mobley CLE 22 38 24 14 1183.0 20.0 24.1 19.9 4.0 4.4 22.7 25.1 38.3 33.9 34.9 17.1 21.3 19.2 44.4 23.8 24.2 23.3 21.9
153 Brandon Williams DAL 24 12 7 5 59.0 20.0 17.8 20.2 13.3 16.7 37.5 39.3 20.0 9.1 11.9 42.9 16.7 14.3 12.5 28.6 12.5 50.0 19.8
153 Drew Peterson BOS 24 1 1 0 3.0 20.0 33.3 25.0 50.0 33.3 0.0 0.0 0.0 0.0 0.0 33.3 0.0 0.0 0.0 0.0 100 0.0 37.5
153 Jamaree Bouyea SAS 24 6 0 6 57.0 20.0 13.9 19.4 0.0 17.8 0.0 0.0 11.1 25.0 20.0 30.8 33.3 0.0 0.0 22.2 15.8 4.5 10.2
156 Duop Reath POR 27 53 15 38 937.0 20.0 22.9 21.3 24.6 24.5 16.3 18.4 31.0 20.9 24.1 11.9 15.5 16.8 37.7 21.1 31.2 20.6 22.1
157 Michael Porter Jr. DEN 25 67 47 20 2124.0 20.0 21.5 22.2 36.5 33.7 10.6 9.9 18.0 25.4 23.5 7.4 14.0 11.3 22.3 14.8 17.0 9.8 21.5
158 Dennis Schroder BKN 30 68 24 44 2083.0 19.9 18.7 20.2 22.5 21.6 21.5 19.1 6.0 11.4 10.1 33.0 22.9 18.9 6.5 22.7 17.2 19.1 19.5
159 Andrew Wiggins GSW 29 57 28 29 1531.0 19.9 20.2 21.0 13.4 15.1 20.9 22.5 23.1 14.8 17.0 10.7 14.3 17.5 21.9 25.3 18.9 21.1 19.4
160 De'Andre Hunter ATL 26 43 20 23 1222.0 19.9 20.7 20.6 25.4 23.2 25.3 24.1 7.6 17.3 14.5 8.6 17.3 16.2 11.7 15.3 24.0 28.5 22.0
161 Deandre Ayton POR 25 45 12 33 1454.0 19.8 27.0 21.4 0.3 0.3 11.0 11.1 41.8 37.8 38.9 10.3 17.5 19.3 27.1 18.2 17.7 12.1 22.1
162 Austin Reaves LAL 25 68 36 32 2159.0 19.8 19.6 19.9 25.3 25.1 22.0 19.9 12.3 15.6 15.0 29.4 24.6 18.2 5.7 18.5 17.5 21.1 20.6
163 Scotty Pippen Jr. MEM 23 9 1 8 208.0 19.7 19.8 18.1 20.6 14.7 25.8 27.7 20.5 16.2 17.2 41.8 27.7 26.3 17.9 9.1 27.7 28.0 20.7
164 Trendon Watford BKN 23 49 19 30 562.0 19.6 22.5 20.3 11.5 11.4 24.8 21.4 25.2 22.8 23.5 19.0 18.8 20.7 29.8 24.2 32.5 22.0 21.8
165 Corey Kispert WAS 25 66 11 55 1542.0 19.5 22.0 21.3 34.3 32.4 16.6 16.9 7.4 14.6 13.0 13.1 15.3 13.3 9.9 21.1 17.3 15.2 22.6
166 Justin Champagnie WAS 22 6 0 6 80.0 19.5 20.6 20.4 31.6 25.4 9.5 6.3 26.7 26.1 26.2 11.6 24.0 40.0 45.5 28.6 13.2 7.4 20.5
167 Norman Powell LAC 30 65 41 24 1687.0 19.5 21.4 21.4 29.9 27.5 17.1 16.9 4.0 13.7 11.6 7.9 13.1 14.0 10.4 17.0 16.6 17.4 21.7
168 Jalen Suggs ORL 22 61 36 25 1623.0 19.4 19.2 20.0 32.0 30.3 13.9 13.7 11.4 14.2 13.5 18.3 21.9 30.6 21.2 13.1 24.9 18.7 19.7
169 John Collins UTA 26 62 27 35 1754.0 19.4 23.0 20.3 15.4 15.7 17.9 19.2 30.9 32.5 32.0 7.2 16.7 14.9 31.6 25.3 24.5 19.9 21.3
170 Adama Sanogo CHI 22 4 1 3 12.0 19.4 44.4 19.0 0.0 0.0 50.0 60.0 60.0 40.0 46.7 0.0 16.7 0.0 0.0 0.0 0.0 40.0 43.5
171 Evan Fournier DET 31 18 6 12 292.0 19.3 19.2 21.9 35.4 35.3 17.5 16.7 5.4 15.4 13.3 15.3 12.5 31.1 7.1 14.7 21.4 10.1 20.6
172 Nick Smith Jr. CHA 19 42 8 34 629.0 19.2 19.3 20.9 29.7 24.3 6.3 5.6 14.9 11.0 11.9 18.4 18.9 9.2 12.5 13.5 21.2 6.0 18.9
173 Ziaire Williams MEM 22 51 20 31 1038.0 19.2 19.1 20.1 21.3 23.2 17.0 15.8 15.1 21.5 19.8 14.6 20.1 19.7 7.2 19.1 21.2 16.9 19.0
174 Jules Bernard WAS 24 11 1 10 66.0 19.2 20.7 21.6 26.7 28.3 11.1 13.3 17.9 11.9 14.3 20.6 16.0 10.0 8.3 10.0 26.1 24.1 20.1
175 Jusuf Nurkic PHX 29 64 39 25 1744.0 19.2 17.5 17.1 4.4 7.4 22.1 27.2 49.6 40.0 42.2 22.4 28.1 23.1 35.6 28.3 33.8 27.0 16.7
176 Deni Avdija WAS 23 63 11 52 1831.0 19.2 19.7 18.5 14.9 13.8 25.9 27.0 22.4 29.3 27.8 21.1 23.6 17.5 14.5 24.8 20.9 28.3 20.0
177 Malaki Branham SAS 20 63 13 50 1294.0 19.2 19.4 20.9 20.6 22.2 11.9 9.9 8.3 11.7 10.9 17.5 17.9 13.1 4.4 25.9 16.8 11.0 18.6
178 Jordan Hawkins NOP 21 57 34 23 1085.0 19.2 17.9 21.5 34.3 35.1 15.3 13.9 10.8 15.6 14.3 11.0 12.8 10.1 6.5 12.7 16.0 9.8 19.4
179 Cameron Johnson BKN 28 52 19 33 1441.0 19.2 20.7 20.7 29.8 27.6 16.5 16.1 14.3 18.4 17.3 16.0 14.6 22.8 8.3 21.2 17.6 15.8 21.3
180 Vasilije Micic CHA 30 47 30 17 810.0 19.1 16.1 18.1 13.4 18.1 19.5 18.6 7.1 9.4 8.9 38.1 28.8 14.9 6.0 25.8 15.4 16.1 16.2
181 Marcus Sasser DET 23 58 10 48 959.0 19.0 20.0 20.3 26.2 24.4 9.9 9.4 3.3 14.4 11.6 34.0 20.8 26.4 8.5 14.8 19.0 13.6 19.0
182 Jared Butler WAS 23 26 2 24 246.0 19.0 20.0 18.3 15.4 16.8 20.5 17.5 5.9 12.2 10.6 40.0 30.1 28.2 10.0 13.8 24.0 21.8 19.6
183 Dario Saric GSW 29 61 32 29 1074.0 18.9 19.0 18.9 22.8 21.4 20.8 18.9 25.6 27.9 27.2 22.8 22.7 19.2 11.8 22.0 25.0 21.5 19.7
184 Jarrett Allen CLE 25 62 40 22 1960.0 18.9 23.2 18.0 0.0 0.3 28.8 31.0 48.9 32.8 36.6 14.2 19.4 14.2 38.5 27.1 18.7 34.6 21.3
185 Saben Lee PHX 24 21 12 9 178.0 18.9 13.4 18.1 5.9 14.8 29.9 32.8 23.7 17.1 18.6 35.7 14.3 30.4 9.4 35.0 21.7 30.6 16.8
186 Josh Minott MIN 21 24 18 6 67.0 18.9 21.8 22.1 13.3 14.8 34.3 32.6 23.1 22.7 22.8 10.8 8.3 21.4 50.0 22.2 21.9 27.6 23.8
187 P.J. Washington DAL 25 60 19 41 1791.0 18.9 18.1 19.8 22.7 25.7 14.8 16.2 18.3 21.3 20.6 12.2 17.9 20.5 22.8 18.3 19.9 15.0 18.2
188 Fred VanVleet HOU 30 60 31 29 2209.0 18.8 17.7 19.8 30.6 29.0 19.4 17.6 5.2 12.8 11.0 41.7 18.3 21.3 24.0 10.4 14.4 16.8 19.4
189 Armoni Brooks BKN 25 10 3 7 104.0 18.8 15.2 22.2 40.7 42.1 2.1 3.2 17.5 15.3 16.1 7.9 13.6 7.7 14.3 36.4 7.5 2.3 15.4
190 Tari Eason HOU 22 22 12 10 480.0 18.8 22.1 21.1 14.8 14.8 9.6 11.7 34.8 29.8 31.2 12.1 15.3 36.9 33.3 28.8 21.1 10.8 18.9
191 Hamidou Diallo WAS 25 2 1 1 5.0 18.8 25.0 14.3 0.0 0.0 0.0 0.0 50.0 0.0 22.2 50.0 100 100 0.0 0.0 50.0 0.0 22.2
191 Taze Moore POR 25 3 1 2 10.0 18.8 25.0 22.7 0.0 18.2 0.0 0.0 0.0 0.0 0.0 16.7 25.0 25.0 0.0 0.0 28.6 16.7 17.6
193 Duncan Robinson MIA 29 62 35 27 1772.0 18.7 20.0 20.3 39.6 36.4 11.7 10.5 3.9 12.0 10.3 19.7 19.1 15.5 11.0 14.5 21.2 10.3 20.8
194 Julian Strawther DEN 21 41 28 13 497.0 18.7 17.8 21.2 31.4 34.1 12.4 12.9 3.3 14.2 11.4 15.4 12.1 25.4 12.1 13.6 21.6 17.8 18.6
195 Jalen Smith IND 24 48 28 20 853.0 18.6 23.2 18.9 21.3 18.2 23.8 26.2 39.9 34.5 36.0 9.7 16.0 7.6 34.1 8.8 26.4 25.7 23.1
196 Trey Murphy III NOP 23 42 27 15 1153.0 18.5 19.5 21.1 36.9 38.1 17.1 17.0 11.0 18.0 16.4 13.2 6.8 16.2 16.4 7.4 11.9 14.5 21.2
197 Gary Trent Jr. TOR 25 61 22 39 1676.0 18.4 19.0 21.3 33.8 31.3 9.4 9.7 5.1 12.1 10.3 8.9 8.6 23.8 6.0 11.7 12.4 9.9 19.5
198 Buddy Hield PHI 31 69 36 33 1848.0 18.4 18.0 20.2 34.3 32.6 6.6 6.0 10.9 15.5 14.3 18.6 17.7 21.2 16.7 14.0 17.7 4.6 18.6
199 Jordan Ford SAC 25 6 2 4 22.0 18.4 19.0 17.9 22.2 14.3 28.6 25.0 0.0 14.3 11.1 18.2 33.3 0.0 0.0 0.0 0.0 20.0 20.7
200 Jeremy Sochan SAS 20 68 15 53 2023.0 18.4 17.9 18.7 12.3 13.4 16.0 16.3 28.9 21.4 23.2 18.8 19.3 17.4 13.2 31.6 22.7 16.8 17.0
201 Gordon Hayward OKC 33 38 17 21 1019.0 18.3 17.1 18.1 10.9 11.0 23.9 24.5 14.3 17.6 16.8 25.3 19.1 21.7 10.0 13.6 14.2 22.5 17.4
202 Derrick White BOS 29 62 50 12 2003.0 18.3 17.6 18.9 23.9 23.8 15.7 14.3 11.2 14.1 13.5 27.2 20.4 23.4 27.9 18.0 19.1 17.0 18.2
203 Jaime Jaquez Jr. MIA 23 61 36 25 1793.0 18.3 19.8 18.7 12.2 13.7 16.8 17.0 20.6 13.6 15.2 16.3 20.3 26.1 10.9 28.9 21.0 15.3 18.5
204 Rui Hachimura LAL 26 54 29 25 1391.0 18.3 21.0 20.3 21.1 20.1 14.3 15.3 18.6 16.1 16.5 6.9 10.6 16.7 11.3 20.5 18.6 12.6 20.0
205 Markelle Fultz ORL 25 30 18 12 654.0 18.3 20.3 20.2 0.7 2.8 7.8 8.8 27.0 14.5 17.7 26.4 17.6 23.8 20.4 29.5 17.1 11.4 16.5
206 Santi Aldama MEM 23 55 21 34 1430.0 18.2 19.8 19.9 22.9 22.8 10.6 13.3 20.6 26.2 24.8 16.3 15.0 17.1 23.0 13.6 14.9 14.8 18.9
207 Day'Ron Sharpe BKN 22 51 20 31 792.0 18.2 21.1 16.8 2.0 2.3 23.2 28.5 55.0 35.4 41.3 17.7 23.7 18.4 44.0 25.0 32.7 29.1 19.4
208 Cameron Payne PHI 29 63 36 27 1028.0 18.2 18.1 19.5 28.1 26.5 15.2 13.5 5.7 10.6 9.3 28.9 18.4 19.2 6.7 16.2 21.0 14.3 18.8
209 Jerome Robinson GSW 27 17 12 5 65.0 18.1 13.8 20.0 10.5 23.3 28.6 37.0 4.8 7.5 6.8 12.8 4.5 0.0 21.4 0.0 18.2 28.6 15.4
210 Landry Shamet WAS 27 46 6 40 726.0 18.1 18.6 20.0 26.1 27.7 15.6 14.7 10.5 9.7 9.9 12.6 14.5 22.9 17.2 22.6 23.9 16.0 19.0
211 Jahmi'us Ramsey TOR 22 4 0 4 62.0 18.0 14.6 18.1 15.4 23.4 22.7 21.4 26.7 23.4 24.2 12.1 20.0 30.8 0.0 22.2 17.4 16.0 16.0
211 TyTy Washington Jr. MIL 22 5 3 2 21.0 18.0 9.1 21.2 20.0 15.8 0.0 0.0 0.0 6.3 5.6 12.5 18.2 40.0 0.0 0.0 0.0 12.5 8.3
213 Jalen Johnson ATL 22 50 25 25 1701.0 18.0 21.1 19.0 14.4 14.0 13.0 14.7 14.3 31.2 26.5 18.7 18.6 21.4 25.4 23.0 21.0 15.5 19.0
214 Skylar Mays LAL 26 33 11 22 421.0 18.0 18.0 19.7 16.8 18.9 10.7 10.2 9.6 13.7 12.5 39.2 15.6 27.3 9.3 20.8 14.0 13.8 16.9
215 Brice Sensabaugh UTA 20 17 6 11 249.0 17.9 16.6 18.1 16.4 22.0 13.3 11.9 11.5 19.0 17.0 13.0 25.3 14.3 0.0 17.4 20.5 12.4 16.1
216 Emoni Bates CLE 20 11 6 5 88.0 17.9 14.1 21.1 24.0 33.8 8.3 16.0 6.3 19.6 16.4 13.0 6.7 7.7 25.0 25.0 14.7 18.5 15.2
217 Jalen McDaniels TOR 26 39 10 29 368.0 17.9 16.1 19.7 12.1 21.0 11.9 14.1 13.0 18.3 16.9 11.6 17.1 26.2 9.3 20.5 25.3 11.2 14.9
218 Tre Mann CHA 23 27 17 10 557.0 17.9 18.9 18.8 20.3 17.7 16.4 18.5 15.7 23.0 21.5 30.1 17.5 28.6 0.0 26.7 17.2 23.5 18.8
219 Colby Jones SAC 21 19 9 10 127.0 17.8 17.5 20.2 3.3 14.0 4.5 9.4 23.8 18.6 20.3 18.0 14.7 25.0 7.1 23.1 30.2 11.9 13.9
220 David Roddy PHX 22 59 20 39 1155.0 17.8 17.6 19.1 16.4 18.1 12.0 13.5 22.9 20.2 20.8 12.9 16.1 15.1 8.0 20.6 14.6 12.6 16.6
221 Greg Brown III DAL 22 6 3 3 40.0 17.8 14.7 14.9 12.5 15.0 21.1 32.1 23.1 17.1 18.8 18.2 23.5 0.0 57.1 20.0 41.7 27.8 15.8
222 Kira Lewis Jr. UTA 22 19 10 9 152.0 17.7 15.5 19.8 7.4 19.8 13.7 11.6 12.8 8.8 9.8 31.3 19.0 27.3 10.0 23.5 14.1 10.7 14.4
223 Moses Moody GSW 21 51 27 24 906.0 17.7 19.4 19.3 19.8 21.5 16.7 16.1 20.8 16.2 17.5 7.5 13.0 26.3 26.4 21.7 17.2 17.9 19.0
224 Jordan Goodwin MEM 25 48 26 22 782.0 17.7 16.4 19.5 20.8 22.2 9.6 10.4 25.5 19.5 21.2 30.1 16.9 27.7 15.0 25.9 19.1 10.1 15.5
225 Anthony Gill WAS 31 38 6 32 213.0 17.6 15.0 16.7 7.0 11.7 19.5 18.8 34.0 19.7 23.6 13.9 25.0 17.9 24.1 19.2 20.5 12.4 14.9
226 Jalen Duren DET 20 52 12 40 1553.0 17.6 22.4 16.9 0.0 0.3 22.6 22.3 46.8 39.8 41.6 15.5 21.2 13.7 25.1 20.3 24.5 22.5 20.2
227 Hunter Tyson DEN 23 11 8 3 32.0 17.6 11.1 19.6 13.3 23.1 0.0 0.0 50.0 38.1 39.1 5.3 20.0 0.0 0.0 0.0 36.8 0.0 11.3
228 De'Anthony Melton PHI 25 36 23 13 1002.0 17.6 14.9 18.5 27.6 29.0 13.6 14.1 12.1 16.4 15.3 19.9 16.0 30.3 12.2 16.9 21.2 13.8 16.0
229 Jaden Springer BOS 21 41 26 15 416.0 17.5 14.9 17.5 8.6 15.0 15.5 14.4 27.1 13.6 17.6 18.4 24.8 31.4 25.0 24.6 30.3 17.9 14.4
230 Dillon Brooks HOU 28 58 28 30 1809.0 17.5 17.3 18.4 24.0 22.8 15.6 14.9 11.4 12.5 12.2 10.1 15.2 19.3 4.5 10.1 25.0 13.9 17.8
231 A.J. Lawson DAL 23 32 19 13 244.0 17.5 19.4 19.3 17.6 21.5 13.5 15.1 16.2 13.0 14.0 11.2 13.9 25.0 10.7 27.3 20.8 11.8 18.2
232 Shake Milton NYK 27 44 29 15 559.0 17.5 16.3 18.4 14.9 18.1 17.3 16.6 11.7 13.7 13.2 20.2 18.8 20.5 8.6 20.0 20.9 17.2 16.4
233 Dennis Smith Jr. BKN 26 52 19 33 1012.0 17.5 16.6 17.8 11.3 14.3 12.9 13.3 21.3 16.9 18.0 34.6 21.8 35.4 13.5 19.8 26.6 13.2 15.5
234 Keegan Murray SAC 23 61 35 26 2014.0 17.5 18.3 19.3 22.2 23.6 14.7 12.7 17.7 18.2 18.1 8.1 9.6 19.3 27.8 16.7 20.6 11.2 18.3
235 DeJon Jarreau MEM 26 4 1 3 71.0 17.4 12.5 17.1 7.1 11.1 14.8 10.8 5.3 42.6 32.9 45.5 24.0 35.7 0.0 12.5 33.3 7.1 12.4
236 Ish Wainright PHX 29 9 1 8 59.0 17.4 17.9 21.6 53.8 38.5 11.8 6.9 18.8 23.9 22.6 4.5 10.5 30.0 25.0 0.0 20.0 10.0 21.3
237 Theo Maledon PHX 22 17 5 12 213.0 17.3 11.0 17.2 10.4 21.9 15.7 12.2 6.1 14.1 11.5 25.9 28.1 23.3 0.0 29.2 18.6 19.2 11.8
238 Miles McBride NYK 23 54 33 21 814.0 17.3 20.9 20.0 30.6 24.7 9.8 9.1 8.3 7.8 8.0 19.0 9.4 27.4 6.9 15.2 24.3 15.6 20.6
239 Christian Wood LAL 28 50 28 22 872.0 17.3 16.5 17.6 19.3 21.4 18.3 19.7 26.5 33.0 31.8 10.4 18.2 13.1 30.0 17.1 23.2 20.3 17.1
240 Wendell Carter Jr. ORL 24 41 23 18 1077.0 17.3 19.4 17.5 19.1 18.3 21.6 22.5 38.2 27.6 30.1 12.5 15.1 10.8 26.2 17.2 22.4 25.5 19.7
241 OG Anunoby NYK 26 44 26 18 1498.0 17.3 18.3 18.4 22.9 22.5 12.6 12.7 11.8 13.5 13.1 11.0 16.1 23.6 20.1 22.5 17.8 12.4 18.0
242 Kevin Huerter SAC 25 63 36 27 1560.0 17.3 17.1 19.1 25.9 26.7 7.4 7.2 13.0 17.4 16.4 16.8 13.3 17.4 18.3 11.8 21.3 7.8 17.0
243 Aaron Gordon DEN 28 62 42 20 1945.0 17.3 18.5 16.7 7.2 9.3 21.9 26.6 31.2 18.8 21.8 16.8 17.8 16.7 18.9 27.0 18.8 24.9 17.9
244 Amen Thompson HOU 21 48 21 27 961.0 17.2 19.2 16.5 3.6 7.5 18.9 20.9 31.8 27.0 28.4 22.5 24.5 29.5 32.6 19.0 25.5 23.6 17.7
245 Jose Alvarado NOP 25 46 31 15 804.0 17.2 16.2 18.8 27.3 28.0 9.1 10.0 8.0 14.5 12.8 20.0 16.8 30.6 17.7 19.1 21.2 11.7 16.2
246 Georges Niang CLE 30 67 42 25 1468.0 17.2 17.6 19.2 25.4 26.4 9.8 8.7 7.4 21.4 18.5 9.9 13.4 9.9 9.7 8.5 26.0 7.9 17.6
247 D'Moi Hodge LAL 25 7 1 6 41.0 17.2 18.5 22.4 60.0 40.0 5.9 8.3 0.0 0.0 0.0 27.8 7.1 14.3 25.0 0.0 30.8 6.3 18.4
248 Sam Merrill CLE 27 49 32 17 828.0 17.2 18.4 20.6 42.4 37.1 6.5 5.1 11.0 13.6 13.0 18.5 6.4 13.9 4.2 15.5 17.3 12.8 20.3
249 Isaiah Jackson IND 22 50 30 20 651.0 17.2 22.1 16.5 0.0 1.0 28.4 30.6 50.0 30.8 36.0 10.0 16.5 25.0 56.0 28.6 37.4 31.0 21.0
250 Jabari Smith Jr. HOU 20 62 31 31 1986.0 17.2 17.9 17.9 21.8 20.9 16.4 15.7 26.7 28.7 28.2 9.0 15.3 17.0 27.0 18.8 19.8 13.8 18.1
251 Sasha Vezenkov SAC 28 35 18 17 440.0 17.1 18.7 20.0 25.5 24.8 8.0 7.5 31.9 19.4 22.5 5.8 8.0 31.4 15.2 24.3 16.9 9.0 18.4
252 Moussa Diabate LAC 22 11 7 4 64.0 17.1 18.2 16.4 0.0 0.0 31.0 36.8 53.6 25.0 37.5 12.1 10.0 50.0 25.0 42.9 14.8 38.5 19.0
253 Danilo Gallinari MIL 35 43 14 29 569.0 17.1 16.1 17.5 16.3 19.2 33.5 31.3 22.0 22.9 22.7 18.1 10.4 14.1 15.2 12.3 20.7 31.3 19.1
254 Nate Williams HOU 25 14 6 8 82.0 17.1 17.1 18.1 6.7 7.3 23.1 23.1 28.1 6.3 13.7 15.0 10.0 14.3 0.0 33.3 21.4 15.6 17.1
255 Chimezie Metu PHX 26 37 22 15 448.0 17.0 17.7 17.2 16.0 18.5 19.9 18.6 31.2 28.6 29.1 8.3 18.4 26.4 18.8 20.0 22.2 13.9 17.9
256 Andrew Nembhard IND 24 54 32 22 1302.0 16.8 16.6 16.8 12.9 13.8 9.1 8.7 11.7 9.4 9.9 28.2 24.3 23.3 3.1 10.9 19.6 15.0 15.3
257 Jevon Carter CHI 28 64 31 33 880.0 16.8 16.1 19.1 33.7 34.1 1.5 1.9 3.7 7.9 6.8 17.3 15.4 18.6 15.4 5.6 18.8 3.8 15.9
258 Caleb Martin MIA 28 50 28 22 1370.0 16.8 17.3 17.8 20.1 19.3 12.5 12.8 21.7 18.7 19.4 14.5 17.3 18.1 23.9 20.1 20.9 15.3 16.9
259 Malachi Flynn DET 25 55 26 29 609.0 16.8 15.7 17.1 23.1 22.3 14.0 14.1 7.6 17.0 14.2 27.4 21.9 22.0 9.2 16.9 21.9 16.1 16.3
260 Seth Lundy ATL 23 9 2 7 52.0 16.8 10.5 21.3 25.0 28.9 11.5 12.9 14.3 18.8 17.9 0.0 5.9 0.0 0.0 66.7 40.0 14.3 12.3
261 Thomas Bryant MIA 26 30 17 13 316.0 16.8 20.4 16.8 0.0 4.2 24.7 25.2 45.2 30.8 34.1 10.0 16.0 15.0 34.6 15.6 27.3 19.2 18.4
262 Chris Boucher TOR 31 50 16 34 705.0 16.7 17.5 16.4 16.9 17.7 28.9 27.8 32.3 30.9 31.3 5.5 14.9 12.5 34.3 19.7 24.0 30.2 19.1
263 Monte Morris MIN 28 18 11 7 251.0 16.7 16.9 19.7 15.1 18.8 6.9 7.9 10.0 13.3 12.6 30.8 8.5 19.0 7.9 18.5 7.1 10.3 15.2
264 Spencer Dinwiddie LAL 30 62 27 35 1802.0 16.7 13.7 16.6 18.1 21.9 21.7 21.1 6.9 11.7 10.6 32.8 17.5 20.4 6.0 10.6 16.9 17.7 15.4
265 Admiral Schofield ORL 26 18 11 7 61.0 16.7 15.4 19.6 12.5 18.3 0.0 6.9 22.2 22.5 22.4 19.2 16.0 0.0 0.0 50.0 29.2 15.0 12.5
265 Alondes Williams MIA 24 2 2 0 9.0 16.7 0.0 23.1 0.0 40.0 0.0 0.0 0.0 12.5 11.1 0.0 14.3 0.0 0.0 100 0.0 0.0 0.0
265 Jalen Crutcher NOP 24 1 1 0 3.0 16.7 0.0 25.0 0.0 0.0 0.0 0.0 0.0 0.0 0.0 0.0 0.0 0.0 0.0 0.0 0.0 0.0 0.0
265 Xavier Moon LAC 29 5 3 2 21.0 16.7 26.7 15.2 0.0 6.7 50.0 33.3 33.3 14.3 17.6 40.0 20.0 0.0 0.0 0.0 50.0 50.0 25.0
269 Max Strus CLE 27 60 39 21 1932.0 16.7 15.3 17.8 28.1 29.0 9.4 9.4 12.0 16.7 15.6 20.6 16.9 16.4 14.3 17.0 22.0 12.9 15.9
270 Kelly Olynyk TOR 32 66 29 37 1405.0 16.6 17.5 15.2 14.7 12.3 21.4 21.2 28.0 25.7 26.3 33.1 24.1 28.2 14.7 11.1 31.9 25.6 17.8
271 Davis Bertans CHA 31 30 17 13 399.0 16.6 16.5 19.3 41.6 37.3 17.7 15.4 9.2 12.3 11.6 12.6 6.3 24.2 17.6 11.1 23.3 11.0 19.8
272 Wenyen Gabriel MEM 26 5 1 4 81.0 16.6 16.0 15.8 6.3 11.1 0.0 11.9 35.0 30.0 31.3 8.6 22.9 12.5 28.6 18.2 32.3 21.4 11.6
273 Jonathan Isaac ORL 26 46 29 17 695.0 16.6 19.1 18.3 21.6 19.0 16.0 17.3 32.4 30.6 31.1 5.5 11.4 24.2 53.9 18.2 16.3 17.4 18.7
274 Clint Capela ATL 29 59 27 32 1501.0 16.6 20.6 16.5 0.0 0.0 19.6 23.8 56.9 33.2 40.8 8.3 13.7 14.3 56.1 30.1 25.7 23.7 18.2
275 Eric Gordon PHX 35 55 32 23 1611.0 16.5 16.9 18.9 31.1 31.0 6.9 7.1 5.3 8.5 7.8 13.4 12.6 20.6 12.2 24.1 10.9 7.9 16.7
276 Luke Kennard MEM 27 36 13 23 906.0 16.5 18.2 18.0 35.4 28.7 12.7 11.1 6.9 16.4 14.2 23.2 15.7 12.8 0.9 9.9 10.7 7.8 19.7
277 Jay Huff DEN 26 14 11 3 36.0 16.5 30.4 21.4 37.5 25.0 15.4 12.5 33.3 40.9 40.0 6.3 7.1 16.7 0.0 0.0 36.8 10.0 28.4
278 Svi Mykhailiuk BOS 26 28 22 6 229.0 16.4 14.7 19.0 33.3 32.3 4.0 6.1 11.3 13.1 12.6 12.6 10.8 21.1 0.0 14.3 12.5 8.1 15.5
279 Ayo Dosunmu CHI 24 66 33 33 1849.0 16.4 18.3 17.3 22.6 20.2 10.6 10.7 10.7 11.3 11.2 20.4 17.7 19.7 16.5 24.1 18.9 9.9 17.6
280 Jarace Walker IND 20 26 12 14 267.0 16.4 13.6 18.1 30.5 28.8 8.1 7.0 15.7 23.1 20.9 16.7 17.6 22.0 30.3 5.6 20.0 10.2 14.3
281 Peyton Watson DEN 21 66 46 20 1213.0 16.3 16.7 17.1 14.6 17.5 16.7 18.2 16.5 18.1 17.8 9.6 14.4 22.6 36.4 19.4 21.0 14.4 16.5
282 Patrick Williams CHI 22 43 19 24 1174.0 16.3 15.6 16.7 19.7 18.9 12.9 13.1 16.5 15.2 15.5 11.4 19.0 22.3 29.7 20.4 18.9 12.2 15.7
283 Jalen Pickett DEN 24 21 15 6 108.0 16.3 14.1 16.8 25.0 27.2 10.3 10.3 6.3 13.3 12.1 22.4 22.9 30.0 0.0 16.7 22.4 10.3 15.0
284 Bruno Fernando ATL 25 30 14 16 397.0 16.3 17.4 15.0 0.0 1.1 21.6 25.8 49.4 34.4 37.9 10.0 21.8 29.2 55.6 33.3 37.2 21.0 16.1
285 Garrett Temple TOR 37 16 4 12 69.0 16.3 14.3 16.0 12.5 16.7 17.2 17.1 25.0 14.6 18.0 17.6 20.8 23.1 0.0 20.0 28.6 16.7 14.6
286 Omer Yurtseven UTA 25 36 15 21 335.0 16.3 20.4 16.3 4.4 6.6 9.2 12.1 47.4 36.6 39.8 8.9 21.5 13.9 45.9 16.2 31.1 18.0 16.8
287 Saddiq Bey ATL 24 63 28 35 2062.0 16.3 15.4 17.4 19.5 22.4 19.8 19.1 27.7 17.9 20.9 8.2 9.5 17.3 5.7 19.3 11.0 16.2 16.6
288 Trayce Jackson-Davis GSW 24 53 29 24 747.0 16.3 23.6 15.8 0.0 0.0 23.5 30.3 42.5 25.4 30.4 12.9 16.4 15.5 53.3 29.8 28.8 23.0 20.9
289 Precious Achiuwa NYK 24 60 31 29 1380.0 16.2 18.0 16.2 6.7 8.6 13.0 16.2 41.7 26.5 31.0 11.9 19.0 19.3 39.5 21.3 24.7 14.2 15.9
290 Jaylen Nowell MEM 24 9 3 6 156.0 16.2 16.7 18.6 9.1 18.5 6.3 5.5 8.6 10.8 10.2 20.8 10.6 10.3 0.0 0.0 21.0 7.3 14.3
291 Mark Williams CHA 22 19 7 12 508.0 16.2 20.8 15.5 0.0 0.0 31.5 33.9 54.3 31.1 37.8 7.4 11.9 20.8 42.6 31.6 26.9 28.0 19.9
292 Naji Marshall NOP 26 55 36 19 1045.0 16.2 15.6 16.4 17.9 18.0 14.7 14.6 20.7 20.7 20.7 18.8 21.0 20.4 11.6 13.1 18.4 14.2 15.7
293 Jrue Holiday BOS 33 61 48 13 2017.0 16.1 16.3 16.5 18.1 16.1 8.3 8.2 18.4 16.9 17.2 27.2 22.5 20.7 17.7 17.9 14.7 11.1 15.4
294 Ausar Thompson DET 21 63 10 53 1583.0 16.1 17.3 16.4 6.4 11.1 12.2 16.2 32.3 25.2 27.1 14.4 16.7 31.8 33.1 18.1 24.7 19.8 15.5
295 Jabari Walker POR 21 58 16 42 1277.0 16.1 17.5 16.5 10.4 12.7 20.5 21.3 33.5 34.7 34.3 8.4 13.3 17.6 16.9 26.5 23.9 21.2 17.3
296 Johnny Juzang UTA 23 8 3 5 102.0 16.1 17.8 18.6 28.1 28.4 0.0 0.0 8.3 16.4 14.4 7.4 10.7 0.0 0.0 20.0 15.2 7.4 17.5
297 Nate Hinton HOU 24 11 6 5 58.0 16.1 17.9 18.2 58.3 26.2 16.0 14.3 18.8 17.0 17.4 22.2 12.5 28.6 25.0 40.0 35.7 12.5 20.8
298 Ivica Zubac LAC 27 55 33 22 1451.0 16.1 20.8 15.6 0.0 0.0 18.6 22.3 52.4 32.9 37.4 9.5 15.8 5.7 44.1 27.7 30.9 21.1 18.2
299 Aaron Nesmith IND 24 59 33 26 1607.0 16.1 16.9 17.1 26.4 23.1 16.5 17.1 16.5 16.4 16.4 8.4 12.0 23.2 20.7 21.6 27.4 20.2 17.9
300 Lester Quinones GSW 23 30 17 13 358.0 16.1 15.2 17.0 27.1 24.6 14.3 15.9 17.1 17.5 17.4 15.3 14.5 14.3 4.4 17.5 28.5 23.7 16.4
301 Bol Bol PHX 24 30 19 11 329.0 16.1 25.1 19.0 19.4 16.3 6.5 7.2 30.4 29.0 29.4 6.7 11.5 15.8 36.0 6.9 25.4 5.3 21.6
302 Aleksej Pokusevski CHA 22 15 10 5 142.0 16.1 12.9 16.9 10.9 17.1 12.9 13.3 28.0 20.0 21.7 18.8 17.1 31.6 50.0 18.2 20.8 8.7 12.6
303 Tyus Jones WAS 27 66 11 55 1933.0 16.1 18.2 17.8 21.5 18.3 5.6 5.4 5.6 12.9 11.3 40.1 12.3 23.4 7.9 10.8 6.2 7.3 17.0
304 Nikola Jovic MIA 20 32 15 17 564.0 16.0 14.0 15.6 21.8 21.6 11.0 14.2 19.6 27.2 25.8 17.5 22.5 16.1 22.4 10.3 30.3 18.8 14.6
305 Leonard Miller MIN 20 9 8 1 30.0 16.0 28.0 20.0 12.5 13.0 0.0 0.0 66.7 52.6 54.5 27.8 7.7 10.0 25.0 16.7 30.8 0.0 24.2
306 Jakob Poeltl TOR 28 50 21 29 1319.0 16.0 20.4 15.3 0.0 0.0 13.9 18.3 48.0 30.9 35.1 15.4 21.2 16.7 53.1 24.8 33.1 19.9 17.7
307 Ousmane Dieng OKC 20 30 18 12 338.0 16.0 15.3 16.7 20.4 22.9 12.4 11.9 14.5 16.8 16.3 18.0 16.5 10.2 7.9 8.6 17.4 10.9 15.5
308 Bruce Brown TOR 27 56 25 31 1586.0 16.0 15.4 16.5 10.5 12.6 18.4 17.1 13.3 19.6 18.1 15.7 14.0 20.3 9.2 16.9 18.4 14.7 15.3
309 Dante Exum DAL 28 42 25 17 805.0 15.9 17.1 15.8 14.4 11.9 16.7 16.7 13.7 16.5 15.9 26.1 20.3 18.9 6.6 23.1 20.6 18.6 16.7
310 Simone Fontecchio DET 28 66 29 37 1644.0 15.9 17.3 17.5 29.5 25.8 8.7 8.8 16.1 15.4 15.6 10.2 13.6 17.1 12.8 14.9 16.9 9.4 17.4
311 Seth Curry CHA 33 44 25 19 615.0 15.9 15.4 18.1 20.7 21.4 12.9 10.8 14.5 12.0 12.5 13.4 11.7 20.6 9.7 15.3 16.5 10.3 15.7
312 Colin Castleton LAL 23 7 3 4 36.0 15.9 28.0 17.5 0.0 0.0 22.2 17.4 66.7 25.0 34.6 17.6 9.1 0.0 0.0 0.0 50.0 15.4 25.4
312 Josh Richardson MIA 30 43 24 19 1103.0 15.9 17.4 18.0 24.3 24.4 11.9 10.3 9.4 14.0 13.1 17.9 11.6 15.1 21.5 8.4 17.3 11.4 17.2
314 Obi Toppin IND 26 68 38 30 1480.0 15.8 18.6 16.9 19.9 18.7 12.2 13.0 22.8 20.0 20.7 10.6 14.1 14.9 18.3 16.6 17.6 12.5 17.9
315 AJ Green MIL 24 45 31 14 462.0 15.8 16.9 19.6 35.3 35.7 9.5 8.0 9.3 14.7 13.6 10.8 5.2 7.1 5.9 5.6 19.6 9.7 18.4
316 Jamal Cain MIA 24 17 8 9 226.0 15.8 16.0 17.1 16.7 16.9 23.1 22.3 24.1 12.8 15.8 3.6 7.1 30.3 36.4 14.3 19.5 16.1 17.2
317 Isaiah Joe OKC 24 63 44 19 1160.0 15.7 17.1 18.2 35.9 32.0 6.1 6.2 11.4 15.5 14.6 12.0 12.6 17.1 12.9 10.7 14.4 13.4 17.2
318 Payton Pritchard BOS 26 67 53 14 1388.0 15.7 16.1 17.3 22.7 23.0 7.2 7.0 15.5 15.9 15.8 25.7 13.1 16.3 3.3 15.0 16.7 8.4 15.9
319 Cody Martin CHA 28 28 7 21 753.0 15.7 13.1 15.6 13.9 16.0 10.2 13.0 12.8 17.9 16.8 26.7 21.0 29.9 25.4 20.2 17.5 16.3 12.9
320 Marcus Morris Sr. PHI 34 37 22 15 637.0 15.7 17.0 17.4 25.7 21.3 10.8 10.3 11.7 22.1 19.3 9.3 12.8 12.6 17.2 8.1 20.1 11.3 16.6
321 Nic Claxton BKN 24 58 21 37 1717.0 15.7 21.5 15.5 0.2 0.4 17.8 22.8 42.4 36.4 37.8 13.0 15.4 14.9 59.5 19.9 22.3 30.2 18.5
322 Kevin Knox II DET 24 31 4 27 560.0 15.7 17.7 17.7 24.4 24.5 9.1 7.6 13.6 15.2 14.8 7.3 13.5 17.1 17.1 16.9 21.1 9.7 16.9
323 Aaron Holiday HOU 27 64 31 33 1042.0 15.6 17.2 17.3 25.7 23.2 10.3 8.7 6.3 11.6 10.2 22.4 16.5 18.0 5.2 11.6 20.7 11.7 17.0
324 AJ Griffin ATL 20 18 8 10 132.0 15.6 11.9 18.7 19.6 28.9 3.2 2.6 9.1 14.5 13.3 6.5 15.0 4.0 7.7 10.0 13.3 1.9 11.3
325 Jontay Porter TOR 24 24 6 18 336.0 15.6 13.4 16.1 20.0 22.3 12.0 11.9 32.9 24.0 26.1 27.2 16.8 32.7 52.8 6.8 26.1 9.3 14.0
326 Gradey Dick TOR 20 47 16 31 865.0 15.6 16.6 17.6 28.0 25.2 9.1 7.3 10.5 12.9 12.2 11.4 11.9 17.5 1.5 16.0 19.0 9.0 16.7
327 Markieff Morris DAL 34 20 11 9 168.0 15.6 14.2 16.9 25.0 24.1 4.9 4.8 11.8 23.6 20.8 13.4 20.4 20.0 9.1 18.2 17.7 8.5 14.1
328 Sandro Mamukelashvili SAS 24 37 8 29 235.0 15.5 16.7 16.9 11.3 16.9 13.5 14.4 52.1 24.8 31.1 23.0 11.9 15.8 36.4 24.2 29.3 14.0 15.5
329 Aaron Wiggins OKC 25 64 46 18 923.0 15.5 18.5 16.1 19.3 15.9 11.9 12.3 27.6 15.7 18.3 11.1 17.2 21.6 11.1 20.8 20.5 11.0 17.7
330 Quentin Grimes DET 23 51 32 19 1025.0 15.5 14.9 17.3 28.7 31.0 10.5 10.5 5.9 11.9 10.3 13.7 10.2 24.0 8.0 11.0 18.5 8.9 16.0
331 Vince Williams Jr. MEM 23 52 18 34 1437.0 15.5 14.6 14.6 19.4 18.0 21.1 19.6 18.8 24.9 23.4 23.1 20.5 18.9 16.9 12.9 23.8 21.6 16.2
332 Jaden McDaniels MIN 23 57 38 19 1654.0 15.5 16.8 16.9 16.2 18.3 7.3 7.6 13.8 10.5 11.2 9.0 14.5 20.5 17.0 14.0 27.2 10.1 15.3
333 Stanley Umude DET 24 22 4 18 251.0 15.5 15.0 16.6 35.9 29.3 23.1 20.5 15.9 19.9 19.1 7.1 12.1 25.8 26.9 15.4 25.6 18.6 18.8
334 Collin Gillespie DEN 24 19 12 7 161.0 15.4 16.5 15.4 27.5 20.5 9.3 10.8 2.9 9.9 8.3 17.4 26.3 34.5 0.0 33.3 28.6 12.7 16.7
335 Zeke Nnaji DEN 23 53 37 16 522.0 15.4 14.6 14.2 4.5 6.0 30.9 31.2 49.6 16.2 24.9 11.8 18.4 16.5 38.1 35.0 28.6 37.7 15.6
336 Shaquille Harrison MEM 30 3 1 2 6.0 15.4 33.3 20.0 0.0 0.0 0.0 0.0 0.0 50.0 50.0 0.0 0.0 0.0 100 0.0 0.0 0.0 33.3
337 Paul Reed PHI 24 67 37 30 1270.0 15.4 18.6 16.1 6.3 5.9 10.2 11.4 49.4 29.4 35.1 14.1 16.2 20.0 43.2 15.2 29.0 16.6 16.1
338 Jared Rhoden DET 24 6 1 5 42.0 15.3 15.0 16.9 8.3 16.7 7.1 6.1 25.0 14.8 16.1 16.7 18.8 0.0 33.3 50.0 25.0 8.0 12.5
339 Draymond Green GSW 34 41 24 17 1095.0 15.3 13.8 13.4 11.8 11.3 13.0 13.6 21.5 29.2 27.4 35.6 31.0 21.3 35.9 13.5 28.7 23.7 13.4
340 Brandin Podziemski GSW 21 58 30 28 1573.0 15.3 15.1 16.1 15.5 15.6 8.8 10.8 21.2 21.6 21.5 24.0 17.5 22.9 8.5 15.5 16.0 17.5 14.3
341 Jordan Miller LAC 24 8 5 3 28.0 15.3 21.7 17.6 16.7 11.8 25.0 18.2 37.5 11.8 20.0 0.0 9.1 0.0 0.0 66.7 18.2 11.1 21.7
342 Brook Lopez MIL 35 65 43 22 2013.0 15.3 16.5 16.8 19.9 20.8 10.0 9.6 25.1 16.1 17.9 10.0 11.5 15.1 69.3 8.6 21.8 11.2 15.8
343 Christian Braun DEN 22 68 47 21 1308.0 15.2 15.3 15.7 16.6 15.3 20.8 21.5 17.4 20.2 19.5 12.9 13.0 17.7 16.2 22.6 20.3 14.7 16.2
344 Patrick Baldwin Jr. WAS 21 25 3 22 235.0 15.2 12.6 16.4 24.6 24.2 12.9 12.7 16.7 32.1 28.4 11.7 14.1 12.2 21.4 8.8 24.5 12.8 14.1
345 Braxton Key DEN 27 17 12 5 55.0 15.2 14.3 17.0 8.3 9.1 22.2 24.0 50.0 30.6 33.3 28.6 7.7 22.2 16.7 33.3 18.5 22.2 14.9
346 Rudy Gobert MIN 31 63 44 19 2137.0 15.2 18.1 13.7 0.0 0.2 26.0 31.2 53.2 36.6 40.2 6.7 14.7 13.0 51.1 23.7 24.2 34.8 17.3
347 Lindy Waters III OKC 26 28 19 9 186.0 15.2 17.8 17.7 37.5 32.2 0.0 0.0 5.9 19.1 16.4 15.0 10.5 7.7 22.2 0.0 21.8 0.0 18.8
348 Rayan Rupert POR 19 24 5 19 223.0 15.1 12.8 15.6 18.2 16.4 14.1 13.3 20.3 18.9 19.4 19.3 15.9 13.5 0.0 22.2 20.8 12.0 13.7
349 James Wiseman DET 22 48 7 41 713.0 15.1 21.5 15.0 0.0 0.4 14.1 17.2 50.3 32.1 36.5 9.1 18.2 8.9 39.0 11.4 32.2 16.1 18.0
350 Grant Williams CHA 25 64 31 33 1762.0 15.1 14.3 15.1 20.5 19.2 14.7 14.1 21.2 16.1 17.3 13.7 19.7 15.2 20.7 17.0 27.1 17.1 15.2
351 Xavier Tillman BOS 25 41 20 21 808.0 15.0 15.7 16.0 6.3 9.3 8.3 14.4 34.4 22.0 25.2 14.6 12.4 29.5 35.8 22.1 20.6 13.5 13.4
352 Filip Petrusev SAC 23 3 2 1 9.0 15.0 11.1 14.3 0.0 0.0 50.0 40.0 0.0 11.1 11.1 0.0 0.0 0.0 0.0 0.0 50.0 20.0 13.6
353 Mo Bamba PHI 25 45 23 22 545.0 15.0 15.9 14.5 11.7 10.0 11.7 14.0 44.4 32.1 35.5 11.5 22.2 16.0 60.9 19.0 30.5 15.9 14.8
354 Javon Freeman-Liberty TOR 24 8 1 7 74.0 14.9 12.3 13.9 8.0 12.7 44.4 34.6 10.5 21.7 18.5 17.5 14.3 0.0 22.2 0.0 28.6 24.0 15.0
355 Mike Conley MIN 36 62 44 18 1792.0 14.9 15.2 16.3 30.4 27.2 11.6 10.2 8.3 11.9 11.1 38.2 12.7 24.7 5.6 7.2 14.6 12.2 16.3
356 DeAndre Jordan DEN 35 29 19 10 327.0 14.9 17.7 12.6 0.0 0.0 26.2 36.8 51.6 37.8 41.9 12.1 19.4 15.2 34.2 21.4 30.8 38.3 16.8
357 Daniel Theis LAC 31 52 35 17 869.0 14.9 16.8 15.4 8.3 9.1 10.4 11.9 43.6 22.5 27.4 11.5 17.0 13.7 40.6 27.8 28.8 15.0 14.9
358 Harrison Barnes SAC 31 66 38 28 1943.0 14.8 16.1 15.9 23.2 20.7 19.3 17.8 13.4 10.4 11.1 6.7 8.7 14.4 7.8 10.2 11.1 17.4 17.4
359 Alex Caruso CHI 30 59 29 30 1640.0 14.8 15.2 15.2 27.4 24.4 10.0 10.7 15.9 15.5 15.6 22.3 18.8 33.8 35.6 12.4 25.0 17.2 15.6
360 Troy Brown Jr. DET 24 44 28 16 495.0 14.8 14.8 16.3 27.1 27.4 10.8 9.7 15.4 20.0 19.0 15.3 13.0 14.1 3.6 8.8 14.4 9.0 15.5
361 Moses Brown POR 24 14 4 10 116.0 14.8 18.2 16.0 0.0 0.0 2.6 12.7 62.9 43.4 49.5 7.1 13.6 14.3 36.4 42.1 40.0 24.4 13.4
362 Cedi Osman SAS 28 64 14 50 1113.0 14.8 16.7 16.0 25.0 22.6 9.6 10.9 9.8 18.9 16.6 15.8 13.1 21.0 6.9 14.5 19.8 15.3 16.7
363 E.J. Liddell NOP 23 8 3 5 23.0 14.8 6.3 16.2 0.0 27.8 11.8 9.5 0.0 35.7 26.3 16.7 25.0 33.3 66.7 0.0 50.0 7.7 7.7
364 Orlando Robinson MIA 23 28 15 13 276.0 14.8 14.6 14.1 8.6 7.3 16.1 17.6 40.7 28.9 31.7 19.5 18.3 18.4 43.8 18.8 29.9 18.9 14.1
365 Jeff Green HOU 37 63 30 33 1029.0 14.7 14.8 14.4 12.3 13.5 22.7 21.7 15.5 13.7 14.1 11.9 14.8 7.3 22.6 9.3 17.8 19.2 16.1
366 Luguentz Dort OKC 24 65 45 20 1856.0 14.7 13.6 15.5 25.9 25.1 13.6 13.5 20.2 13.5 14.9 8.7 12.4 19.4 16.2 15.1 26.0 17.6 14.9
367 Chris Paul GSW 38 42 22 20 1131.0 14.7 14.7 15.8 17.9 17.0 10.3 9.6 5.4 19.1 15.5 43.8 15.3 29.8 3.6 7.3 15.3 10.6 14.4
368 Tre Jones SAS 24 63 14 49 1688.0 14.7 15.6 14.6 9.9 11.1 16.1 14.6 12.3 14.5 14.0 35.7 17.8 23.7 3.0 15.0 12.7 17.3 15.0
369 Ty Jerome CLE 26 2 1 1 15.0 14.7 15.4 14.8 0.0 9.1 0.0 0.0 33.3 0.0 10.0 42.9 25.0 0.0 0.0 0.0 20.0 0.0 12.5
370 Matt Ryan NOP 26 20 11 9 354.0 14.7 15.4 15.9 39.6 32.2 9.8 8.0 7.1 13.4 11.8 8.4 14.9 10.9 2.7 2.7 19.6 10.6 17.4
371 Killian Hayes DET 22 42 7 35 1008.0 14.7 13.3 15.3 10.1 11.9 10.8 12.4 5.6 15.8 13.6 34.7 15.7 28.8 18.9 9.8 17.2 14.5 12.6
372 Derrick Jones Jr. DAL 27 63 36 27 1488.0 14.6 15.4 15.0 16.9 16.6 14.6 15.9 23.5 14.2 16.3 7.8 14.0 21.8 24.8 16.5 17.8 16.1 15.5
373 Doug McDermott IND 32 52 14 38 766.0 14.6 14.8 16.3 39.2 31.7 4.7 6.2 5.9 8.0 7.5 12.6 11.0 10.8 2.2 9.5 17.4 4.6 16.2
374 Trey Jemison MEM 24 15 3 12 291.0 14.6 18.9 14.2 0.0 0.0 15.6 14.2 46.2 17.0 24.5 6.8 17.3 12.0 53.6 29.0 38.7 18.2 16.1
375 Devonte' Graham SAS 29 14 4 10 115.0 14.5 13.3 15.7 23.7 25.8 14.0 13.8 7.1 21.1 17.3 26.8 11.1 21.1 5.9 8.3 14.6 10.6 14.8
376 Charlie Brown Jr. NYK 27 8 2 6 37.0 14.5 6.9 14.9 20.0 23.3 0.0 0.0 10.0 3.8 5.6 0.0 16.7 0.0 40.0 100 33.3 9.1 7.9
377 Isaiah Stewart DET 22 45 9 36 1406.0 14.4 15.0 14.9 21.4 19.7 13.0 13.7 22.3 22.7 22.6 9.2 14.0 9.7 24.7 9.8 15.9 16.1 15.3
378 Olivier-Maxence Prosper DAL 21 33 19 14 260.0 14.4 12.1 14.9 11.8 16.6 24.7 24.1 23.7 23.8 23.8 14.6 7.1 14.7 15.8 17.9 18.1 19.3 14.0
379 Patrick Beverley MIL 35 63 38 25 1234.0 14.3 13.4 14.6 18.9 18.7 11.4 11.6 14.2 18.8 17.6 31.8 19.6 17.8 18.4 8.3 21.4 14.8 13.6
380 Andrew Funk CHI 24 2 1 1 3.0 14.3 0.0 16.7 0.0 0.0 0.0 0.0 0.0 0.0 0.0 0.0 0.0 0.0 0.0 100 0.0 0.0 0.0
380 Damian Jones CLE 28 31 21 10 230.0 14.3 18.9 14.9 3.8 6.3 28.0 21.8 40.0 25.0 28.4 12.6 15.0 28.0 63.2 15.8 26.8 22.4 18.1
380 Daniel Gafford DAL 25 61 19 42 1509.0 14.3 19.4 13.4 0.0 0.0 23.5 25.9 55.6 29.9 35.9 9.0 14.6 23.6 58.0 19.1 31.2 25.8 18.0
380 Pete Nance CLE 24 3 1 2 7.0 14.3 0.0 22.2 0.0 0.0 0.0 0.0 0.0 20.0 20.0 0.0 0.0 0.0 0.0 0.0 0.0 0.0 0.0
384 Herbert Jones NOP 25 61 38 23 1791.0 14.2 14.7 14.3 21.4 18.9 16.1 14.5 16.5 12.2 13.2 14.7 15.5 26.6 24.6 17.2 24.9 16.1 15.6
385 Taylor Hendricks UTA 20 25 11 14 454.0 14.2 14.2 15.6 20.7 22.5 8.5 9.5 25.6 24.0 24.4 5.5 11.8 22.7 32.7 12.7 24.9 7.8 14.1
386 Ashton Hagans POR 24 13 2 11 215.0 14.2 11.8 12.3 11.1 11.2 10.8 10.8 11.9 18.4 16.1 34.7 26.9 22.6 31.8 20.6 25.0 13.3 11.5
387 Neemias Queta BOS 24 25 21 4 293.0 14.2 17.7 14.4 0.0 0.0 16.7 18.0 47.9 28.6 34.5 7.4 13.7 23.8 48.4 34.6 39.3 18.9 15.0
388 Dominick Barlow SAS 20 29 5 24 374.0 14.2 16.1 14.4 3.0 3.3 19.7 23.3 41.6 25.4 30.1 14.6 8.1 19.6 34.1 11.4 31.0 21.0 15.2
389 Mason Plumlee LAC 34 33 20 13 504.0 14.1 14.8 12.1 0.0 0.3 25.9 29.8 47.8 39.0 40.8 14.3 17.3 12.3 24.0 18.0 24.7 29.7 14.9
390 T.J. Warren MIN 30 5 3 2 80.0 14.1 13.3 15.9 4.2 13.6 0.0 0.0 13.6 15.0 14.6 12.2 15.0 15.4 0.0 11.1 31.3 0.0 10.4
391 Davion Mitchell SAC 25 56 33 23 764.0 14.0 14.6 15.4 18.0 18.0 8.9 8.9 5.8 9.9 8.9 21.5 14.0 10.6 5.5 15.6 20.9 11.8 14.2
392 Blake Wesley SAS 21 47 12 35 627.0 14.0 14.3 13.0 3.6 7.7 17.7 20.3 9.0 11.2 10.6 33.6 21.1 23.2 10.0 13.9 27.8 16.3 13.7
393 Malik Beasley MIL 27 65 41 24 1929.0 14.0 15.1 16.3 31.9 28.0 2.3 2.9 10.5 14.2 13.5 8.6 9.6 19.4 3.1 14.8 18.7 4.3 15.1
394 Gui Santos GSW 21 17 11 6 147.0 14.0 14.2 13.4 18.9 14.2 26.9 22.7 30.6 23.4 25.4 13.3 14.6 16.7 10.0 22.2 26.2 17.9 16.5
395 Chris Duarte SAC 26 46 27 19 588.0 14.0 12.4 14.9 20.0 19.9 14.4 12.7 13.6 17.4 16.4 11.7 12.0 27.3 11.1 15.0 28.6 17.7 13.6
396 Bilal Coulibaly WAS 19 63 11 52 1715.0 13.9 12.8 13.6 15.0 14.9 15.7 16.8 17.4 18.8 18.5 11.4 16.8 19.1 25.7 21.5 19.1 15.3 13.4
397 Isaac Okoro CLE 23 58 36 22 1584.0 13.9 15.0 14.5 16.1 14.9 16.8 18.3 18.4 11.1 12.8 12.4 11.0 21.1 19.0 20.1 20.7 16.6 15.4
398 Robin Lopez MIL 35 16 10 6 65.0 13.9 13.2 16.2 9.5 13.6 20.0 13.3 23.1 5.0 9.4 13.8 8.3 10.0 75.0 16.7 24.1 28.6 13.1
399 Julian Champagnie SAS 22 60 12 48 1058.0 13.9 12.5 14.8 26.2 26.1 14.2 13.8 14.8 16.6 16.2 11.1 12.0 20.0 17.8 13.9 16.8 11.4 14.3
400 Nickeil Alexander-Walker MIN 25 67 46 21 1571.0 13.9 13.9 15.4 23.2 23.8 7.1 7.0 10.8 9.6 9.9 19.8 14.0 21.5 16.9 15.2 18.2 10.8 13.9
401 Grayson Allen PHX 28 62 36 26 2093.0 13.8 14.5 14.5 30.7 25.4 12.7 11.5 9.0 13.4 12.5 16.0 13.4 18.3 16.0 10.3 17.3 13.5 15.9
402 Richaun Holmes WAS 30 35 10 25 428.0 13.8 17.4 14.0 1.1 0.7 14.6 16.3 45.7 27.6 32.6 9.3 14.5 15.0 40.0 22.9 31.9 14.8 15.5
403 Mouhamadou Gueye TOR 25 2 0 2 10.0 13.8 12.5 19.0 0.0 0.0 0.0 0.0 50.0 20.0 31.3 0.0 0.0 0.0 100 0.0 40.0 25.0 9.5
404 MarJon Beauchamp MIL 23 45 29 16 589.0 13.8 14.1 14.5 17.0 16.6 8.4 9.6 20.8 18.4 18.9 9.8 15.6 12.9 10.5 22.9 19.0 8.8 13.5
405 Trevelin Queen ORL 27 13 5 8 163.0 13.8 11.5 14.9 5.7 13.3 15.0 14.1 11.1 15.2 14.4 21.4 12.7 23.3 29.4 0.0 20.8 17.5 11.2
406 Bryce McGowens CHA 21 50 9 41 789.0 13.8 13.9 13.9 16.0 16.9 20.1 21.6 11.5 15.2 14.4 12.1 11.5 19.4 9.5 17.7 22.8 21.8 15.1
407 Sam Hauser BOS 26 66 53 13 1397.0 13.7 15.5 15.8 29.9 26.9 3.2 3.0 11.0 17.7 16.1 8.1 8.2 15.5 10.8 7.6 16.9 2.9 16.0
408 Jeremiah Robinson-Earl NOP 23 29 16 13 287.0 13.7 16.0 15.1 19.0 17.3 10.7 9.9 25.6 21.5 22.6 13.2 11.8 26.3 18.2 12.5 17.6 10.7 15.4
409 Trey Lyles SAC 28 49 29 20 968.0 13.7 13.4 14.6 22.6 22.9 12.7 13.5 22.4 24.7 24.2 9.9 11.1 10.7 14.7 9.7 18.2 14.3 14.5
410 Patty Mills MIA 35 24 11 13 270.0 13.6 12.1 14.8 25.0 24.1 1.1 0.9 6.8 12.3 10.7 14.6 18.5 31.0 5.0 9.7 19.6 8.3 12.0
411 JD Davison BOS 21 5 5 0 9.0 13.6 20.0 16.7 33.3 25.0 50.0 33.3 33.3 22.2 25.0 0.0 0.0 0.0 0.0 0.0 25.0 33.3 29.4
412 Kyle Anderson MIN 30 64 45 19 1443.0 13.6 13.2 13.3 2.3 4.1 13.1 14.8 17.0 17.3 17.2 35.2 18.2 21.0 16.9 11.7 16.9 12.8 12.1
413 Mike Muscala OKC 32 42 11 31 529.0 13.6 11.3 14.6 16.9 20.9 10.3 11.1 31.1 21.2 23.4 11.5 11.8 11.4 27.3 18.2 22.8 13.3 11.9
414 Toumani Camara POR 23 64 19 45 1570.0 13.4 13.7 13.5 13.2 14.3 12.7 13.5 27.6 18.9 21.6 10.0 14.8 23.2 22.1 11.2 24.3 17.6 13.5
415 Matt Hurt MEM 23 8 2 6 113.0 13.4 15.6 17.4 20.0 23.5 5.9 4.3 25.7 10.0 15.2 9.8 4.4 16.7 25.0 10.0 21.6 9.6 13.9
416 Dorian Finney-Smith BKN 30 59 23 36 1681.0 13.4 13.8 14.7 21.9 22.2 5.1 5.2 26.5 15.5 18.2 10.4 12.1 20.7 19.5 11.5 21.6 6.5 13.7
417 Josh Hart NYK 29 66 39 27 2121.0 13.4 12.9 13.7 12.5 14.0 9.1 9.2 16.2 29.4 25.6 22.9 15.2 18.4 11.2 15.6 17.4 11.3 12.2
418 Jason Preston UTA 24 3 1 2 26.0 13.3 7.7 12.0 0.0 0.0 0.0 0.0 60.0 20.0 28.0 38.9 28.6 0.0 0.0 0.0 10.0 0.0 6.2
419 Noah Clowney BKN 19 10 4 6 86.0 13.3 15.7 12.3 4.8 8.6 16.7 14.6 37.5 23.8 27.6 16.7 20.0 14.3 16.7 10.5 21.4 14.7 14.7
420 Onyeka Okongwu ATL 23 53 23 30 1367.0 13.3 17.4 13.6 5.3 5.7 14.9 15.4 44.7 25.2 30.3 9.5 11.8 10.5 50.4 16.0 29.2 14.8 15.5
421 Drew Eubanks PHX 27 62 33 29 964.0 13.3 17.2 12.6 1.5 0.5 15.1 16.5 41.3 27.6 30.9 11.0 17.5 16.4 37.3 19.6 25.9 17.3 15.3
422 Royce O'Neale PHX 30 65 28 37 1654.0 13.3 12.2 14.7 26.3 26.8 3.5 3.9 12.3 22.7 20.0 20.8 12.8 18.6 19.3 9.7 22.2 6.3 12.6
423 Jacob Toppin NYK 23 9 2 7 38.0 13.3 19.2 14.1 10.0 14.8 16.7 14.3 60.0 20.0 28.0 20.0 8.3 0.0 50.0 25.0 23.1 7.1 17.6
424 Oshae Brissett BOS 25 44 37 7 495.0 13.3 12.1 12.5 6.8 10.2 26.3 30.0 31.9 22.0 24.8 12.8 10.2 22.5 7.5 11.6 23.0 25.0 13.2
425 Jalen Wilson BKN 23 29 8 21 412.0 13.2 12.7 14.2 15.0 15.4 18.8 16.3 27.1 18.3 21.2 14.0 9.2 13.2 2.9 15.6 20.9 11.9 13.8
426 Nick Richards CHA 26 58 12 46 1541.0 13.2 17.8 11.8 0.0 0.1 26.2 27.9 49.7 32.6 36.7 6.1 13.6 10.1 46.4 17.6 26.9 25.3 17.1
427 Alex Len SAC 30 32 16 16 277.0 13.1 13.8 11.4 0.0 1.2 12.2 18.1 46.7 25.1 30.9 17.4 27.5 24.4 52.9 27.3 29.9 18.2 11.8
428 Kris Dunn UTA 30 58 25 33 1078.0 13.1 12.4 12.8 11.1 10.8 4.7 5.9 14.8 15.9 15.6 33.2 21.2 35.8 21.6 11.5 24.8 6.8 11.3
429 Terance Mann LAC 27 61 39 22 1551.0 13.1 14.3 14.4 14.5 16.2 10.2 10.3 22.3 12.6 14.9 12.4 8.9 15.5 9.9 16.9 20.2 11.0 13.7
430 Kris Murray POR 23 47 10 37 835.0 13.1 12.2 13.8 13.8 17.9 8.0 9.4 19.1 17.7 18.1 14.1 12.6 26.7 17.6 16.3 16.7 10.4 11.8
431 Jaylin Williams OKC 21 55 39 16 683.0 13.0 11.7 14.2 19.1 21.1 8.7 9.1 22.7 31.6 29.7 19.6 11.4 17.9 29.4 12.7 27.9 15.5 12.2
432 Taurean Prince LAL 29 65 34 31 1839.0 13.0 13.0 14.4 26.8 26.3 5.7 6.0 5.1 13.7 12.0 9.8 11.6 18.9 14.7 10.5 21.3 7.3 13.2
433 Chris Livingston MIL 20 16 10 6 69.0 13.0 11.1 13.4 4.8 6.4 12.5 9.5 20.0 27.7 26.3 13.5 20.0 28.6 0.0 27.3 23.9 7.1 10.4
434 Onuralp Bitim CHI 24 12 6 6 175.0 13.0 14.8 14.9 20.5 23.7 5.1 5.1 10.9 15.7 14.4 9.0 10.9 12.5 15.4 17.4 21.0 6.9 14.0
435 Max Christie LAL 21 54 28 26 843.0 13.0 12.2 14.0 18.1 19.4 9.9 9.6 9.4 17.6 16.3 11.2 13.4 14.7 16.2 22.9 18.5 7.6 12.4
436 Kyle Lowry PHI 37 48 25 23 1351.0 13.0 12.2 13.0 21.4 21.4 9.7 9.1 10.4 15.5 14.2 29.0 18.2 24.3 15.8 9.9 21.8 15.3 12.8
437 Tristan Thompson CLE 33 37 24 13 461.0 13.0 15.8 11.7 0.0 0.3 8.9 18.3 53.0 24.8 32.1 16.0 18.7 15.0 33.3 21.6 25.7 23.3 12.6
438 Delon Wright MIA 31 37 9 28 532.0 12.9 12.2 14.1 11.2 10.9 15.9 14.4 14.0 14.0 14.0 30.6 7.1 44.4 18.4 13.4 10.8 15.3 12.6
439 Jock Landale HOU 28 41 19 22 422.0 12.9 13.1 13.4 4.6 8.1 16.9 15.5 42.4 14.7 22.5 17.3 10.7 15.7 36.2 26.4 23.8 16.6 12.8
440 Yuta Watanabe MEM 29 34 18 16 464.0 12.9 10.9 14.0 21.2 25.4 5.9 7.9 11.2 14.1 13.4 6.6 12.7 16.7 11.3 10.7 21.8 7.3 11.2
441 Keita Bates-Diop BKN 28 51 29 22 658.0 12.9 13.9 15.0 14.4 16.7 10.2 10.8 22.6 18.1 19.2 11.1 7.3 26.7 22.4 21.9 14.2 8.8 13.2
442 Olivier Sarr OKC 25 14 7 7 95.0 12.9 14.3 11.7 6.5 8.0 32.3 39.5 43.5 33.3 35.7 4.7 8.6 0.0 53.8 0.0 56.3 33.3 15.7
443 Ochai Agbaji TOR 23 67 29 38 1328.0 12.9 12.7 14.3 16.8 18.8 5.0 5.6 17.1 12.6 13.7 8.2 11.8 20.4 20.5 20.1 18.0 6.7 11.9
444 Josh Green DAL 23 54 31 23 1436.0 12.9 13.4 13.4 15.6 15.2 7.4 8.3 13.8 14.2 14.1 15.9 15.3 21.7 7.0 24.0 17.7 11.7 12.8
445 Gary Payton II GSW 31 31 18 13 472.0 12.9 16.6 14.6 10.3 10.6 4.8 5.9 27.7 15.2 18.8 11.5 11.6 29.7 23.4 18.0 25.8 8.8 13.9
446 Walker Kessler UTA 22 55 26 29 1288.0 12.8 18.2 13.2 1.2 2.1 9.4 13.3 44.1 29.5 33.3 6.8 13.0 15.3 73.0 17.0 25.3 14.1 14.9
447 Keyontae Johnson OKC 23 9 7 2 66.0 12.8 9.6 14.0 6.7 6.8 0.0 0.0 28.6 11.8 15.4 12.9 13.8 10.0 0.0 33.3 27.8 0.0 7.9
448 Chuma Okeke ORL 25 40 19 21 400.0 12.8 13.8 15.3 21.1 23.6 1.4 2.5 18.0 20.5 19.8 10.5 10.0 14.5 17.5 6.3 11.0 2.0 12.6
449 Johnny Davis WAS 22 37 4 33 374.0 12.8 11.8 14.5 7.1 9.6 6.0 8.5 17.6 14.5 15.3 9.0 7.5 16.9 15.4 9.2 21.7 9.2 10.5
450 Cam Reddish LAL 24 40 22 18 886.0 12.8 11.1 13.5 17.2 17.9 11.5 11.4 14.0 11.1 11.7 9.2 11.4 26.6 12.2 21.7 19.5 11.5 11.7
451 Dru Smith MIA 26 9 7 2 131.0 12.8 16.7 14.1 25.9 18.5 3.5 3.2 20.7 9.9 12.7 28.0 13.5 34.6 23.1 8.3 25.5 10.3 14.8
452 Kentavious Caldwell-Pope DEN 31 62 44 18 1961.0 12.8 11.6 13.4 19.5 19.5 13.8 11.6 6.0 8.7 8.1 11.8 12.2 27.7 14.6 7.3 17.6 11.3 12.7
453 Thanasis Antetokounmpo MIL 31 28 18 10 133.0 12.7 12.4 11.9 0.0 0.9 0.0 5.1 31.6 5.6 10.1 18.8 21.8 22.7 30.8 23.1 37.3 15.6 9.2
454 Kendall Brown IND 20 9 5 4 32.0 12.6 17.4 12.3 0.0 5.6 40.0 42.9 12.5 0.0 5.3 21.4 6.3 0.0 0.0 0.0 28.6 40.0 20.7
455 Ben Simmons BKN 27 15 7 8 359.0 12.6 13.3 10.6 0.0 0.0 7.5 13.8 37.8 33.5 34.5 38.9 29.3 22.2 26.5 10.3 28.1 18.4 11.1
456 Furkan Korkmaz PHI 26 35 22 13 300.0 12.6 11.5 14.2 19.4 19.8 8.4 9.4 5.6 14.2 11.8 15.8 10.5 21.2 10.7 6.9 12.5 10.5 11.6
457 D.J. Carton TOR 23 4 2 2 36.0 12.5 13.0 12.9 20.0 15.4 26.7 31.3 33.3 9.5 14.8 21.4 7.7 20.0 0.0 0.0 17.6 25.0 16.7
457 Isaiah Mobley CLE 24 6 1 5 51.0 12.5 11.9 14.8 11.1 16.7 0.0 0.0 0.0 18.8 14.6 22.2 7.1 16.7 0.0 0.0 35.7 0.0 11.0
457 KJ Martin PHI 23 50 26 24 579.0 12.5 14.8 12.9 5.5 6.0 8.3 11.2 18.8 18.9 18.9 12.4 14.3 18.0 11.1 26.6 29.7 10.0 12.8
457 Kenrich Williams OKC 29 55 40 15 772.0 12.5 13.0 14.5 19.3 20.2 1.0 2.8 29.1 21.6 23.2 16.5 10.0 19.2 6.4 16.5 24.1 8.8 11.9
461 Goga Bitadze ORL 24 54 29 25 910.0 12.5 15.3 11.8 1.0 2.0 14.7 16.7 45.2 26.9 31.9 17.3 14.4 20.7 54.7 15.6 26.2 18.5 13.9
462 Nassir Little PHX 24 37 22 15 431.0 12.5 14.4 14.4 20.9 22.1 9.9 9.3 13.3 19.1 17.6 9.6 9.0 14.3 14.9 13.6 20.4 11.0 14.2
463 Thaddeus Young PHX 35 26 6 20 382.0 12.5 16.9 13.5 1.1 2.5 3.6 7.6 42.0 21.2 27.0 22.0 12.5 30.6 10.0 17.4 30.7 9.0 13.3
464 Jordan McLaughlin MIN 27 41 25 16 393.0 12.4 12.7 13.7 23.9 20.1 5.5 6.5 17.9 14.1 14.9 31.0 12.6 33.7 15.6 12.8 15.0 12.1 13.2
465 Ben Sheppard IND 22 43 23 20 542.0 12.4 11.6 14.1 25.4 26.7 9.8 9.0 7.4 15.7 13.6 9.3 6.2 22.4 3.1 12.7 24.0 7.8 12.7
466 Dalen Terry CHI 21 45 21 24 450.0 12.4 9.6 11.6 13.5 18.2 12.3 14.2 12.6 19.2 17.2 24.3 18.7 21.7 16.7 8.7 26.8 12.5 10.4
467 Josh Okogie PHX 25 54 33 21 926.0 12.4 10.9 12.3 12.2 14.5 16.7 18.2 32.0 12.4 17.5 13.4 10.7 29.0 19.6 17.0 18.0 21.9 12.2
468 Cason Wallace OKC 20 67 47 20 1372.0 12.4 14.2 14.0 20.8 19.5 5.0 5.2 16.9 12.2 13.2 12.9 9.2 20.5 15.4 11.3 18.7 6.4 13.7
469 Dereck Lively II DAL 20 49 29 20 1185.0 12.3 18.0 12.0 0.0 0.2 9.4 13.8 52.0 25.8 31.7 8.2 16.8 20.0 50.7 17.5 32.5 14.6 14.6
470 Dyson Daniels NOP 21 52 30 22 1139.0 12.3 11.1 12.4 11.1 14.4 7.0 8.5 19.0 18.2 18.4 21.9 17.5 34.4 19.1 10.6 18.6 8.1 10.4
471 Robert Williams III POR 26 6 2 4 119.0 12.2 18.1 11.6 0.0 0.0 15.6 15.0 32.4 34.6 33.9 10.0 21.2 31.8 46.7 19.0 30.9 16.3 16.0
472 Dereon Seabron NOP 23 6 3 3 55.0 12.2 8.5 14.1 6.3 6.9 17.2 18.2 10.0 12.5 12.1 16.7 0.0 33.3 16.7 20.0 15.4 14.3 10.1
473 Torrey Craig CHI 33 39 16 23 805.0 12.2 12.3 12.7 24.5 21.9 8.8 9.6 29.1 21.6 23.7 11.1 13.4 15.8 23.2 7.1 26.9 9.2 13.0
474 Isaiah Livers WAS 25 23 1 22 469.0 12.2 10.2 13.6 19.1 22.8 6.8 7.6 15.2 11.5 12.5 10.2 10.5 19.1 13.5 14.8 20.2 7.9 10.6
475 Caleb Houstan ORL 21 51 27 24 716.0 12.2 12.1 14.2 33.5 30.8 7.8 7.1 13.5 10.7 11.4 8.2 7.2 13.6 4.2 1.7 18.6 5.7 13.9
476 Anthony Black ORL 20 61 34 27 1093.0 12.2 11.8 12.0 14.5 13.2 11.2 13.4 13.1 14.2 13.9 15.8 13.7 18.9 13.0 13.8 23.4 16.1 11.9
477 Mason Jones SAC 25 1 0 1 13.0 12.1 0.0 11.5 0.0 22.2 33.3 40.0 20.0 27.3 25.0 66.7 0.0 0.0 0.0 33.3 0.0 40.0 3.7
478 Kessler Edwards SAC 23 42 26 16 195.0 12.1 14.4 15.6 27.3 23.2 6.7 7.0 10.2 18.7 16.4 9.4 1.7 17.2 20.0 21.1 27.3 13.5 14.6
479 Dylan Windler ATL 27 12 6 6 40.0 12.1 14.3 15.9 41.7 33.3 0.0 0.0 0.0 16.7 14.3 30.4 0.0 0.0 0.0 0.0 23.5 11.1 16.1
480 Julian Phillips CHI 20 40 20 20 323.0 12.1 11.3 12.9 15.6 18.6 11.2 11.5 13.5 11.3 11.9 7.5 11.6 12.3 16.7 15.9 26.3 14.3 11.8
481 Jaxson Hayes LAL 23 57 31 26 668.0 12.1 16.1 11.4 0.0 1.8 17.1 20.1 45.1 21.8 26.3 6.5 14.8 27.1 38.6 21.2 39.6 24.7 14.4
482 Gary Harris ORL 29 44 29 15 1027.0 12.0 12.9 13.9 26.6 25.3 7.2 7.5 9.5 7.8 8.2 13.6 7.5 22.7 11.9 4.9 16.6 7.1 13.2
483 Haywood Highsmith MIA 27 51 30 21 988.0 12.0 12.5 13.5 20.6 20.2 5.7 6.0 22.0 13.8 15.6 9.3 9.1 25.3 33.3 12.8 26.6 8.4 12.2
484 Udoka Azubuike PHX 24 14 10 4 107.0 11.9 17.4 11.7 0.0 0.0 6.7 16.2 39.3 29.2 32.0 7.3 12.5 8.3 30.0 16.7 39.5 17.0 14.1
485 Ish Smith CHA 35 43 6 37 741.0 11.9 10.9 11.5 2.6 1.7 1.5 1.5 7.5 13.8 12.3 38.0 23.0 18.9 5.4 8.3 17.4 5.4 8.8
486 Keon Ellis SAC 24 41 25 16 539.0 11.9 11.2 12.3 20.2 20.6 7.4 8.8 13.8 12.4 12.7 14.5 14.5 31.9 30.8 5.3 28.6 13.9 12.0
487 Cody Zeller NOP 31 39 23 16 301.0 11.8 9.2 10.2 1.2 1.3 16.7 20.5 48.9 29.3 35.4 22.0 18.5 13.1 31.3 25.6 32.1 28.1 9.7
488 Trent Forrest ATL 25 29 14 15 304.0 11.7 9.8 11.9 2.6 3.2 11.8 11.9 8.6 16.4 14.2 36.1 13.5 15.6 6.7 9.7 22.0 13.3 9.3
489 Danuel House Jr. PHI 30 34 21 13 509.0 11.6 11.2 11.2 16.5 17.3 13.6 15.1 13.3 12.2 12.5 12.6 14.6 13.8 10.6 11.1 18.4 16.7 12.2
490 Al Horford BOS 37 56 44 12 1499.0 11.6 13.1 12.8 16.8 16.3 4.5 4.1 24.7 25.8 25.5 18.2 10.4 17.1 26.7 7.4 17.0 4.7 12.4
491 Gabe Vincent LAL 27 5 2 3 127.0 11.5 12.1 14.3 8.7 20.0 1.9 2.9 8.7 3.2 4.3 24.2 4.9 25.0 0.0 9.1 25.0 5.0 9.8
492 Jacob Gilyard BKN 25 37 10 27 654.0 11.5 12.0 12.2 23.9 20.7 1.0 0.8 6.1 9.3 8.4 35.9 15.6 27.0 7.5 5.1 13.5 6.3 12.2
493 Amir Coffey LAC 26 55 37 18 1050.0 11.4 13.0 12.6 17.2 16.2 11.0 10.4 8.9 12.9 11.9 9.8 8.3 19.4 7.0 9.6 18.1 10.0 13.2
494 Joe Ingles ORL 36 54 35 19 929.0 11.3 10.0 11.7 27.5 23.5 5.9 5.5 9.4 16.5 14.8 30.3 17.3 21.5 4.0 6.1 18.4 5.9 10.9
495 Luke Kornet BOS 28 49 38 11 743.0 11.3 16.8 11.3 0.0 0.0 17.9 16.7 44.8 19.4 26.4 12.2 10.3 18.7 52.7 15.7 27.0 22.5 14.6
496 Larry Nance Jr. NOP 31 48 28 20 908.0 11.2 13.4 11.0 8.4 7.6 10.5 10.8 38.3 27.8 30.2 15.3 15.2 28.0 22.2 13.0 21.9 16.7 12.3
497 Jae'Sean Tate HOU 28 57 26 31 951.0 11.2 12.4 12.0 8.2 9.8 6.5 7.5 25.3 18.5 20.2 12.6 11.5 21.9 15.3 14.5 29.8 13.5 10.9
498 JT Thor CHA 21 51 12 39 633.0 11.2 11.2 12.9 12.8 14.4 3.2 4.8 25.2 18.2 20.0 6.8 7.1 10.7 36.2 21.7 18.3 5.2 10.2
499 Jarred Vanderbilt LAL 24 29 14 15 581.0 11.1 11.2 10.8 5.3 7.2 10.9 12.5 35.3 24.1 26.6 10.4 15.2 29.5 8.1 18.8 22.2 16.9 10.5
500 Frank Ntilikina CHA 25 5 0 5 43.0 11.1 2.6 11.0 5.6 18.2 14.3 9.1 14.3 15.6 15.4 13.3 12.5 0.0 0.0 0.0 22.2 5.9 4.6
500 James Johnson IND 37 6 2 4 32.0 11.1 5.9 9.4 0.0 4.5 20.0 15.4 10.0 23.1 17.4 26.1 28.6 30.8 100 33.3 70.0 10.0 7.0
502 Wesley Matthews ATL 37 27 7 20 299.0 11.0 9.4 11.3 17.6 18.0 12.6 13.8 7.1 16.5 14.5 10.5 9.0 22.4 22.9 9.8 22.4 13.6 11.1
503 Terry Taylor CHI 24 27 11 16 174.0 11.0 12.2 11.6 6.3 8.6 3.8 4.1 41.7 16.5 22.3 9.5 17.1 13.8 11.8 9.1 25.8 3.2 10.6
504 Charles Bassey SAS 23 19 3 16 205.0 11.0 15.8 10.0 0.0 0.6 9.6 9.0 46.0 39.6 41.3 17.4 21.4 25.0 60.7 5.0 37.8 14.1 13.2
505 Jae Crowder MIL 33 37 21 16 890.0 10.9 11.4 12.4 16.7 16.8 5.3 5.7 12.8 17.3 16.4 10.8 7.4 23.1 8.9 9.1 18.8 7.9 11.1
506 Jeff Dowtin Jr. PHI 26 4 0 4 57.0 10.8 12.8 10.7 30.8 21.1 0.0 0.0 0.0 10.3 7.5 26.7 23.1 37.5 10.0 8.3 0.0 5.9 12.5
507 Cory Joseph GSW 32 26 10 16 296.0 10.8 8.7 11.5 13.5 17.9 4.0 5.1 7.5 11.7 10.5 24.6 13.5 10.0 10.0 5.1 18.7 7.4 8.7
508 Jalen Slawson SAC 24 6 4 2 20.0 10.6 13.3 9.7 0.0 9.1 0.0 0.0 0.0 41.7 31.3 16.7 22.2 0.0 50.0 0.0 30.8 0.0 11.1
509 Juan Toscano-Anderson SAC 30 11 7 4 53.0 10.6 7.5 12.9 7.7 10.0 0.0 0.0 22.2 22.7 22.6 14.3 9.1 16.7 10.0 66.7 42.3 0.0 6.4
510 Kevon Looney GSW 28 62 33 29 1050.0 10.6 13.0 10.0 0.0 0.1 12.6 15.1 43.0 32.2 35.2 19.8 13.5 18.5 27.5 22.7 31.8 15.3 11.2
511 Isaiah Hartenstein NYK 25 61 38 23 1520.0 10.5 12.3 9.5 0.2 0.3 14.1 15.4 49.9 29.0 34.6 16.4 16.0 25.7 46.2 14.3 29.3 16.8 11.3
512 Matisse Thybulle POR 27 63 18 45 1475.0 10.5 10.5 11.7 21.9 22.1 4.2 4.6 9.3 12.1 11.3 12.4 8.9 40.1 32.7 6.1 14.7 7.3 10.7
513 Sidy Cissoko SAS 19 6 1 5 32.0 10.5 3.7 9.4 0.0 13.8 25.0 19.0 0.0 22.2 16.2 0.0 11.1 37.5 0.0 25.0 18.2 15.4 7.8
514 Bismack Biyombo OKC 31 35 17 18 750.0 10.4 10.5 8.8 0.0 0.0 11.6 17.0 36.1 25.8 28.3 13.3 17.4 10.8 36.5 12.9 27.7 16.0 9.3
515 Joe Harris DET 32 16 4 12 170.0 10.4 9.9 12.6 23.8 25.4 1.5 2.3 7.5 9.6 9.0 11.4 7.3 13.6 8.7 16.7 22.4 5.5 10.0
516 Robert Covington PHI 33 29 20 9 488.0 10.4 10.3 11.2 15.6 17.6 11.1 11.1 26.5 19.8 21.5 9.6 7.7 36.8 32.7 11.5 26.2 10.2 11.0
517 Pat Connaughton MIL 31 62 40 22 1354.0 10.2 10.4 11.0 18.1 17.9 5.7 5.9 16.2 17.2 17.0 15.9 10.8 16.3 13.4 6.0 13.4 8.0 10.5
518 Reggie Bullock Jr. HOU 33 29 15 14 269.0 10.1 10.4 11.6 27.3 24.5 1.2 0.9 4.5 20.9 16.8 8.8 9.0 15.6 7.4 2.9 14.9 3.1 11.0
519 Justin Holiday DEN 34 44 28 16 637.0 10.1 11.1 11.9 25.3 23.9 1.5 1.5 4.6 11.3 9.7 13.1 6.1 23.6 7.7 1.8 20.7 3.4 11.3
520 Dean Wade CLE 27 54 36 18 1108.0 10.1 10.3 11.6 24.8 23.2 5.1 5.0 15.0 22.3 20.6 6.9 6.7 21.5 21.0 2.5 23.9 8.2 11.3
521 Leaky Black CHA 24 22 1 21 218.0 10.1 9.6 9.8 14.3 10.3 13.0 15.7 18.2 20.3 19.8 18.9 8.3 20.8 23.1 22.7 20.0 14.7 10.6
522 Maxwell Lewis LAL 21 24 11 13 77.0 10.1 6.8 10.0 10.0 6.5 0.0 0.0 8.3 3.5 4.3 10.3 18.9 25.0 0.0 14.3 12.5 4.0 5.5
523 Kobe Brown LAC 24 36 25 11 292.0 10.0 9.8 11.8 16.4 19.8 1.0 1.6 12.0 20.8 18.0 11.8 8.4 17.1 10.3 10.5 29.9 2.7 9.2
524 Justin Minaya POR 24 24 2 22 192.0 9.9 6.4 10.3 12.8 17.4 6.1 8.7 19.4 12.5 14.9 12.0 9.4 19.4 38.5 13.0 18.3 9.9 7.0
525 John Konchar MEM 27 52 17 35 1072.0 9.9 9.9 10.1 11.8 13.1 6.0 5.5 27.0 24.4 25.1 18.0 12.1 24.9 30.1 8.2 16.1 9.0 9.6
526 R.J. Hampton MIA 23 8 3 5 76.0 9.8 6.0 10.1 4.8 13.3 3.1 4.4 14.3 6.5 7.9 20.0 15.8 0.0 0.0 11.1 30.8 3.3 5.3
527 Maxi Kleber DAL 32 31 17 14 651.0 9.8 8.1 9.8 10.0 13.3 8.1 9.6 18.4 19.8 19.5 15.7 11.4 12.3 35.1 7.1 25.3 12.2 8.3
528 Garrison Mathews ATL 27 51 23 28 684.0 9.7 10.3 10.9 26.2 21.7 6.4 6.7 10.2 12.4 11.9 6.2 7.3 14.3 11.8 4.9 29.6 17.1 11.8
529 Wendell Moore Jr. MIN 22 17 13 4 50.0 9.6 11.6 10.6 0.0 10.3 0.0 0.0 0.0 17.6 14.0 7.7 13.6 41.7 20.0 0.0 16.0 0.0 9.1
530 Andre Jackson Jr. MIL 22 49 30 19 511.0 9.6 10.5 9.7 9.9 9.8 4.1 4.4 36.8 17.5 22.1 16.6 15.3 20.9 8.0 4.8 32.7 5.4 9.4
531 Darius Bazley UTA 23 3 0 3 10.0 9.5 0.0 6.7 0.0 0.0 0.0 0.0 0.0 25.0 20.0 28.6 33.3 0.0 0.0 100 0.0 0.0 0.0
531 Micah Potter UTA 25 5 2 3 47.0 9.5 19.4 11.1 36.4 17.2 15.8 15.0 20.0 27.3 25.6 4.0 0.0 0.0 0.0 0.0 15.4 13.3 20.6
533 Dariq Whitehead BKN 19 2 1 1 24.0 9.4 4.5 10.0 0.0 16.7 8.3 14.3 0.0 28.6 19.0 20.0 0.0 0.0 50.0 14.3 0.0 12.5 4.9
534 Mitchell Robinson NYK 25 21 12 9 613.0 9.3 11.3 8.6 0.0 0.0 6.1 12.2 60.2 25.5 36.4 5.1 12.4 33.7 71.1 15.7 20.2 14.4 9.0
535 Jermaine Samuels Jr. HOU 25 11 6 5 53.0 9.2 16.0 11.3 0.0 6.1 12.5 9.1 18.2 24.3 22.9 8.0 0.0 16.7 20.0 25.0 16.7 17.6 14.6
536 Tosan Evbuomwan DET 23 7 0 7 91.0 9.1 10.0 10.9 10.3 11.1 0.0 0.0 38.1 15.1 21.6 12.5 3.4 10.0 12.5 11.1 18.2 13.6 9.2
537 Dwight Powell DAL 32 54 32 22 755.0 9.0 10.1 7.0 0.4 0.3 19.4 21.3 52.2 20.9 28.6 19.1 14.4 20.0 42.2 18.3 33.4 26.9 10.4
538 Jordan Walsh BOS 20 4 4 0 33.0 9.0 3.2 7.9 0.0 10.3 0.0 0.0 16.7 29.0 25.6 10.5 20.0 28.6 33.3 0.0 35.7 0.0 2.5
539 Nicolas Batum PHI 35 46 27 19 1131.0 8.5 8.7 9.1 18.8 17.1 2.8 3.3 21.8 16.9 18.1 15.8 10.6 18.6 21.2 0.8 19.0 5.0 8.7
540 Mouhamed Gueye ATL 21 2 2 0 4.0 8.3 0.0 16.7 0.0 33.3 0.0 0.0 0.0 0.0 0.0 0.0 0.0 50.0 0.0 0.0 50.0 0.0 0.0
540 Otto Porter Jr. TOR 30 15 6 9 174.0 8.3 9.2 10.0 18.6 17.7 4.1 3.3 15.0 18.4 17.6 7.7 3.9 14.3 25.0 13.3 27.1 2.8 9.2
542 Ibou Badji POR 21 19 5 14 205.0 7.8 8.3 5.3 0.0 0.0 6.4 9.5 43.2 22.5 27.7 17.3 18.9 9.1 62.5 12.0 42.0 13.9 7.1
543 Taj Gibson DET 38 16 7 9 165.0 7.7 5.1 7.6 0.0 5.0 4.3 3.8 43.5 14.5 19.0 14.5 12.8 9.1 54.5 5.9 39.4 5.2 4.5
544 Ryan Arcidiacono NYK 29 20 15 5 45.0 7.4 0.0 8.0 0.0 15.0 0.0 0.0 0.0 21.6 17.8 22.2 11.8 20.0 0.0 0.0 35.7 22.2 0.0
545 Vit Krejci ATL 23 7 3 4 135.0 7.2 5.2 7.3 8.3 11.7 11.1 9.6 4.7 6.3 5.7 21.1 6.5 25.0 18.8 4.2 27.3 6.3 6.4
546 Nathan Mensah CHA 25 25 3 22 307.0 6.8 5.5 5.2 0.0 0.0 8.9 9.4 50.0 19.4 26.6 7.6 14.4 14.3 50.0 5.3 47.4 16.7 5.5
547 Jericho Sims NYK 25 38 24 14 517.0 6.0 9.4 5.5 0.0 0.0 9.3 11.2 35.9 23.7 27.3 9.2 8.6 10.6 41.5 3.1 21.7 11.4 8.2
548 P.J. Tucker LAC 38 21 7 14 340.0 5.4 4.4 5.8 10.2 10.5 2.4 2.1 29.1 15.8 19.2 6.8 7.0 15.9 17.9 5.4 29.3 7.5 4.8
549 Marques Bolden CHA 25 4 2 2 16.0 5.3 0.0 3.6 0.0 0.0 0.0 0.0 0.0 23.1 23.1 0.0 25.0 0.0 0.0 0.0 40.0 14.3 0.0
550 Danny Green PHI 36 2 1 1 18.0 4.3 0.0 5.7 0.0 7.7 0.0 0.0 0.0 15.4 12.5 7.7 0.0 50.0 0.0 0.0 12.5 0.0 0.0
551 Usman Garuba GSW 22 3 2 1 8.0 4.2 0.0 7.1 0.0 0.0 0.0 0.0 33.3 0.0 16.7 33.3 0.0 100 0.0 33.3 50.0 0.0 0.0
552 Javonte Smart PHI 24 1 1 0 1.0 0.0 0.0 0.0 0.0 0.0 0.0 0.0 0.0 0.0 0.0 0.0 0.0 0.0 0.0 0.0 0.0 0.0 0.0
552 Justin Jackson MIN 28 2 2 0 1.0 0.0 0.0 0.0 0.0 0.0 0.0 0.0 0.0 0.0 0.0 0.0 0.0 0.0 0.0 0.0 0.0 0.0 0.0
552 Malcolm Cazalon DET 22 1 0 1 3.0 0.0 0.0 0.0 0.0 0.0 0.0 0.0 0.0 0.0 0.0 0.0 0.0 0.0 0.0 0.0 0.0 0.0 0.0
552 Pat Spencer GSW 27 2 0 2 3.0 0.0 0.0 0.0 0.0 0.0 0.0 0.0 0.0 0.0 0.0 100 0.0 0.0 0.0 0.0 0.0 0.0 0.0
552 Quenton Jackson IND 25 1 1 0 2.0 0.0 0.0 0.0 0.0 0.0 0.0 0.0 0.0 50.0 50.0 0.0 0.0 0.0 0.0 0.0 0.0 0.0 0.0
552 Ron Harper Jr. TOR 23 1 1 0 4.0 0.0 0.0 0.0 0.0 0.0 0.0 0.0 0.0 0.0 0.0 33.3 0.0 0.0 0.0 0.0 33.3 0.0 0.0