PLAYER GP W L MIN EST. 
OFFRTG EST. 
DEFRTG EST. 
NETRTG EST. 
AST RATIO EST. 
OREB% EST. 
DREB% EST. 
REB% EST. 
TO RATIO EST. 
USG% EST. 
PACE
1 Buddy Hield 81 43 38 26 115.4 115.7 -0.3 19.7 3.0 11.0 6.9 8.5 19.0 102.55
2 Obi Toppin 79 45 34 21 119.0 116.1 3.0 15.1 5.6 15.8 10.6 8.5 16.2 105.58
2 Austin Reaves 79 45 34 32 113.8 113.9 -0.2 27.0 2.5 12.2 7.6 10.4 20.4 102.94
2 Mikal Bridges 79 31 48 35 110.1 113.4 -3.2 15.7 2.6 12.1 7.2 8.8 24.6 99.50
2 Georges Niang 79 46 33 22 113.1 113.1 0.1 12.0 1.5 15.7 8.7 8.8 17.8 99.41
2 Dennis Schroder 79 29 50 31 111.6 114.6 -3.0 29.4 1.7 9.1 5.3 9.3 20.6 99.27
2 Paul Reed 79 44 35 19 114.8 111.6 3.2 15.8 13.1 21.7 17.2 9.8 15.9 98.78
8 Collin Sexton 78 29 49 27 115.2 119.7 -4.5 21.9 3.8 7.2 5.5 9.4 27.3 102.85
8 Chet Holmgren 78 53 25 30 117.9 110.0 7.9 14.3 6.1 22.3 14.7 9.4 21.5 102.62
8 Harrison Barnes 78 45 33 29 112.4 115.1 -2.8 9.8 2.9 8.5 5.6 6.1 15.7 101.68
8 Jalen Green 78 38 40 32 112.2 112.7 -0.5 14.9 1.7 15.9 8.8 9.6 27.6 101.55
8 Bobby Portis 78 47 31 24 116.0 114.9 1.1 8.6 7.9 25.6 16.8 7.3 22.9 101.30
8 Cason Wallace 78 53 25 21 115.1 110.8 4.3 18.8 3.7 8.7 6.3 7.6 13.2 101.26
8 Domantas Sabonis 78 45 33 36 114.1 114.2 -0.1 30.8 11.0 33.1 21.8 12.3 22.3 101.01
8 Nickeil Alexander-Walker 78 54 24 24 114.1 104.9 9.2 24.5 2.1 7.6 5.0 9.1 14.5 99.92
8 Jonas Valanciunas 78 46 32 24 116.3 112.2 4.1 15.7 11.3 30.0 21.0 10.0 20.7 99.60
8 Reggie Jackson 78 54 24 22 112.1 111.2 0.9 25.7 2.0 7.2 4.7 8.8 21.5 99.46
8 Christian Braun 78 54 24 20 109.3 109.6 -0.3 17.5 5.1 14.4 9.9 7.7 15.6 99.22
8 Andre Drummond 78 37 41 17 113.9 113.4 0.4 5.3 21.5 37.4 29.3 11.7 20.7 98.02
8 Payton Pritchard 78 62 16 22 120.6 110.2 10.4 27.7 4.4 11.4 7.9 6.2 16.6 97.18
21 Jordan Poole 77 15 62 30 107.7 117.8 -10.1 18.9 1.4 8.4 4.8 10.4 26.3 105.74
21 Corey Kispert 77 15 62 25 107.3 117.4 -10.1 13.1 1.4 10.3 5.8 8.9 19.6 104.62
21 Josh Giddey 77 53 24 25 118.8 111.7 7.1 26.3 6.5 21.1 14.1 11.3 22.7 102.77
21 Pascal Siakam 77 36 41 33 115.5 114.4 1.0 18.0 5.6 17.8 11.6 7.3 25.5 101.80
21 Naz Reid 77 54 23 24 111.3 103.8 7.5 9.4 4.5 19.2 12.1 9.8 22.7 100.35
21 Michael Porter Jr. 77 54 23 32 118.1 111.3 6.8 9.1 4.7 19.7 12.4 6.9 20.5 98.90
21 Cole Anthony 77 46 31 23 111.4 108.8 2.6 19.4 4.2 16.4 10.3 10.2 23.7 98.31
21 Donte DiVincenzo 77 46 31 28 115.5 113.6 1.9 15.5 3.1 11.4 7.2 8.0 21.5 98.25
21 Josh Hart 77 45 32 33 114.1 109.6 4.6 28.3 5.3 22.6 13.8 10.0 13.5 97.22
30 Luguentz Dort 76 51 25 29 119.1 111.0 8.1 12.1 4.0 10.2 7.2 8.4 15.4 102.79
30 Paolo Banchero 76 45 31 35 110.4 109.8 0.6 18.4 3.3 19.6 11.3 10.7 29.4 99.87
30 Moritz Wagner 76 45 31 18 113.6 110.5 3.0 11.6 10.3 19.9 15.1 11.5 22.8 99.27
30 Peyton Watson 76 53 23 18 109.6 109.7 -0.1 12.8 4.3 13.4 9.1 9.2 16.7 98.89
30 Ayo Dosunmu 76 37 39 29 111.3 113.6 -2.2 21.8 2.6 8.2 5.4 9.3 17.2 98.82
30 DeMar DeRozan 76 36 40 38 113.0 113.7 -0.8 19.4 1.6 11.4 6.4 6.2 25.8 98.39
36 Malik Beasley 75 44 31 30 118.1 111.0 7.1 12.2 2.0 10.9 6.6 6.0 14.4 103.49
36 Brook Lopez 75 46 29 31 116.5 110.9 5.6 12.6 5.2 12.5 9.0 7.9 15.7 103.40
36 Taurean Prince 75 42 33 27 112.8 115.7 -2.9 15.3 1.1 10.7 6.0 9.1 13.7 103.39
36 Tim Hardaway Jr. 75 47 28 27 115.3 114.7 0.6 10.9 1.1 12.0 6.6 5.4 22.7 103.04
36 Dejounte Murray 75 34 41 36 115.3 118.1 -2.8 22.1 2.2 14.2 7.9 8.7 26.2 102.85
36 Kelly Olynyk 75 31 44 22 110.5 118.1 -7.6 32.7 7.0 18.6 12.9 13.9 17.3 102.83
36 Bogdan Bogdanovic 75 35 40 30 116.1 113.9 2.1 16.1 2.4 10.4 6.3 7.2 22.3 101.88
36 Aaron Holiday 75 37 38 16 110.6 108.3 2.3 22.4 1.8 8.5 5.1 8.3 16.2 101.65
36 Royce O'Neale 75 35 40 25 112.6 110.0 2.6 25.7 3.4 17.4 10.4 8.9 13.7 101.25
36 Cameron Payne 75 43 32 17 113.2 113.7 -0.6 25.8 1.7 8.2 4.9 8.6 19.5 100.30
36 Anthony Edwards 75 52 23 35 114.2 105.7 8.5 16.7 2.3 14.7 8.9 9.9 32.2 99.75
36 Kyle Anderson 75 53 22 23 110.9 104.7 6.2 36.3 4.1 13.4 8.9 9.9 14.5 99.70
36 Nikola Jokic 75 52 23 35 120.2 109.3 10.9 27.8 9.5 30.3 20.2 9.2 29.5 99.37
36 Sam Hauser 75 60 15 22 119.1 107.9 11.2 11.8 2.8 13.6 8.4 5.0 14.5 98.89
36 Coby White 75 35 40 36 113.6 114.2 -0.5 21.5 1.7 12.5 7.1 8.8 22.7 98.43
51 Myles Turner 74 43 31 27 118.3 114.5 3.8 7.8 6.1 22.0 14.2 8.6 23.6 103.64
51 Anthony Davis 74 43 31 36 114.8 112.1 2.6 13.8 10.2 28.3 19.7 8.1 26.4 103.63
51 Jeremy Sochan 74 18 56 30 106.6 114.1 -7.5 20.3 6.8 17.1 11.9 11.4 18.9 103.06
51 Isaiah Joe 74 50 24 19 116.8 109.5 7.3 15.0 2.4 11.2 6.9 6.9 16.3 102.74
51 Klay Thompson 74 39 35 30 114.3 115.5 -1.2 11.9 1.6 10.5 6.1 7.9 23.9 102.59
51 Ochai Agbaji 74 31 43 21 109.4 116.1 -6.7 13.7 5.1 9.6 7.4 10.5 13.5 102.31
51 Norman Powell 74 47 27 26 116.9 112.2 4.8 8.3 1.0 9.7 5.5 6.7 19.9 101.35
51 Jeff Green 74 36 38 17 109.6 112.1 -2.5 12.5 3.7 10.9 7.3 8.6 15.6 100.95
51 Aaron Wiggins 74 51 23 16 116.2 111.2 5.0 15.4 5.9 10.8 8.5 10.7 16.6 100.69
51 Grant Williams 74 33 41 28 110.3 114.5 -4.2 18.0 4.5 12.5 8.4 11.5 16.0 100.48
51 Jarrett Allen 74 44 30 32 114.5 109.6 4.9 16.2 11.4 26.0 18.8 9.3 19.5 99.22
62 Malaki Branham 73 17 56 21 106.8 116.6 -9.8 17.5 1.9 8.2 5.0 10.2 19.7 104.12
62 D'Angelo Russell 73 44 29 33 115.3 112.3 3.0 26.4 1.4 8.9 5.3 8.8 23.1 104.06
62 Tre Jones 73 18 55 28 110.3 112.3 -1.9 38.7 3.1 11.1 7.1 9.5 15.0 102.95
62 Jaden Ivey 73 13 60 29 109.5 117.0 -7.4 18.5 4.4 9.2 6.8 11.8 24.7 102.69
62 Derrick Jones Jr. 73 45 28 24 113.9 111.7 2.1 10.4 5.0 10.3 7.7 9.5 14.9 102.45
62 Jusuf Nurkic 73 45 28 27 118.4 110.3 8.1 23.8 13.0 31.4 22.7 14.1 19.2 101.38
62 Spencer Dinwiddie 73 36 37 29 116.0 114.0 2.0 30.5 1.5 8.6 5.1 7.7 16.6 101.12
62 Keegan Murray 73 42 31 34 114.1 112.5 1.6 10.8 4.4 14.1 9.1 5.5 18.0 101.11
62 Nikola Vucevic 73 35 38 34 111.3 114.0 -2.8 15.6 8.9 26.2 17.4 7.5 23.8 98.52
62 Jalen Brunson 73 45 28 35 117.7 112.0 5.7 20.2 1.8 9.8 5.8 7.4 31.8 98.48
72 Deni Avdija 72 14 58 30 108.9 115.3 -6.4 20.8 4.2 21.6 12.9 11.7 20.2 105.48
72 Cedi Osman 72 17 55 18 106.5 119.1 -12.6 20.8 2.0 13.8 7.7 8.2 15.0 104.11
72 Giannis Antetokounmpo 72 44 28 35 118.7 112.7 5.9 19.4 8.5 26.9 17.9 10.2 32.7 102.99
72 Malik Monk 72 42 30 26 113.5 115.5 -1.9 24.6 1.7 11.3 6.4 10.0 25.4 102.46
72 Pat Connaughton 72 43 29 22 114.9 115.4 -0.5 27.8 3.4 12.7 8.1 8.3 10.8 101.97
72 Jabari Smith Jr. 72 36 36 32 110.5 113.2 -2.7 10.1 6.1 21.8 13.8 8.1 17.7 100.74
72 Herbert Jones 72 43 29 30 115.6 109.4 6.2 20.9 3.7 9.3 6.5 9.8 14.3 99.80
72 Jayson Tatum 72 57 15 36 121.0 109.1 11.9 16.4 2.9 21.1 12.5 8.6 30.5 99.77
72 Drew Eubanks 72 40 32 16 109.0 112.4 -3.5 15.1 10.5 20.0 15.5 14.9 13.3 99.58
72 Isaiah Hartenstein 72 44 28 25 117.9 109.6 8.3 25.8 14.6 22.6 18.7 12.7 11.7 99.30
72 Kentavious Caldwell-Pope 72 51 21 32 120.6 109.6 11.0 20.3 1.5 6.8 4.3 8.4 13.0 99.23
72 Paul George 72 47 25 34 119.6 110.7 8.9 14.7 1.8 15.4 9.0 8.4 27.0 98.86
72 Mike Conley 72 51 21 29 112.6 106.4 6.1 36.8 1.9 8.8 5.6 7.8 15.9 98.28
72 Rudy Gobert 72 51 21 34 113.9 104.8 9.2 10.1 13.6 28.4 21.6 12.0 15.5 98.09
86 Daniel Gafford 71 28 43 25 112.5 114.1 -1.6 15.4 11.7 21.1 16.5 9.9 14.5 104.92
86 Shai Gilgeous-Alexander 71 51 20 34 119.9 109.2 10.6 19.5 2.9 14.5 8.9 6.8 32.3 103.28
86 Stephen Curry 71 41 30 33 116.0 114.1 1.9 17.1 1.8 12.6 7.3 9.6 31.0 103.03
86 Jonathan Kuminga 71 37 34 26 114.6 110.8 3.8 12.3 5.3 14.1 9.9 9.5 24.6 102.78
86 Keyonte George 71 25 46 27 108.6 118.5 -9.9 23.5 0.8 10.7 5.8 12.8 22.8 101.92
86 Kevin Durant 71 41 30 37 117.0 112.0 4.9 17.2 1.8 17.7 10.3 10.8 29.0 101.65
86 Grayson Allen 71 42 29 34 118.0 113.3 4.7 21.6 2.3 10.4 6.6 9.1 14.4 101.15
86 Jalen Suggs 71 42 29 27 111.1 108.9 2.2 18.4 2.7 10.8 6.7 12.2 19.5 101.01
86 Fred VanVleet 71 37 34 37 112.5 110.1 2.5 32.8 1.2 9.8 5.5 6.9 19.5 100.88
86 Derrick White 71 58 13 33 122.0 108.2 13.8 27.1 2.5 11.2 7.1 8.0 18.8 100.68
86 Kevon Looney 71 41 30 16 114.7 114.7 0.0 30.2 13.0 25.3 19.2 11.1 11.2 99.95
86 Brandon Miller 71 17 54 32 107.5 117.3 -9.8 12.0 2.8 12.3 7.4 9.0 23.8 99.37
86 Jaime Jaquez Jr. 71 41 30 28 111.9 109.2 2.7 17.5 4.5 10.7 7.6 10.4 18.6 99.11
86 James Harden 71 46 25 35 118.7 113.4 5.3 34.6 1.7 15.0 8.7 10.4 20.8 98.46
86 Terance Mann 71 46 25 25 117.3 115.1 2.2 17.4 5.4 9.4 7.6 6.8 13.7 97.69
86 Precious Achiuwa 71 37 34 22 110.6 111.9 -1.3 13.9 12.7 20.7 16.5 11.7 16.2 96.95
102 Kyle Kuzma 70 13 57 33 108.8 118.5 -9.7 15.5 2.9 19.3 10.9 10.1 30.0 105.03
102 Damian Lillard 70 46 24 35 118.4 111.0 7.4 23.1 1.5 11.5 6.7 8.7 28.1 103.77
102 Julian Champagnie 70 16 54 19 109.9 113.6 -3.7 17.2 3.2 12.6 7.8 9.0 14.2 103.03
102 Clint Capela 70 33 37 26 114.4 115.7 -1.3 10.3 17.8 25.3 21.4 8.6 17.0 102.69
102 De'Aaron Fox 70 41 29 36 115.1 112.7 2.4 17.8 2.9 11.4 7.0 8.2 30.7 102.34
102 P.J. Washington 70 28 42 31 111.8 114.5 -2.7 12.6 4.1 16.5 10.1 8.6 18.9 101.52
102 Brandin Podziemski 70 38 32 27 117.1 111.0 6.1 27.6 6.7 16.4 11.7 9.0 15.6 100.87
102 Toumani Camara 70 19 51 25 105.1 110.7 -5.6 13.3 8.3 13.6 10.8 12.9 13.6 100.53
102 Franz Wagner 70 43 27 32 111.0 106.9 4.2 16.5 3.6 15.6 9.6 8.5 25.6 99.64
102 Aaron Gordon 70 47 23 32 118.2 110.5 7.7 20.9 8.6 14.4 11.5 8.8 17.9 98.80
112 Keldon Johnson 69 17 52 30 107.7 115.8 -8.2 15.5 4.9 15.1 9.9 8.0 21.7 104.21
112 Aaron Nesmith 69 39 30 28 117.6 114.1 3.4 12.5 3.7 11.7 7.7 7.4 16.4 103.38
112 Victor Wembanyama 69 17 52 30 107.7 111.6 -3.9 14.5 8.5 30.3 19.5 13.9 32.0 103.32
112 Jaden Hardy 69 42 27 13 110.7 114.8 -4.2 16.1 2.1 12.2 7.0 8.1 24.2 102.93
112 Dillon Brooks 69 34 35 31 111.8 111.8 0.0 11.5 2.4 9.5 5.9 8.5 17.8 101.59
112 Jabari Walker 69 18 51 24 105.2 116.1 -10.9 10.1 9.3 25.5 16.9 9.3 16.2 99.92
112 Patrick Beverley 69 41 28 20 110.6 111.0 -0.4 30.0 3.5 13.8 8.6 9.6 14.7 99.25
119 T.J. McConnell 68 38 30 18 117.9 114.7 3.2 34.9 3.4 14.2 8.8 9.9 23.4 103.73
119 Devin Vassell 68 17 51 33 106.8 113.9 -7.1 18.1 1.3 11.3 6.3 7.1 23.5 103.50
119 LeBron James 68 39 29 35 116.1 112.2 3.9 25.7 2.8 19.0 11.5 10.6 29.1 102.71
119 Luka Doncic 68 44 24 38 118.0 112.6 5.3 23.8 2.5 24.3 13.5 9.8 36.0 102.50
119 John Collins 68 27 41 28 112.8 121.0 -8.1 7.7 9.0 24.7 16.7 9.8 20.3 102.26
119 Gary Trent Jr. 68 24 44 28 112.4 116.7 -4.3 11.3 1.3 9.5 5.3 4.3 19.8 101.32
119 Jaylen Brown 68 52 16 34 119.7 110.0 9.7 14.0 4.0 13.3 8.9 9.0 28.8 101.19
119 Tyrese Maxey 68 41 27 38 116.2 112.3 3.9 20.5 1.5 9.6 5.5 5.4 28.0 99.94
119 Jevon Carter 68 33 35 14 108.3 108.2 0.2 17.7 1.0 5.8 3.3 7.6 17.1 99.57
119 Alex Caruso 68 33 35 28 111.2 109.5 1.6 25.4 3.4 11.7 7.5 10.9 15.1 99.28
119 Kawhi Leonard 68 44 24 34 117.9 109.4 8.4 14.8 4.3 15.5 10.2 7.2 26.7 99.12
119 Nic Claxton 68 26 42 30 108.6 113.4 -4.8 16.0 9.7 27.2 18.2 9.9 16.0 98.97
119 Davion Mitchell 68 40 28 15 110.2 114.0 -3.8 26.1 2.0 8.0 5.0 8.4 14.9 98.92
119 Dorian Finney-Smith 68 28 40 28 110.7 112.2 -1.6 15.3 5.9 12.1 8.9 8.5 13.4 98.85
119 Duncan Robinson 68 38 30 28 110.6 110.6 0.0 19.2 0.9 9.5 5.2 9.5 18.9 98.63
119 Jaden McDaniels 68 46 22 29 113.3 107.8 5.5 11.6 3.4 8.6 6.2 10.4 16.2 98.33
135 Jalen Williams 67 47 20 32 117.5 109.3 8.2 20.9 2.0 11.4 6.9 8.1 23.8 103.01
135 Jaxson Hayes 67 39 28 12 110.0 114.0 -4.0 11.6 9.3 16.3 13.1 14.9 12.8 102.39
135 Marcus Sasser 67 10 57 18 107.2 117.1 -9.9 27.9 0.8 10.1 5.3 10.1 19.3 102.24
135 Andrew Wiggins 67 35 32 27 114.4 114.9 -0.6 11.5 6.4 11.7 9.1 8.1 20.8 102.01
135 Max Strus 67 41 26 32 114.2 107.8 6.4 23.5 3.1 13.0 8.1 9.8 17.1 100.61
135 Tobias Harris 67 38 29 34 115.4 112.1 3.3 16.0 3.4 17.5 10.4 7.0 20.8 100.05
135 Jrue Holiday 67 53 14 33 120.4 109.5 10.8 28.5 4.1 13.0 8.8 10.5 16.4 99.85
135 Bam Adebayo 67 37 30 34 109.7 108.7 1.0 17.0 7.4 27.9 17.5 9.8 25.4 98.14
143 Tyus Jones 66 11 55 29 109.5 120.4 -10.9 39.3 1.1 9.1 5.0 5.3 16.3 105.80
143 Tyrese Haliburton 66 38 28 32 119.4 114.9 4.5 36.6 1.8 11.3 6.6 7.6 24.5 104.90
143 Simone Fontecchio 66 29 37 25 111.4 112.9 -1.5 13.5 4.2 12.0 8.1 9.1 16.3 103.93
143 Kris Dunn 66 25 41 19 116.5 116.5 0.0 38.5 4.4 12.3 8.4 12.0 13.4 103.23
143 Russell Westbrook 66 44 22 22 116.6 112.1 4.5 25.5 6.9 17.5 12.3 12.1 24.5 102.70
143 Immanuel Quickley 66 28 38 29 112.3 113.0 -0.7 23.1 0.9 13.4 7.1 6.8 23.6 101.46
143 Zion Williamson 66 39 27 31 114.1 111.4 2.7 19.1 6.3 14.2 10.3 10.4 29.1 101.44
143 Jaren Jackson Jr. 66 22 44 32 104.9 112.7 -7.8 9.3 4.2 15.1 9.4 9.6 30.6 101.39
143 Jordan Hawkins 66 37 29 18 113.3 113.7 -0.4 11.7 2.6 11.4 6.9 6.5 19.4 100.97
143 Anthony Black 66 38 28 17 106.8 108.3 -1.5 21.4 3.4 10.8 7.1 12.8 12.6 100.90
143 Amir Coffey 66 45 21 20 116.3 117.7 -1.4 16.5 2.3 9.0 5.7 7.5 11.6 100.79
143 Caris LeVert 66 36 30 29 113.3 110.3 3.0 25.4 2.2 14.1 8.1 8.6 22.9 100.30
143 Miles Bridges 66 16 50 38 107.6 118.4 -10.8 13.7 3.0 19.8 11.1 8.2 24.9 99.25
143 Isaac Okoro 66 39 27 27 112.2 109.4 2.8 18.0 4.1 8.2 6.1 7.7 14.2 98.95
143 Ivica Zubac 66 41 25 27 115.7 111.4 4.3 12.3 13.0 25.9 19.7 10.3 16.4 98.05
158 Max Christie 65 37 28 15 111.2 110.2 1.0 16.9 1.9 13.6 8.2 9.9 13.7 103.40
158 Zach Collins 65 16 49 22 104.6 116.4 -11.7 19.4 8.2 17.8 12.9 13.1 22.4 103.20
158 Rui Hachimura 65 38 27 27 115.9 111.5 4.4 9.1 3.7 13.1 8.7 5.4 18.6 102.84
158 Andrew Nembhard 65 39 26 25 114.3 113.1 1.2 29.7 2.4 6.9 4.6 11.0 16.6 102.35
158 Jae'Sean Tate 65 32 33 16 110.0 104.7 5.3 18.4 6.2 14.3 10.2 10.7 11.8 101.73
158 Eric Gordon 65 39 26 28 115.6 110.8 4.8 16.4 1.1 6.1 3.8 8.6 16.6 101.41
158 Alec Burks 65 17 48 19 107.5 117.9 -10.4 10.9 2.2 11.9 6.9 6.1 24.4 100.75
158 Matisse Thybulle 65 18 47 23 106.6 113.4 -6.8 19.6 2.2 8.7 5.3 8.7 10.8 100.68
158 Jaylin Williams 65 44 21 13 115.1 110.2 4.9 28.1 4.7 24.2 14.6 8.8 13.7 100.46
158 Kelly Oubre Jr. 65 37 28 30 112.4 113.4 -1.0 8.9 4.9 13.3 9.0 7.6 22.3 100.46
158 Kenrich Williams 65 45 20 15 117.4 107.2 10.2 21.8 7.2 15.7 11.5 7.2 13.3 100.35
158 Naji Marshall 65 40 25 19 116.5 107.0 9.5 21.5 4.8 16.1 10.6 10.7 16.3 100.02
158 Malachi Flynn 65 27 38 12 105.1 112.4 -7.2 23.7 2.6 13.1 7.6 11.6 20.1 99.81
158 Nick Richards 65 13 52 27 105.4 117.2 -11.8 9.1 11.0 24.3 17.5 12.3 13.3 98.48
158 Miles McBride 65 39 26 20 108.9 109.9 -1.0 17.8 2.5 6.1 4.2 4.9 16.8 95.96
173 Bruce Brown 64 26 38 28 114.5 118.7 -4.2 20.7 3.3 14.3 8.8 9.2 16.4 104.36
173 Kevin Huerter 64 37 27 24 116.2 114.5 1.7 20.8 2.7 13.8 8.2 6.6 17.5 101.90
173 Devin Booker 64 40 24 36 118.1 112.9 5.2 22.0 2.7 11.5 7.3 8.3 30.0 101.20
173 Walker Kessler 64 26 38 23 110.5 116.0 -5.4 11.6 12.6 22.2 17.6 12.8 13.0 101.18
173 Trayce Jackson-Davis 64 36 28 16 114.9 112.0 2.8 15.5 13.0 19.3 16.2 9.3 16.6 100.94
173 Duop Reath 64 17 47 18 107.9 116.0 -8.1 10.7 8.0 15.6 11.5 8.3 20.4 99.70
173 Joe Ingles 64 41 23 17 114.8 109.7 5.0 39.3 2.1 12.6 7.4 13.0 11.6 99.39
173 Al Horford 64 51 13 27 120.6 108.4 12.2 26.0 5.5 19.9 13.1 7.3 12.2 99.22
181 Bilal Coulibaly 63 11 52 27 106.5 116.9 -10.3 16.0 3.4 13.3 8.2 12.7 14.3 104.45
181 Saddiq Bey 63 28 35 33 116.8 118.3 -1.6 9.9 8.5 13.3 10.8 5.8 16.6 103.18
181 Ausar Thompson 63 10 53 25 107.1 112.5 -5.4 16.3 8.8 19.7 14.0 11.4 16.4 102.23
181 David Roddy 63 23 40 19 103.4 113.1 -9.6 13.8 4.8 15.4 9.9 9.9 18.2 101.71
181 Cam Thomas 63 22 41 31 110.5 115.8 -5.2 11.7 1.4 10.4 5.7 7.5 30.2 100.67
181 Alperen Sengun 63 29 34 33 112.0 111.8 0.2 19.4 9.6 21.5 15.5 10.1 27.3 100.66
181 Brandon Ingram 63 38 25 33 115.7 111.1 4.6 21.8 2.4 14.7 8.7 9.7 27.4 99.77
188 Cade Cunningham 62 9 53 34 108.3 116.7 -8.4 23.6 1.8 12.8 7.3 10.8 30.5 101.99
188 Garrison Mathews 62 29 33 15 111.1 116.3 -5.2 12.5 1.9 9.2 5.4 6.8 11.2 101.76
188 Moses Moody 62 35 27 18 112.5 111.1 1.5 9.8 6.1 12.3 9.2 7.5 18.1 101.05
188 Dario Saric 62 33 29 17 112.1 114.6 -2.5 22.3 7.2 21.2 14.1 11.6 19.3 100.86
188 CJ McCollum 62 39 23 33 115.2 111.1 4.1 19.9 2.0 12.9 7.5 7.2 24.8 99.55
188 Haywood Highsmith 62 36 26 20 109.2 109.4 -0.2 15.6 5.2 12.0 8.6 7.2 12.5 98.49
194 Doug McDermott 61 20 41 14 110.0 120.5 -10.5 18.2 1.1 6.3 3.6 7.5 14.7 104.23
194 Dwight Powell 61 38 23 13 116.1 113.8 2.3 31.7 12.1 15.3 13.7 12.0 9.1 102.97
194 Santi Aldama 61 23 38 27 104.6 113.7 -9.1 17.0 4.7 19.9 11.9 8.5 18.1 99.55
194 Terry Rozier 61 22 39 33 109.7 116.6 -6.9 22.3 1.9 12.2 6.8 6.9 26.0 98.87
194 Sam Merrill 61 36 25 18 110.0 110.4 -0.5 20.3 2.3 10.4 6.4 3.6 17.6 98.16
199 Scottie Barnes 60 22 38 35 111.9 114.6 -2.7 23.0 7.2 19.0 12.9 10.4 24.7 101.98
199 KJ Martin 60 33 27 12 110.6 111.1 -0.6 18.1 6.0 13.6 9.7 11.3 13.2 101.14
199 Day'Ron Sharpe 60 24 36 15 112.0 108.0 4.0 17.0 18.7 26.9 22.8 13.8 19.0 99.99
199 Karl-Anthony Towns 60 41 19 33 115.1 107.5 7.6 12.7 5.7 22.9 14.8 12.0 27.5 99.45
199 Trendon Watford 60 24 36 13 109.7 114.3 -4.6 15.4 7.2 17.3 12.1 12.4 20.9 99.30
199 Caleb Martin 60 33 27 27 111.6 109.8 1.8 16.8 4.7 13.8 9.2 9.7 17.4 97.40
205 Bennedict Mathurin 59 33 26 26 114.0 116.5 -2.5 12.2 4.3 12.8 8.5 9.9 23.2 104.90
205 Isaiah Jackson 59 36 23 13 113.6 112.0 1.6 13.3 13.8 21.9 17.9 10.8 17.3 104.62
205 James Wiseman 59 8 51 17 104.2 118.2 -14.0 11.2 11.0 23.5 17.1 15.2 16.3 102.62
205 Jalen Duren 59 13 46 29 107.7 115.7 -7.9 16.1 12.0 31.6 21.8 13.9 18.2 102.56
205 Scoot Henderson 59 18 41 28 104.6 118.1 -13.4 22.9 3.1 9.9 6.3 14.7 25.9 101.25
205 JT Thor 59 14 45 12 106.4 111.1 -4.7 11.6 5.8 13.9 9.7 6.8 11.4 99.62
205 Larry Nance Jr. 59 33 26 20 112.9 108.6 4.3 26.1 8.6 20.3 14.5 11.5 11.5 99.46
205 Luke Kornet 59 46 13 15 118.9 111.6 7.3 20.5 13.6 15.2 14.4 7.1 10.8 96.68
213 Jalen Smith 58 34 24 17 117.3 118.6 -1.3 11.5 11.5 25.3 18.2 7.8 19.4 103.46
213 Amen Thompson 58 27 31 21 110.1 109.3 0.8 20.2 10.3 21.1 15.4 11.7 18.1 103.31
213 Kris Murray 58 12 46 20 104.9 110.7 -5.8 16.0 6.2 12.1 9.0 10.6 13.8 100.32
213 Goga Bitadze 58 33 25 16 109.1 109.1 0.0 21.7 12.8 20.6 16.6 11.7 12.8 99.42
213 Kyle Lowry 58 30 28 28 110.5 110.5 0.0 33.4 2.2 11.1 6.5 11.1 13.2 98.01
218 Gradey Dick 57 18 39 21 104.5 118.6 -14.1 12.4 2.3 9.7 5.8 8.7 16.9 102.77
218 Blake Wesley 57 16 41 14 106.0 113.3 -7.3 36.8 2.3 9.3 5.7 11.1 14.5 102.46
218 Josh Okogie 57 35 22 17 112.3 111.1 1.2 18.4 9.1 9.1 9.1 10.3 12.7 101.32
218 Daniel Theis 57 38 19 17 116.2 113.1 3.1 15.3 9.5 16.8 13.2 9.6 15.1 100.29
218 Dyson Daniels 57 31 26 22 116.5 110.8 5.7 28.9 5.2 14.0 9.6 10.6 12.8 99.80
218 Chris Duarte 57 34 23 12 111.3 113.9 -2.6 15.0 4.0 12.7 8.2 8.7 14.9 99.76
218 Nicolas Batum 57 33 24 25 116.8 110.9 5.9 29.4 5.2 13.1 9.2 9.5 8.8 99.49
218 Cameron Johnson 57 20 37 28 110.7 115.2 -4.4 16.1 3.6 14.0 8.5 6.5 19.5 98.82
226 RJ Barrett 56 26 30 32 113.2 115.7 -2.6 14.7 3.1 15.6 9.3 9.3 26.1 102.35
226 Kyrie Irving 56 37 19 35 117.4 111.8 5.6 18.1 2.4 13.1 7.8 6.5 28.4 102.27
226 Kristaps Porzingis 56 43 13 30 120.0 108.2 11.8 10.6 6.5 18.0 12.7 8.2 25.0 101.62
226 Lonnie Walker IV 56 23 33 17 111.6 110.9 0.6 11.1 1.3 12.5 6.9 8.1 24.3 101.07
226 Dennis Smith Jr. 56 19 37 19 109.7 109.6 0.0 32.0 5.3 12.7 8.9 10.7 17.9 98.87
226 Jimmy Butler 56 30 26 34 115.8 109.5 6.3 20.9 6.0 12.0 8.9 7.1 24.4 98.27
226 Vasilije Micic 56 32 24 20 112.8 112.6 0.2 34.3 1.5 6.9 4.3 12.7 19.4 97.87
226 Caleb Houstan 56 30 26 14 109.9 109.9 0.0 11.0 3.8 7.7 5.7 6.3 12.7 96.87
234 Onyeka Okongwu 55 23 32 26 116.8 118.5 -1.8 13.8 11.1 19.0 14.9 8.4 13.6 104.10
234 Jalen Johnson 55 27 28 34 113.8 114.7 -0.9 18.9 4.0 23.6 13.6 9.4 19.0 103.91
234 Lauri Markkanen 55 22 33 33 116.5 116.9 -0.5 9.2 7.4 19.8 13.6 6.4 24.6 102.96
234 Dereck Lively II 55 35 20 24 120.4 113.7 6.6 13.6 11.9 20.1 16.2 11.3 12.8 101.87
234 Jordan Clarkson 55 22 33 31 112.2 119.0 -6.8 20.9 3.2 9.3 6.2 11.0 26.1 101.85
234 Troy Brown Jr. 55 29 26 13 107.4 113.4 -6.0 17.9 3.6 16.2 9.9 9.3 14.7 101.16
234 John Konchar 55 18 37 21 105.0 111.2 -6.1 29.3 6.5 18.7 12.3 12.3 9.8 99.76
234 Bryce McGowens 55 9 46 15 104.7 115.3 -10.5 14.8 2.1 11.5 6.6 8.7 14.5 99.13
234 Dalen Terry 55 25 30 11 114.3 110.3 4.0 29.2 4.6 13.9 9.3 11.1 12.5 98.81
234 Jamal Murray 55 41 14 32 118.6 111.9 6.8 24.9 2.6 11.6 7.3 7.9 27.8 98.48
234 Darius Garland 55 29 26 34 112.5 111.5 1.0 25.3 1.9 6.9 4.5 11.9 25.6 98.44
245 Ben Sheppard 54 30 24 14 117.6 115.2 2.4 17.1 1.8 10.5 6.0 4.6 13.0 103.38
245 Josh Green 54 31 23 27 117.5 117.8 -0.3 22.3 3.0 10.6 6.8 10.2 13.1 102.22
245 De'Andre Hunter 54 26 28 29 116.2 117.1 -0.9 9.5 2.0 12.7 7.2 9.4 20.9 101.96
245 Trey Lyles 54 32 22 20 116.9 111.4 5.4 15.1 5.8 18.8 12.5 8.3 14.5 101.12
245 Chris Paul 54 30 24 26 113.7 109.7 4.0 41.4 1.4 14.3 7.9 7.9 15.8 100.30
245 Jerami Grant 54 17 37 34 105.9 115.1 -9.2 12.1 2.2 10.1 5.9 9.2 26.1 100.15
245 Dean Wade 54 36 18 21 113.0 102.2 10.8 14.0 3.7 17.8 10.8 6.5 10.4 100.07
245 Justin Holiday 54 35 19 15 113.6 109.5 4.0 24.5 1.3 8.0 4.7 5.1 10.5 99.52
245 Jordan Goodwin 54 30 24 18 105.6 109.1 -3.4 26.3 8.1 16.0 12.1 9.5 18.3 98.82
245 Zeke Nnaji 54 38 16 10 102.5 115.6 -13.1 13.9 11.8 11.6 11.7 12.1 15.8 98.77
245 AJ Green 54 33 21 11 114.7 111.9 2.8 12.6 1.8 10.3 6.2 4.6 16.1 98.37
245 Mo Bamba 54 27 27 13 106.5 111.5 -4.9 13.9 10.6 24.3 17.1 13.2 15.5 97.89
245 Jonathan Isaac 54 34 20 15 115.3 101.7 13.7 7.5 9.9 23.5 16.9 7.2 17.1 97.87
258 Draymond Green 53 32 21 27 114.9 109.9 5.0 37.2 5.8 22.2 14.2 15.4 15.4 103.74
258 Andre Jackson Jr. 53 31 22 10 115.5 119.0 -3.5 28.3 8.9 13.8 11.4 13.9 9.9 101.60
258 Donovan Mitchell 53 34 19 35 114.8 107.1 7.7 19.4 2.6 13.2 8.0 9.1 30.7 100.82
258 Bojan Bogdanovic 53 16 37 27 108.9 120.0 -11.1 10.4 1.7 10.5 5.9 10.9 24.9 100.56
258 Trey Murphy III 53 32 21 29 115.0 107.7 7.3 14.6 2.9 15.5 9.3 4.0 18.9 99.36
258 Keon Ellis 53 32 21 16 114.8 109.6 5.1 24.7 3.6 10.7 7.2 9.9 11.9 98.73
258 Keita Bates-Diop 53 29 24 13 110.7 114.0 -3.3 16.0 5.6 13.5 9.7 6.3 13.4 97.72
265 Khris Middleton 52 30 22 27 118.1 113.8 4.4 26.0 3.1 14.9 9.2 10.9 23.3 103.17
265 Dante Exum 52 34 18 20 120.6 111.0 9.6 28.7 2.6 12.2 7.6 9.2 15.6 102.34
265 Jock Landale 52 25 27 13 114.6 105.8 8.9 19.0 13.4 12.1 12.8 9.2 14.2 102.33
265 Vince Williams Jr. 52 18 34 28 106.3 110.5 -4.2 24.9 4.4 18.5 11.2 13.1 15.8 100.49
265 Jose Alvarado 52 35 17 18 116.9 105.1 11.8 22.0 2.9 11.2 7.1 7.8 17.6 100.17
265 Oshae Brissett 52 44 8 11 117.9 108.1 9.8 18.1 9.7 16.3 13.0 7.5 13.3 99.90
265 Jordan McLaughlin 52 33 19 11 112.1 101.6 10.5 38.6 3.0 10.5 6.7 6.6 12.5 99.28
265 Deandre Ayton 52 14 38 33 106.0 113.7 -7.7 9.6 11.0 28.2 19.3 10.3 21.0 99.15
265 Kessler Edwards 52 31 21 5 103.9 108.8 -4.9 13.7 3.4 14.9 8.5 2.9 14.7 98.72
274 Trae Young 51 22 29 37 116.0 118.3 -2.3 28.7 1.2 7.1 4.1 11.4 30.0 105.25
274 Ziaire Williams 51 20 31 20 101.1 112.6 -11.6 13.6 3.5 15.5 9.3 12.0 19.7 101.02
274 Kevin Love 51 28 23 17 114.9 108.5 6.4 21.1 6.8 33.7 19.9 8.2 21.0 99.65
274 Gary Harris 51 34 17 24 112.7 109.8 3.0 20.1 2.3 6.2 4.3 7.0 12.1 99.08
274 Dalano Banton 51 24 27 18 105.0 115.3 -10.4 17.2 4.7 14.6 9.5 10.1 24.9 99.05
274 Quentin Grimes 51 32 19 20 106.9 108.7 -1.8 14.9 1.6 9.0 5.2 6.3 15.9 98.50
274 Wendell Carter Jr. 51 29 22 26 110.3 107.7 2.6 15.0 9.1 23.7 16.3 10.5 17.5 98.27
281 Marvin Bagley III 50 7 43 21 108.7 116.2 -7.6 9.5 13.3 19.6 16.3 10.2 20.8 102.99
281 Christian Wood 50 28 22 17 110.5 108.6 1.8 12.1 5.5 25.7 16.4 12.4 17.9 102.03
281 Jakob Poeltl 50 21 29 26 112.6 113.0 -0.3 20.2 12.2 23.9 18.0 12.2 16.2 101.51
281 Chris Boucher 50 16 34 14 115.3 112.4 2.9 7.5 9.6 22.8 16.1 9.1 17.2 100.17
281 Xavier Tillman 50 28 22 19 107.6 108.7 -1.1 18.7 7.7 17.2 12.2 8.2 14.9 99.61
286 Mike Muscala 49 13 36 12 108.3 115.1 -6.8 16.3 6.5 15.8 11.0 8.8 13.8 101.88
286 Bradley Beal 49 30 19 33 115.6 113.1 2.5 22.7 3.5 10.8 7.3 11.1 22.8 100.55
286 Torrey Craig 49 20 29 20 109.3 118.2 -8.9 15.9 7.0 15.5 11.0 9.0 12.6 98.37
286 Craig Porter Jr. 49 29 20 13 112.2 114.3 -2.1 28.2 4.1 15.3 9.9 10.9 21.0 96.72
290 Jordan Nwora 48 14 34 14 103.9 117.5 -13.6 14.3 4.0 18.2 11.1 12.0 22.3 103.95
290 Shake Milton 48 32 16 12 106.3 110.1 -3.8 19.5 2.6 11.2 6.9 10.1 18.1 102.56
290 Talen Horton-Tucker 48 12 36 19 111.4 116.8 -5.3 24.2 2.4 11.1 6.7 8.5 23.8 101.68
290 Danilo Gallinari 48 15 33 13 110.5 118.1 -7.6 18.5 3.6 16.7 10.0 6.7 17.5 101.44
290 Gordon Hayward 48 22 26 25 110.7 118.4 -7.7 23.8 3.3 12.9 8.0 9.3 18.0 101.09
290 Marcus Morris Sr. 48 26 22 17 109.2 113.7 -4.5 10.6 3.0 16.1 9.2 8.5 16.5 99.29
290 Tristan Thompson 48 28 20 11 114.1 112.8 1.2 23.8 15.6 20.4 18.1 13.6 13.2 98.34
290 Nick Smith Jr. 48 8 40 14 100.1 115.1 -15.0 15.2 2.7 8.1 5.2 10.3 20.1 97.78
298 Johnny Davis 47 8 39 12 103.1 113.9 -10.8 15.5 3.3 9.9 6.4 4.4 11.7 105.42
298 Anthony Gill 47 9 38 8 113.0 109.8 3.2 13.7 9.1 12.8 11.0 11.7 17.9 103.83
298 Cam Reddish 47 27 20 21 109.5 111.7 -2.2 14.1 3.1 8.0 5.6 9.3 12.5 103.71
298 Jae Crowder 47 24 23 23 113.1 114.4 -1.3 18.6 2.7 12.8 7.6 5.8 11.3 101.97
298 Jalen McDaniels 47 12 35 10 100.2 115.5 -15.3 14.1 3.4 13.0 8.1 11.3 18.7 101.30
298 Julian Strawther 47 31 16 12 106.9 115.5 -8.6 15.6 1.0 10.8 5.8 7.0 20.0 101.25
298 Evan Mobley 47 27 20 31 111.2 109.5 1.7 18.3 8.2 24.9 16.8 10.2 20.6 100.57
298 Chimezie Metu 47 23 24 15 107.3 111.5 -4.2 12.5 6.2 20.0 13.4 13.5 16.9 99.88
306 MarJon Beauchamp 46 30 16 13 113.9 113.4 0.5 13.3 4.3 13.9 9.2 11.9 14.2 103.87
306 Landry Shamet 46 6 40 16 109.7 119.4 -9.7 14.3 2.3 7.3 4.6 7.9 18.9 103.37
306 Isaiah Stewart 46 9 37 31 109.4 113.9 -4.5 13.1 5.9 17.9 11.9 11.8 14.6 101.31
306 Julius Randle 46 29 17 35 116.8 113.2 3.6 16.9 6.9 21.9 14.5 11.7 29.1 100.35
306 OG Anunoby 46 27 19 34 115.9 106.4 9.5 13.7 3.2 10.2 6.8 9.8 17.4 100.17
306 Anfernee Simons 46 11 35 34 108.4 118.3 -9.9 19.7 1.5 11.1 6.0 9.7 28.3 99.45
306 Jaden Springer 46 30 16 10 110.0 114.1 -4.1 18.0 7.8 9.2 8.5 13.9 17.6 98.84
313 JaVale McGee 45 27 18 7 109.6 111.6 -1.9 7.9 12.7 26.7 19.6 16.8 21.7 103.83
314 Omer Yurtseven 44 15 29 10 102.8 117.0 -14.1 10.6 13.2 27.6 19.8 14.9 17.2 101.49
314 Seth Curry 44 25 19 14 110.3 107.4 2.9 15.6 3.2 8.9 6.1 7.4 16.7 100.96
314 Delon Wright 44 13 31 15 109.3 111.5 -2.1 34.6 2.7 10.4 6.5 3.8 13.1 100.86
314 Alex Len 44 23 21 9 118.2 102.9 15.3 27.2 11.5 21.1 16.2 15.2 12.1 100.38
314 GG Jackson 44 14 30 25 102.6 110.8 -8.2 8.3 4.5 13.2 8.8 9.3 23.1 100.37
314 Chuma Okeke 44 23 21 10 101.6 107.8 -6.2 12.9 4.4 16.6 10.1 10.2 13.6 96.27
314 Jericho Sims 44 29 15 13 107.2 110.2 -3.0 23.1 10.7 17.2 14.0 15.4 6.3 94.10
321 Cam Whitmore 43 16 27 18 108.5 113.1 -4.6 3.8 5.2 17.3 11.0 7.9 26.4 103.50
321 Gary Payton II 43 26 17 16 115.8 108.7 7.1 18.1 7.7 11.1 9.4 10.0 13.3 102.99
321 Ish Smith 43 6 37 17 101.8 118.6 -16.8 41.2 1.5 10.9 5.7 13.4 12.2 100.76
321 Josh Richardson 43 24 19 26 108.4 112.4 -4.0 20.5 1.9 10.8 6.3 7.0 16.5 99.30
321 Patrick Williams 43 19 24 27 114.1 113.9 0.1 12.9 4.3 11.8 7.9 11.2 16.6 98.33
326 Killian Hayes 42 7 35 24 106.4 116.8 -10.4 36.5 1.2 12.2 6.6 9.1 15.2 102.88
326 Sandro Mamukelashvili 42 9 33 8 109.8 104.7 5.1 22.7 11.1 20.0 15.4 6.2 16.6 102.79
326 Desmond Bane 42 14 28 34 106.2 113.7 -7.6 19.3 2.6 11.7 7.0 9.4 28.0 102.51
326 Nassir Little 42 26 16 11 105.8 111.0 -5.2 12.9 3.4 14.1 8.9 8.6 13.6 100.99
326 Mason Plumlee 42 28 14 14 117.8 114.2 3.7 18.7 10.6 27.2 19.3 12.0 14.5 100.45
326 Nikola Jovic 42 21 21 19 116.2 106.7 9.4 21.6 3.4 20.6 12.2 10.3 16.9 98.69
332 Bruno Fernando 41 20 21 15 108.6 112.0 -3.3 15.4 11.4 22.6 17.1 13.9 17.8 99.17
333 Eugene Omoruyi 40 5 35 9 98.4 113.2 -14.9 14.4 9.1 16.5 12.5 8.6 21.0 107.86
333 Cody Zeller 40 24 16 8 116.2 107.5 8.7 28.2 14.9 21.7 18.1 11.7 12.2 103.66
333 Richaun Holmes 40 13 27 14 107.8 115.1 -7.3 11.5 12.8 22.7 17.4 11.1 14.4 102.86
333 Sasha Vezenkov 40 21 19 12 113.5 113.5 0.1 8.6 6.8 14.9 10.7 5.4 17.6 102.23
333 Maxi Kleber 40 25 15 21 117.3 111.4 5.9 25.8 3.6 14.2 9.1 10.5 9.9 101.94
333 Reggie Bullock Jr. 40 21 19 10 109.4 114.8 -5.4 13.5 1.6 17.8 9.6 8.7 9.8 100.59
333 Bol Bol 40 26 14 11 112.4 108.1 4.3 9.0 7.8 22.3 15.6 9.0 16.3 99.64
333 Julian Phillips 40 20 20 8 113.2 113.8 -0.6 12.0 3.8 8.7 6.1 9.2 12.6 99.51
333 Davis Bertans 40 19 21 15 106.2 114.2 -8.1 12.5 1.6 9.1 5.2 5.5 17.3 98.93
333 Kobe Brown 40 26 14 8 112.7 118.0 -5.3 18.5 4.2 14.3 9.1 7.6 10.5 98.67
333 Jalen Wilson 40 13 27 15 112.3 113.0 -0.8 18.0 7.7 14.7 11.0 8.1 14.2 97.66
344 Luka Samanic 39 13 26 7 106.9 110.0 -3.1 6.8 4.6 22.2 13.7 10.8 20.4 106.23
344 Malcolm Brogdon 39 15 24 29 109.7 113.1 -3.4 26.1 2.7 12.3 7.4 7.3 23.2 100.57
344 Luke Kennard 39 15 24 26 105.5 115.5 -10.0 25.9 1.2 11.9 6.5 10.3 17.2 99.86
344 Markelle Fultz 39 24 15 21 109.5 106.8 2.7 24.1 7.4 10.6 9.0 9.6 18.6 99.48
344 Jacob Gilyard 39 12 27 17 104.4 117.3 -12.9 43.1 1.2 6.5 3.6 9.4 11.6 98.47
349 A.J. Lawson 38 25 13 7 114.5 107.3 7.1 11.2 4.4 10.2 7.2 7.4 18.5 105.18
349 Bismack Biyombo 38 18 20 20 108.1 113.2 -5.1 22.0 8.8 20.0 14.4 17.4 10.6 101.13
349 Tyler Herro 38 20 18 33 111.6 111.3 0.3 17.3 1.5 16.0 8.7 8.2 27.5 99.75
352 Jared Butler 37 6 31 13 107.1 110.4 -3.3 31.8 1.8 9.2 5.5 13.8 20.0 102.09
352 Joel Embiid 37 29 8 34 118.2 109.1 9.1 15.2 8.5 26.6 17.9 10.5 39.4 102.07
352 Thomas Bryant 37 21 16 11 112.7 111.5 1.3 11.0 10.1 26.0 18.0 9.5 19.0 98.81
352 Lamar Stevens 37 22 15 14 104.3 104.2 0.1 8.4 6.7 17.2 11.9 7.8 22.2 98.67
352 Svi Mykhailiuk 37 30 7 9 118.2 106.0 12.3 18.7 3.2 9.8 6.7 6.9 15.6 97.26
352 Tre Mann 37 19 18 23 105.7 111.7 -6.0 28.4 2.5 15.3 9.1 12.0 18.7 97.00
352 Damian Jones 37 23 14 7 98.8 113.5 -14.7 14.3 9.1 19.8 14.4 12.4 16.3 94.71
359 Taylor Hendricks 36 11 25 21 108.3 117.7 -9.4 8.6 5.9 17.8 11.9 9.3 14.3 102.58
359 De'Anthony Melton 36 23 13 28 119.8 111.2 8.6 20.7 3.0 12.3 7.6 7.3 17.8 102.43
359 Olivier-Maxence Prosper 36 22 14 7 106.6 114.6 -8.1 17.4 6.9 17.7 11.9 4.3 14.8 102.28
359 Skylar Mays 36 13 23 12 102.6 116.7 -14.1 31.2 2.4 9.7 5.7 7.4 18.5 99.12
359 DeAndre Jordan 36 24 12 11 105.0 114.2 -9.2 15.7 14.4 27.6 21.0 13.9 15.2 98.34
359 Trent Forrest 36 18 18 11 107.4 115.6 -8.1 43.6 2.8 11.5 6.9 9.2 12.7 97.29
365 Patrick Baldwin Jr. 35 6 29 11 105.8 106.5 -0.7 12.4 3.9 22.9 13.1 9.5 16.2 104.84
365 Furkan Korkmaz 35 22 13 9 116.3 111.4 4.9 20.9 1.4 9.8 5.5 8.3 13.1 103.77
365 Wesley Matthews 35 11 24 12 108.6 114.5 -5.9 16.1 2.3 12.5 7.1 5.9 12.2 101.92
365 Lester Quinones 35 22 13 11 110.1 110.4 -0.3 17.3 5.5 14.3 9.8 8.4 17.2 100.92
365 Rayan Rupert 35 7 28 14 103.0 115.1 -12.1 22.7 3.8 13.7 8.3 12.3 13.5 100.42
365 Jeremiah Robinson-Earl 35 19 16 9 109.7 110.2 -0.4 16.0 7.4 17.0 12.2 11.4 14.6 100.30
365 Lindy Waters III 35 22 13 7 104.8 111.9 -7.1 17.3 3.0 13.3 8.1 5.2 16.8 99.69
372 Danuel House Jr. 34 21 13 15 109.8 108.5 1.3 16.3 3.3 9.0 6.1 11.0 12.0 101.43
372 Yuta Watanabe 34 18 16 14 106.8 115.2 -8.5 9.5 2.7 9.8 6.4 12.1 13.3 100.06
372 Bones Hyland 34 19 15 13 108.0 111.6 -3.6 23.8 1.0 8.1 4.6 12.2 23.8 98.81
375 Dominick Barlow 33 7 26 13 114.1 116.8 -2.7 20.4 11.1 18.9 14.8 5.1 14.2 101.29
375 Orlando Robinson 33 18 15 9 113.6 110.9 2.8 25.2 11.7 22.0 17.0 13.3 14.9 97.62
377 Shaedon Sharpe 32 8 24 33 103.6 114.0 -10.3 14.4 4.2 13.5 8.5 11.0 22.4 101.61
377 Jake LaRavia 32 8 24 21 102.2 108.7 -6.5 12.6 7.1 10.7 8.9 9.4 19.9 100.76
377 Maxwell Lewis 32 17 15 3 77.4 114.8 -37.4 14.7 2.0 2.2 2.1 26.5 12.8 98.72
380 Kevin Knox II 31 4 27 18 109.1 115.8 -6.7 9.6 3.4 12.6 7.6 9.1 16.2 103.92
380 Jarace Walker 31 16 15 11 119.4 117.3 2.1 23.8 4.2 17.1 10.5 9.8 15.9 103.04
380 Ousmane Dieng 31 19 12 11 109.6 108.5 1.1 20.5 3.2 12.7 8.0 10.6 16.4 100.53
380 Terry Taylor 31 12 19 6 109.9 106.6 3.4 17.2 9.9 11.0 10.5 12.0 11.3 97.83
384 Patty Mills 30 14 16 13 111.4 108.6 2.7 18.6 2.3 7.3 4.6 9.0 15.6 100.14
384 Thaddeus Young 30 10 20 14 115.2 117.7 -2.5 31.0 11.6 15.5 13.6 7.3 13.0 99.23
384 Thanasis Antetokounmpo 30 19 11 5 103.5 112.7 -9.2 26.5 6.9 4.8 5.8 22.7 12.9 98.97
384 Justin Minaya 30 3 27 9 102.2 106.9 -4.7 17.7 6.4 9.4 7.8 9.5 9.8 97.09
388 Josh Minott 29 22 7 3 105.4 100.3 5.1 14.8 4.8 18.1 10.9 4.2 19.5 108.52
388 Jarred Vanderbilt 29 14 15 20 113.6 109.0 4.7 18.6 8.3 18.8 13.7 14.4 11.5 104.08
388 Ricky Council IV 29 12 17 9 112.9 112.1 0.9 9.6 5.9 12.7 9.2 2.6 22.2 102.18
388 Monte Morris 29 19 10 15 111.8 102.5 9.3 29.0 1.7 11.3 6.3 3.2 15.7 100.02
388 Robert Covington 29 20 9 17 114.7 103.5 11.1 16.6 7.3 14.3 11.0 7.6 10.7 99.29
393 Evan Fournier 28 7 21 17 97.4 108.0 -10.6 16.6 0.9 10.1 5.5 7.1 19.2 101.78
393 Brice Sensabaugh 28 6 22 18 109.1 124.7 -15.6 17.6 2.8 17.5 10.0 15.1 20.0 101.48
393 Cody Martin 28 7 21 27 105.6 115.5 -9.9 27.5 2.7 13.8 8.0 11.7 16.1 99.09
393 P.J. Tucker 28 13 15 16 111.9 113.0 -1.2 22.0 6.6 12.7 9.7 11.7 5.5 97.92
393 Brandon Boston Jr. 28 16 12 9 106.4 120.9 -14.5 5.1 4.6 10.1 7.3 8.0 23.0 97.70
398 Kira Lewis Jr. 27 10 17 9 101.8 109.1 -7.3 25.1 3.3 6.4 4.9 9.6 18.2 102.53
398 Mitchell Robinson 27 15 12 26 114.3 114.9 -0.7 9.7 19.9 19.8 19.8 13.4 10.1 97.75
398 Colby Jones 27 14 13 7 110.3 102.5 7.8 19.1 8.8 13.8 11.2 7.4 18.4 96.75
401 Jontay Porter 26 6 20 14 107.6 114.6 -7.0 31.1 7.8 18.1 12.8 10.9 15.8 103.28
401 Matt Ryan 26 13 13 15 108.6 107.1 1.5 11.0 1.6 8.8 5.2 12.2 15.0 103.27
401 Cory Joseph 26 10 16 11 115.4 117.2 -1.8 34.7 2.1 9.4 5.6 9.9 11.2 101.66
401 Neemias Queta 26 22 4 11 128.8 111.4 17.4 11.9 17.1 21.4 19.3 8.5 14.9 96.58
405 Nathan Mensah 25 3 22 12 94.2 115.9 -21.8 16.0 9.8 14.5 11.9 24.9 6.8 99.52
405 Zach LaVine 25 10 15 35 109.0 113.8 -4.8 17.2 1.0 15.3 8.1 9.1 24.4 98.94
405 Jalen Pickett 25 18 7 5 107.9 109.0 -1.1 30.4 1.0 11.1 6.5 13.7 17.8 95.90
408 Stanley Umude 24 4 20 13 104.0 113.9 -9.8 8.9 3.0 14.9 9.2 11.4 15.7 103.75
408 Derrick Rose 24 6 18 17 103.6 106.3 -2.7 27.3 1.9 10.3 6.0 10.8 22.7 102.30
408 Garrett Temple 24 5 19 9 98.5 115.5 -17.0 18.1 5.4 11.1 8.3 10.6 14.7 102.13
408 Collin Gillespie 24 15 9 9 114.1 108.7 5.4 23.4 0.5 9.3 4.9 12.1 17.3 98.97
408 Aleksej Pokusevski 24 12 12 14 104.5 113.6 -9.0 18.8 5.5 18.1 11.8 9.7 17.2 97.95
413 Luka Garza 23 17 6 5 106.8 111.1 -4.3 4.4 12.9 12.1 12.6 6.5 30.5 105.24
413 Isaiah Livers 23 1 22 20 106.1 124.1 -17.9 15.2 3.4 8.4 5.8 9.7 12.6 104.09
413 Jamal Cain 23 12 11 11 108.1 109.5 -1.4 9.3 6.5 9.7 8.0 7.5 16.6 99.22
413 Leaky Black 23 1 22 10 103.9 113.0 -9.1 26.7 3.6 14.8 9.1 7.0 9.9 98.05
417 Wendell Moore Jr. 22 17 5 3 98.9 108.6 -9.7 21.7 0.0 16.4 7.9 13.0 10.7 110.42
417 LaMelo Ball 22 7 15 32 111.3 119.5 -8.1 24.2 4.2 14.0 8.8 11.4 32.4 103.56
417 Markieff Morris 22 13 9 8 105.2 116.2 -11.0 15.4 2.5 16.8 9.6 12.9 16.1 103.14
417 Tari Eason 22 12 10 22 111.8 101.6 10.2 10.8 10.4 23.2 16.9 8.0 19.4 102.54
417 Harry Giles III 22 10 12 5 109.6 128.2 -18.6 8.9 12.0 18.8 15.1 8.9 24.6 101.65
417 Saben Lee 22 13 9 8 109.8 102.1 7.7 27.5 5.9 12.7 9.5 7.3 19.6 99.18
417 Admiral Schofield 22 15 7 4 93.8 98.7 -4.9 17.2 2.7 18.6 10.4 11.5 16.8 98.33
424 Gui Santos 21 15 6 8 110.5 112.8 -2.3 17.2 9.6 17.0 13.4 10.1 14.0 102.12
424 Ibou Badji 21 5 16 10 93.2 114.0 -20.8 24.9 10.1 17.3 13.5 26.8 7.8 101.42
424 Jerome Robinson 21 16 5 4 114.0 101.6 12.4 11.8 1.3 7.0 4.0 4.7 20.1 101.09
424 Jalen Hood-Schifino 21 10 11 5 91.4 114.9 -23.5 11.3 2.0 10.7 6.3 12.7 25.1 100.76
424 Trey Jemison 21 5 16 21 102.6 113.9 -11.3 11.6 13.6 13.5 13.6 17.8 14.2 98.80
424 Onuralp Bitim 21 9 12 12 109.1 113.9 -4.9 13.9 2.8 11.2 6.9 7.5 14.7 98.38
430 Marcus Smart 20 7 13 30 106.8 106.6 0.2 21.0 1.1 8.3 4.7 15.1 22.8 104.71
430 Nate Williams 20 9 11 5 115.1 108.6 6.5 12.9 9.8 8.0 8.9 3.7 17.7 102.42
430 Moses Brown 20 4 16 9 102.2 123.8 -21.6 8.9 18.1 26.8 22.2 10.1 17.4 99.92
430 Noah Clowney 20 9 11 13 106.4 110.5 -4.1 12.7 8.0 20.5 13.9 9.8 14.4 99.80
430 Ryan Arcidiacono 20 15 5 2 88.2 84.3 3.9 33.3 0.0 14.5 8.5 16.7 8.3 94.91
435 Charles Bassey 19 3 16 11 105.9 117.1 -11.2 26.7 11.8 30.6 20.7 19.1 11.5 105.11
435 Devonte' Graham 19 5 14 12 111.5 105.6 5.8 28.9 1.4 13.6 7.1 7.0 17.6 102.70
435 Mark Williams 19 7 12 27 114.7 114.0 0.7 10.1 15.5 23.5 19.4 7.8 16.3 101.25
435 Braxton Key 19 13 6 3 100.8 108.2 -7.4 30.4 5.9 24.5 15.4 3.4 16.1 99.54
439 AJ Griffin 18 8 10 7 111.5 120.0 -8.6 7.2 1.7 11.2 6.2 10.7 16.5 106.71
439 Kenneth Lofton Jr. 18 5 13 7 102.4 108.3 -5.9 17.8 2.5 15.0 8.3 10.2 22.4 104.55
439 Javon Freeman-Liberty 18 3 15 17 99.7 122.0 -22.2 18.8 3.9 18.0 10.5 12.3 17.9 102.38
439 Jay Huff 18 14 4 3 100.1 107.0 -6.9 10.6 2.5 20.5 11.9 5.3 16.4 101.93
439 Taj Gibson 18 7 11 10 104.4 111.1 -6.6 21.0 6.2 12.6 9.4 11.7 8.3 99.14
439 Chris Livingston 18 11 7 4 116.2 120.3 -4.0 17.9 3.6 21.3 12.9 14.3 14.4 98.66
439 Vit Krejci 18 9 9 25 117.3 117.7 -0.4 29.7 1.7 8.6 5.0 9.7 9.1 98.10
439 Ashton Hagans 18 3 15 17 103.0 109.0 -6.0 32.6 4.9 11.5 8.1 18.9 14.7 96.95
447 Theo Maledon 17 5 12 13 108.7 121.7 -13.0 22.8 1.9 10.9 6.0 14.7 18.0 103.86
447 Jules Bernard 17 2 15 7 109.0 106.5 2.6 18.2 5.6 9.4 7.4 5.6 19.3 103.82
447 Tosan Evbuomwan 17 1 16 22 103.3 118.7 -15.5 15.0 5.3 13.5 9.2 8.4 10.9 99.40
447 Scotty Pippen Jr. 17 5 12 24 104.2 113.8 -9.5 26.8 3.9 9.3 6.5 15.6 21.9 99.40
447 DaQuan Jeffries 17 11 6 3 90.8 101.5 -10.7 19.3 0.0 10.0 5.2 11.6 20.8 97.72
452 Udoka Azubuike 16 12 4 7 109.1 119.0 -9.8 8.4 10.6 21.2 15.8 11.2 12.6 103.11
452 Joe Harris 16 4 12 11 107.4 120.8 -13.4 18.6 2.0 6.6 4.3 7.4 10.9 102.24
452 Robin Lopez 16 10 6 4 101.8 114.0 -12.2 15.5 4.8 3.8 4.3 7.7 14.8 101.95
452 Dylan Windler 16 9 7 5 113.7 106.6 7.1 27.3 1.4 15.4 8.8 3.0 13.3 99.97
452 Johnny Juzang 16 3 13 17 112.8 115.3 -2.5 13.4 2.8 9.7 6.2 7.2 15.3 98.52
457 Otto Porter Jr. 15 6 9 12 110.3 109.2 1.2 18.1 3.8 14.6 9.2 4.5 8.6 103.25
457 Ben Simmons 15 7 8 24 109.9 112.5 -2.6 44.4 8.7 26.8 17.3 13.9 12.8 102.32
457 Jett Howard 15 8 7 4 100.3 102.3 -2.0 9.8 2.3 9.6 6.3 6.5 22.5 101.93
457 Hunter Tyson 15 11 4 3 113.7 102.2 11.5 8.7 2.8 18.6 11.4 8.7 21.9 100.64
457 Cole Swider 15 6 9 6 102.9 114.5 -11.5 8.2 1.3 8.3 4.6 16.4 23.6 95.70
462 Leonard Miller 14 12 2 3 98.9 99.6 -0.7 29.2 7.1 33.3 19.2 4.2 16.0 107.92
462 Micah Potter 14 2 12 11 103.3 108.0 -4.7 11.7 5.4 18.4 11.7 9.4 10.6 99.12
462 Olivier Sarr 14 7 7 7 112.7 107.3 5.3 6.5 13.2 25.8 20.2 9.8 13.3 97.61
462 James Bouknight 14 0 14 6 107.3 119.5 -12.2 12.0 1.4 13.1 6.7 4.0 24.5 96.69
462 Colin Castleton 14 8 6 4 87.5 126.6 -39.1 13.9 9.1 14.0 11.2 13.9 15.2 95.06
467 Terquavion Smith 13 5 8 6 116.9 119.3 -2.4 18.2 0.0 4.8 2.2 8.3 25.3 111.92
467 Daishen Nix 13 10 3 4 123.0 98.1 24.9 15.7 0.0 5.4 2.4 9.4 23.5 109.28
467 Nate Hinton 13 6 7 5 117.3 106.3 11.0 17.5 10.0 16.4 13.4 8.8 18.6 103.81
467 Justin Champagnie 13 3 10 15 104.9 120.1 -15.3 16.8 8.2 14.6 11.1 10.5 16.4 103.62
467 Brandon Williams 13 8 5 5 98.1 113.3 -15.2 28.0 4.4 6.9 5.6 7.0 21.8 102.65
467 Kobe Bufkin 13 8 5 11 101.5 103.7 -2.2 24.5 2.2 13.8 8.1 6.4 21.2 102.54
467 Boban Marjanovic 13 8 5 5 105.1 125.3 -20.2 12.9 13.2 31.5 22.4 7.7 24.2 102.08
467 Jared Rhoden 13 1 12 12 108.2 114.3 -6.2 18.8 1.6 13.7 7.9 10.3 14.1 98.55
467 Trevelin Queen 13 5 8 13 111.4 106.5 4.9 26.4 2.3 11.2 7.0 10.3 14.5 97.70
467 Kendall Brown 13 8 5 4 85.9 111.7 -25.7 20.5 5.6 2.3 4.1 5.1 12.9 97.14
467 Emoni Bates 13 7 6 8 97.8 123.3 -25.5 14.7 1.1 12.2 6.5 4.2 18.7 96.51
478 Jermaine Samuels Jr. 12 6 6 5 108.8 121.1 -12.2 12.6 5.9 19.6 12.4 0.0 10.5 101.19
479 Ryan Rollins 11 1 10 6 117.3 82.3 35.0 21.8 3.5 13.6 8.9 13.9 23.6 109.73
479 Jaylen Nowell 11 3 8 18 106.0 105.6 0.5 18.2 3.3 8.8 6.0 6.1 18.1 100.74
479 Juan Toscano-Anderson 11 7 4 5 102.2 104.5 -2.4 22.2 7.5 18.2 13.0 11.1 11.2 100.06
479 Moussa Diabate 11 7 4 6 122.7 115.1 7.6 12.8 25.9 15.8 20.9 6.4 17.8 96.93
483 T.J. Warren 10 6 4 12 115.5 96.1 19.4 16.1 3.9 14.4 8.9 7.2 15.4 104.81
483 Mouhamadou Gueye 10 0 10 10 77.8 111.5 -33.7 7.9 12.0 8.2 10.0 23.8 21.0 102.90
483 Ish Wainright 10 2 8 6 84.9 89.8 -4.9 3.6 4.2 19.3 10.9 7.2 18.3 102.31
483 Armoni Brooks 10 3 7 10 125.8 115.2 10.6 9.1 6.8 10.6 8.7 5.5 19.5 98.77
483 Xavier Moon 10 6 4 4 79.6 122.1 -42.5 26.0 7.3 8.6 7.9 14.9 22.0 96.61
483 Jalen Slawson 10 7 3 3 105.3 116.7 -11.4 22.2 3.3 22.2 12.3 22.2 9.4 93.39
489 Tristan Vukcevic 9 3 6 15 107.8 100.0 7.8 14.9 5.4 20.7 13.9 8.7 22.4 104.24
489 Ja Morant 9 6 3 35 109.9 109.7 0.2 24.5 2.1 15.3 8.8 9.1 30.5 102.22
489 DeJon Jarreau 9 2 7 17 99.1 109.7 -10.5 28.9 4.9 26.3 14.7 10.0 17.2 101.86
489 Dru Smith 9 7 2 15 98.0 110.4 -12.4 26.5 4.5 6.6 5.5 9.5 13.0 100.35
489 Keyontae Johnson 9 7 2 7 100.2 108.2 -8.0 16.7 7.0 10.5 8.8 16.7 13.1 99.19
489 Seth Lundy 9 2 7 6 110.0 116.8 -6.8 0.0 2.4 13.0 8.0 5.1 17.9 98.04
489 Jeff Dowtin Jr. 9 4 5 13 111.9 106.1 5.8 37.5 3.0 14.3 8.7 9.4 13.2 94.80
489 Jacob Toppin 9 2 7 4 95.9 128.3 -32.4 21.6 8.8 17.4 12.3 7.2 13.2 92.67
497 Sidy Cissoko 8 2 6 5 99.7 89.5 10.2 0.0 0.0 15.9 8.0 18.6 10.2 108.18
497 Oscar Tshiebwe 8 2 6 5 115.0 102.9 12.1 7.8 17.8 25.8 21.1 0.0 20.7 106.04
497 Jordan Miller 8 5 3 4 102.0 116.8 -14.9 0.0 11.5 6.7 8.9 9.2 16.3 103.28
497 Gabe Vincent 8 5 3 21 104.7 103.4 1.3 29.1 2.0 2.5 2.2 6.5 11.1 103.02
497 E.J. Liddell 8 3 5 3 105.6 112.8 -7.2 10.1 0.0 23.8 11.9 20.2 16.4 102.81
497 James Johnson 8 3 5 5 119.6 118.1 1.4 33.5 2.5 11.1 6.0 19.2 14.2 101.50
497 R.J. Hampton 8 3 5 10 114.9 107.2 7.7 30.9 3.1 5.1 4.2 11.6 10.1 100.29
497 Matt Hurt 8 2 6 14 97.7 105.6 -7.9 9.7 8.2 6.9 7.5 4.8 13.8 98.45
497 Amari Bailey 8 0 8 4 108.8 104.8 4.0 12.6 7.7 0.0 3.8 6.3 20.0 97.83
497 Charlie Brown Jr. 8 2 6 5 102.9 112.5 -9.5 0.0 2.6 3.2 2.9 16.7 14.3 94.47
497 Isaiah Mobley 8 1 7 7 106.6 117.6 -11.0 30.0 0.0 15.0 7.0 5.0 12.5 92.19
508 Marques Bolden 7 3 4 8 105.3 98.1 7.3 0.0 8.9 27.8 19.2 9.2 9.1 102.96
508 Jahmi'us Ramsey 7 0 7 17 102.2 111.4 -9.3 13.6 3.6 14.9 9.4 11.9 18.4 101.69
508 TyTy Washington Jr. 7 3 4 4 81.5 89.7 -8.3 7.7 2.9 7.1 4.8 15.4 16.8 101.21
508 Maozinha Pereira 7 2 5 17 99.8 97.3 2.4 4.3 8.6 23.0 15.4 10.8 14.9 100.70
508 Buddy Boeheim 7 0 7 10 114.6 99.1 15.5 9.9 1.5 10.0 5.9 0.0 17.8 99.57
508 D'Moi Hodge 7 1 6 6 91.0 133.5 -42.5 22.9 0.0 0.0 0.0 4.6 18.4 97.02
508 Jordan Walsh 7 7 0 7 124.6 94.8 29.8 26.7 9.1 19.2 14.6 13.3 10.4 89.89
515 Greg Brown III 6 3 3 7 105.2 109.9 -4.8 17.4 6.7 13.3 10.0 17.4 18.4 111.67
515 Dereon Seabron 6 3 3 9 116.3 92.8 23.5 24.2 2.3 9.4 6.5 0.0 12.1 104.20
515 Robert Williams III 6 2 4 20 102.2 113.3 -11.1 11.9 8.9 26.5 16.8 16.7 13.0 101.62
515 Adama Sanogo 6 1 5 3 96.5 15.2 81.4 0.0 20.0 50.0 33.3 15.8 17.5 100.55
515 Jamaree Bouyea 6 0 6 10 80.1 102.7 -22.6 21.6 3.1 17.8 9.2 21.6 20.7 100.32
515 Mamadi Diakite 6 5 1 4 95.5 87.0 8.5 17.2 4.0 11.1 7.7 8.6 17.8 95.82
515 JD Davison 6 6 0 2 131.6 80.8 50.8 20.5 10.0 15.4 13.0 0.0 15.8 92.36
515 Jordan Ford 6 2 4 4 139.7 108.3 31.4 18.4 0.0 10.5 5.4 9.2 19.5 90.38
515 Pete Nance 6 2 4 2 82.7 85.1 -2.4 0.0 0.0 20.0 11.1 25.8 17.0 78.27
524 Frank Ntilikina 5 0 5 9 116.5 121.7 -5.2 26.9 2.3 12.5 7.1 6.7 10.9 101.95
524 Wenyen Gabriel 5 1 4 16 84.6 95.5 -10.8 8.5 8.8 25.4 16.6 22.7 16.7 101.36
524 Brandon Clarke 5 2 3 22 104.8 104.1 0.7 14.5 11.3 21.2 15.5 4.8 19.9 101.26
524 Jason Preston 5 1 4 10 110.9 104.5 6.5 48.1 8.3 15.2 11.7 7.4 12.7 100.31
524 Darius Bazley 5 0 5 15 110.8 124.2 -13.4 16.6 4.1 15.4 8.7 20.8 12.0 97.62
524 Javonte Green 5 3 2 21 113.1 101.2 11.9 9.2 10.3 23.0 17.1 11.5 16.6 96.66
530 Dexter Dennis 4 1 3 8 89.9 102.5 -12.7 14.6 2.6 23.5 12.3 11.0 29.8 116.10
530 D.J. Carton 4 2 2 9 86.8 122.9 -36.1 21.1 5.7 4.8 5.2 7.0 13.7 104.66
530 Alondes Williams 4 3 1 3 71.4 113.6 -42.2 0.0 0.0 10.0 5.0 18.4 20.0 103.91
530 Usman Garuba 4 3 1 3 81.2 158.5 -77.3 14.3 20.0 0.0 14.3 14.3 21.1 103.14
530 Kobi Simmons 4 0 4 17 91.7 117.1 -25.4 35.3 1.9 10.5 6.4 2.9 14.7 100.10
530 Alex Fudge 4 1 3 4 66.1 137.6 -71.5 0.0 16.7 0.0 8.0 12.7 23.7 98.48
530 Mason Jones 4 2 2 6 102.1 95.5 6.6 36.0 3.7 21.1 10.9 7.2 16.4 98.21
530 Keon Johnson 4 0 4 13 123.3 143.9 -20.5 9.9 6.1 6.3 6.2 13.2 22.5 97.41
530 Isaiah Thomas 4 3 1 3 96.9 119.9 -22.9 25.0 0.0 0.0 0.0 0.0 23.3 94.87
530 Pat Spencer 4 2 2 2 71.1 155.8 -84.7 66.7 0.0 0.0 0.0 0.0 5.0 87.12
540 Taze Moore 3 1 2 3 130.4 106.8 23.6 14.3 0.0 0.0 0.0 14.3 20.6 125.48
540 Mouhamed Gueye 3 2 1 3 28.0 133.3 -105.3 0.0 8.3 0.0 6.3 20.0 23.9 108.56
540 Malik Williams 3 2 1 13 72.4 112.1 -39.7 11.1 2.6 12.5 8.1 11.1 8.7 105.39
540 Shaquille Harrison 3 1 2 2 50.0 128.8 -78.8 0.0 0.0 50.0 20.0 0.0 16.7 101.36
540 Zavier Simpson 3 1 2 24 97.1 95.0 2.1 27.0 3.8 6.1 4.8 14.7 16.1 99.51
540 Filip Petrusev 3 2 1 3 114.6 89.5 25.1 0.0 0.0 8.3 5.9 0.0 15.0 95.59
540 Lindell Wigginton 3 3 0 3 79.3 128.7 -49.4 0.0 0.0 0.0 0.0 14.5 49.6 94.99
540 Andrew Funk 3 1 2 1 142.9 42.9 100.0 0.0 0.0 0.0 0.0 0.0 11.1 83.31
548 Joshua Primo 2 2 0 5 96.7 89.3 7.4 0.0 12.5 0.0 5.3 57.1 28.3 113.42
548 Dariq Whitehead 2 1 1 12 108.6 161.5 -52.9 33.8 0.0 19.0 8.7 0.0 9.3 107.63
548 Danny Green 2 1 1 9 110.8 118.0 -7.1 33.3 0.0 11.8 6.9 0.0 4.4 106.98
548 Kevon Harris 2 1 1 3 156.7 142.0 14.7 20.0 0.0 28.6 22.2 20.0 31.3 106.47
548 Hamidou Diallo 2 1 1 2 78.7 57.1 21.6 25.0 20.0 0.0 13.3 25.0 19.4 102.06
548 Ty Jerome 2 1 1 7 107.5 152.5 -45.0 37.5 7.1 0.0 4.2 12.5 15.3 97.06
548 Henri Drell 2 0 2 2 137.5 101.4 36.1 50.0 33.3 0.0 20.0 16.7 33.3 92.78
548 D.J. Wilson 2 1 1 8 130.8 115.2 15.6 25.0 8.3 9.1 8.7 0.0 19.7 88.51
548 Dmytro Skapintsev 2 0 2 1 75.0 87.2 -12.2 0.0 0.0 0.0 0.0 0.0 25.0 83.70
548 Justin Jackson 2 2 0 0 0.0 0.0 0.0 0.0 0.0 0.0 0.0 0.0 0.0 68.57
558 Ron Harper Jr. 1 1 0 4 100.0 155.1 -55.1 100.0 0.0 0.0 0.0 0.0 0.0 124.67
558 Izaiah Brockington 1 1 0 3 127.1 121.0 6.2 0.0 14.3 16.7 15.4 0.0 37.2 119.74
558 Quenton Jackson 1 1 0 2 0.0 123.0 -123.0 0.0 0.0 50.0 25.0 0.0 0.0 117.31
558 Adam Flagler 1 1 0 6 105.5 100.0 5.5 25.0 0.0 0.0 0.0 0.0 22.5 110.49
558 Malcolm Cazalon 1 0 1 3 174.1 120.0 54.1 0.0 0.0 0.0 0.0 0.0 0.0 105.17
558 Kaiser Gates 1 0 1 7 80.2 94.5 -14.2 0.0 0.0 10.0 5.0 0.0 22.0 103.58
558 Timmy Allen 1 0 1 26 81.3 117.5 -36.1 0.0 0.0 9.5 3.9 14.3 11.2 94.58
558 Jalen Crutcher 1 1 0 3 120.0 91.9 28.1 0.0 0.0 0.0 0.0 0.0 20.0 94.55
558 Markquis Nowell 1 0 1 4 133.1 71.4 61.7 51.5 50.0 0.0 28.6 0.0 21.5 93.91
558 Drew Peterson 1 1 0 3 160.0 123.0 37.0 50.0 0.0 0.0 0.0 0.0 20.0 92.99
558 Isaiah Wong 1 1 0 4 75.0 139.6 -64.6 0.0 0.0 0.0 0.0 0.0 37.5 88.98
558 Javonte Smart 1 1 0 1 0.0 300.0 -300.0 0.0 0.0 0.0 0.0 0.0 0.0 72.00