PLAYER TEAM AGE GP W L MIN PTS
OFF TO 2ND
PTS FBPS PITP OPP PTS
OFF TO OPP
2ND PTS OPP
FBPS OPP
PITP BLK BLKA PF PFD





1 Buddy Hield PHI 31 73 38 35 26.3 2.6 1.1 2.5 3.1 8.9 7.9 8.0 31.1 0.5 0.4 2.1 0.4
2 Obi Toppin IND 26 72 40 32 21.5 1.7 1.3 2.1 5.4 7.4 6.2 7.0 27.6 0.5 0.4 1.8 1.1
3 Andre Drummond CHI 30 71 34 37 17.0 1.3 3.3 0.3 6.6 5.7 5.0 4.6 15.3 0.6 0.6 1.8 2.4
3 Austin Reaves LAL 25 71 39 32 31.8 1.9 0.8 2.3 6.1 10.8 9.5 10.8 34.0 0.2 0.6 1.8 3.0
3 Bobby Portis MIL 29 71 46 25 24.3 1.6 2.3 1.0 6.3 6.8 6.9 6.8 26.1 0.4 0.4 2.3 1.3
3 Christian Braun DEN 22 71 50 21 19.4 1.2 0.6 1.6 3.6 6.8 6.0 4.7 19.5 0.4 0.5 1.7 1.1
3 Collin Sexton UTA 25 71 29 42 26.1 3.1 2.0 3.5 8.6 10.3 7.1 10.0 27.7 0.2 1.4 1.9 3.7
3 Dennis Schroder BKN 30 71 24 47 30.8 1.7 1.1 0.9 4.5 9.8 9.2 9.1 32.9 0.2 0.8 2.0 2.2
3 Georges Niang CLE 30 71 43 28 22.5 0.7 0.6 1.0 2.9 7.9 6.2 6.7 21.7 0.2 0.2 2.3 0.7
3 Jeremy Sochan SAS 20 71 15 56 29.6 1.4 1.6 1.7 6.8 12.0 8.4 8.9 34.6 0.5 0.9 2.3 1.7
3 Jonas Valanciunas NOP 31 71 44 27 24.3 1.0 3.0 0.3 7.8 7.5 6.3 7.1 22.8 0.9 0.6 2.8 2.4
3 Mikal Bridges BKN 27 71 26 45 35.2 2.9 1.9 2.7 7.2 11.1 10.4 11.3 35.8 0.4 0.6 1.5 3.4
3 Nickeil Alexander-Walker MIN 25 71 49 22 23.6 1.1 0.7 0.9 2.2 7.5 6.1 6.1 22.1 0.5 0.3 1.8 1.0
3 Paul Reed PHI 24 71 39 32 19.1 1.0 2.1 0.3 5.0 5.3 5.6 5.9 20.5 1.0 0.5 2.5 1.1
3 Payton Pritchard BOS 26 71 57 14 21.5 1.1 1.2 1.2 2.2 5.6 5.5 5.6 21.4 0.1 0.3 1.2 0.7
3 Reggie Jackson DEN 33 71 50 21 21.8 1.3 0.5 0.9 4.5 7.7 6.1 5.5 22.1 0.1 0.4 1.7 1.2
17 Cason Wallace OKC 20 70 49 21 20.6 1.2 0.6 1.4 2.5 6.8 6.9 4.8 21.2 0.4 0.3 1.6 0.5
17 Chet Holmgren OKC 21 70 49 21 30.1 2.2 2.3 1.4 8.6 8.4 10.2 7.8 29.4 2.4 0.8 2.3 3.0
17 Cole Anthony ORL 23 70 42 28 23.0 1.9 1.0 1.2 4.7 7.9 5.9 6.6 22.1 0.5 0.4 2.3 2.2
17 Domantas Sabonis SAC 27 70 41 29 35.9 2.4 3.5 1.4 14.4 12.3 7.7 8.8 37.6 0.6 1.1 3.1 4.5
17 Harrison Barnes SAC 31 70 41 29 29.3 1.5 1.2 1.1 4.2 10.1 6.3 7.4 31.6 0.2 0.3 1.3 1.9
17 Jalen Green HOU 22 70 35 35 31.3 2.9 1.0 3.2 7.2 9.3 8.9 7.5 32.1 0.3 1.4 1.3 3.4
17 Michael Porter Jr. DEN 25 70 50 20 31.8 2.6 2.3 2.6 4.9 9.7 8.0 9.4 33.9 0.7 0.4 1.9 1.2
17 Naz Reid MIN 24 70 49 21 23.6 1.9 1.7 1.5 5.5 7.8 6.7 6.3 22.4 0.9 0.7 2.1 1.3
17 Ochai Agbaji TOR 23 70 29 41 20.3 0.8 0.7 1.3 2.7 8.3 7.0 6.7 22.8 0.5 0.5 1.4 0.6
17 Pascal Siakam IND 29 70 31 39 33.7 2.4 2.7 3.2 13.2 10.5 9.5 9.1 38.3 0.3 0.6 2.4 4.1
27 Ayo Dosunmu CHI 24 69 34 35 28.5 2.4 1.0 2.9 5.4 9.1 8.0 7.8 27.2 0.5 0.8 2.1 1.0
27 Corey Kispert WAS 25 69 13 56 23.9 1.8 0.7 1.9 4.5 9.2 8.3 7.5 29.1 0.2 0.6 1.7 1.4
27 DeMar DeRozan CHI 34 69 33 36 37.6 3.1 1.9 0.9 8.1 11.7 10.3 9.9 35.0 0.6 0.9 2.1 5.4
27 Donte DiVincenzo NYK 27 69 42 27 27.2 2.6 1.9 2.3 3.6 8.5 7.0 8.2 26.7 0.4 0.4 2.1 1.4
27 Jonathan Kuminga GSW 21 69 35 34 26.3 2.3 1.7 2.7 10.1 8.8 7.3 8.1 27.7 0.5 1.0 2.3 3.0
27 Jordan Poole WAS 24 69 13 56 29.3 2.6 0.9 2.7 6.2 9.9 10.5 9.5 36.5 0.3 1.0 3.2 2.6
27 Josh Giddey OKC 21 69 49 20 24.6 1.6 1.1 1.8 6.7 7.1 8.3 6.8 25.6 0.5 0.9 1.3 1.1
27 Josh Hart NYK 29 69 41 28 32.6 1.4 1.0 1.8 4.6 9.5 8.0 8.9 31.0 0.3 0.6 2.0 1.5
27 Kelly Olynyk TOR 32 69 29 40 21.7 1.1 1.7 0.9 4.7 9.8 7.3 7.8 24.1 0.4 0.3 2.9 2.3
27 Malik Monk SAC 26 69 41 28 26.3 2.2 1.3 2.4 5.6 9.1 6.5 6.3 26.7 0.6 0.8 2.2 2.4
27 Moritz Wagner ORL 26 69 41 28 17.9 1.8 1.8 0.4 7.3 6.2 4.3 5.7 17.8 0.3 0.5 2.0 2.4
27 Paolo Banchero ORL 21 69 41 28 34.8 3.8 2.3 3.0 10.0 11.8 9.0 10.8 35.2 0.6 1.2 2.0 4.7
27 Peyton Watson DEN 21 69 49 20 18.2 1.1 0.4 1.6 3.6 6.7 5.7 4.6 18.9 1.0 0.4 1.7 1.0
27 Shai Gilgeous-Alexander OKC 25 69 49 20 34.4 5.2 1.7 3.6 14.6 9.8 10.8 8.5 32.9 0.9 1.0 2.5 6.5
41 Anthony Edwards MIN 22 68 47 21 35.3 4.2 1.7 4.1 10.9 11.9 9.3 9.3 34.0 0.6 0.8 1.8 4.2
41 Brook Lopez MIL 35 68 45 23 30.7 0.8 1.6 0.2 5.2 9.6 8.7 9.5 32.9 2.5 0.3 2.4 1.5
41 Coby White CHI 24 68 32 36 36.6 3.2 1.4 3.3 6.8 11.6 10.2 9.7 34.4 0.2 0.9 2.4 3.9
41 Kyle Anderson MIN 30 68 48 20 22.9 0.7 0.8 0.5 4.4 7.9 6.3 6.0 21.1 0.5 0.3 1.6 1.3
41 Luguentz Dort OKC 24 68 47 21 28.3 1.8 1.0 1.5 2.9 8.3 9.0 7.8 27.3 0.6 0.4 3.0 2.0
41 Malik Beasley MIL 27 68 43 25 29.6 2.0 1.4 1.5 1.9 8.8 8.2 9.1 32.0 0.1 0.4 2.0 0.5
41 Myles Turner IND 28 68 38 30 27.3 1.6 2.5 1.2 8.1 8.6 7.6 7.2 33.4 1.9 0.6 3.1 3.4
41 Nikola Jokic DEN 29 68 48 20 34.4 2.5 4.0 0.9 16.5 10.9 8.3 10.3 36.7 0.9 0.8 2.4 5.3
41 Royce O'Neale PHX 30 68 31 37 24.9 1.5 0.9 0.8 1.3 9.3 6.9 7.8 23.7 0.6 0.2 2.3 0.6
41 Sam Hauser BOS 26 68 55 13 21.4 1.0 1.2 1.3 1.0 5.9 5.8 4.9 20.9 0.3 0.1 1.3 0.2
41 Toumani Camara POR 23 68 19 49 24.6 1.2 2.1 1.2 3.8 9.8 7.0 8.8 26.4 0.5 0.4 2.5 1.6
52 Aaron Holiday HOU 27 67 34 33 16.4 0.9 0.7 0.5 2.0 5.1 4.6 3.9 16.0 0.1 0.2 1.6 0.8
52 Aaron Wiggins OKC 25 67 48 19 14.5 1.0 1.0 0.8 3.2 4.0 5.2 3.4 14.6 0.2 0.3 1.1 0.7
52 Anthony Davis LAL 31 67 38 29 35.6 3.4 4.4 1.8 15.9 11.9 10.8 11.6 36.9 2.4 1.1 2.4 5.3
52 Bogdan Bogdanovic ATL 31 67 30 37 29.6 2.4 1.7 2.7 4.3 9.6 7.9 9.6 31.0 0.3 0.7 2.3 1.4
52 Cameron Payne PHI 29 67 38 29 16.4 0.8 0.4 0.6 2.3 4.3 4.9 4.2 17.0 0.1 0.3 1.6 0.9
52 Cedi Osman SAS 28 67 14 53 17.3 0.9 0.5 1.1 2.5 6.5 5.5 5.6 19.4 0.2 0.2 1.4 1.0
52 Dejounte Murray ATL 27 67 29 38 35.3 2.9 1.7 2.7 8.9 12.4 10.6 12.2 40.1 0.3 0.9 1.7 2.5
52 Jaden Ivey DET 22 67 12 55 28.6 1.9 1.4 3.2 6.8 11.9 8.0 8.4 32.9 0.6 1.1 2.8 3.0
52 Jusuf Nurkic PHX 29 67 42 25 27.3 1.4 2.3 0.3 8.1 10.0 6.8 8.2 28.3 1.0 0.8 3.4 3.1
52 Klay Thompson GSW 34 67 33 34 29.6 2.2 2.0 2.0 2.8 10.5 8.3 9.2 32.4 0.4 0.3 1.7 1.2
52 Kyle Kuzma WAS 28 67 13 54 32.3 3.5 1.4 4.0 11.4 10.8 11.8 10.5 41.4 0.7 0.7 2.2 2.8
52 Taurean Prince LAL 30 67 36 31 28.0 1.2 0.3 1.4 2.6 9.6 9.1 10.0 30.7 0.5 0.3 2.0 0.9
52 Tim Hardaway Jr. DAL 32 67 40 27 27.6 2.1 1.8 2.2 2.8 8.5 9.0 8.6 30.4 0.1 0.4 1.4 2.2
65 Damian Lillard MIL 33 66 46 20 35.1 2.7 1.5 1.9 6.8 10.9 9.7 10.8 38.6 0.2 1.2 1.8 4.9
65 Derrick White BOS 29 66 54 12 32.6 1.8 1.6 1.8 4.9 8.6 9.2 8.6 32.6 1.3 0.4 2.1 2.2
65 Giannis Antetokounmpo MIL 29 66 43 23 35.0 4.0 3.7 5.4 20.1 10.5 9.3 9.2 36.8 1.0 1.2 2.9 8.3
65 Grant Williams CHA 25 66 31 35 27.4 1.4 1.4 1.0 3.0 9.2 8.2 9.1 31.2 0.5 0.4 2.9 2.0
65 Isaiah Joe OKC 24 66 46 20 18.2 1.5 0.9 1.2 1.2 6.3 5.5 4.1 16.4 0.3 0.2 1.2 1.2
65 Jarrett Allen CLE 25 66 41 25 31.6 1.8 3.0 1.1 12.5 11.2 8.3 9.2 31.0 1.2 1.0 2.0 4.5
65 Jayson Tatum BOS 26 66 53 13 35.8 4.2 2.0 3.1 9.5 9.5 10.1 9.4 35.8 0.6 0.8 2.0 4.6
65 Jeff Green HOU 37 66 33 33 16.7 0.8 0.6 0.5 2.6 5.1 4.7 4.1 17.2 0.4 0.2 1.4 1.4
65 Keldon Johnson SAS 24 66 15 51 29.5 2.2 2.1 2.2 7.3 10.7 9.3 8.8 33.5 0.3 0.8 2.2 2.4
65 Malaki Branham SAS 20 66 13 53 20.5 1.5 0.7 1.0 3.8 8.2 6.4 6.3 23.8 0.1 0.5 1.2 0.8
65 Mike Conley MIN 36 66 47 19 29.0 1.4 0.7 1.4 2.6 10.2 8.1 7.8 28.2 0.2 0.2 1.7 1.5
65 Nikola Vucevic CHI 33 66 32 34 34.5 2.1 2.7 0.3 10.5 11.0 9.5 9.4 32.4 0.8 0.7 2.6 1.9
65 Norman Powell LAC 30 66 41 25 25.9 2.1 1.5 1.8 4.5 8.8 7.7 8.3 27.0 0.3 0.5 1.8 2.0
65 Patrick Beverley MIL 35 66 40 26 19.6 0.8 0.7 0.4 2.4 5.8 6.0 5.3 18.5 0.4 0.2 1.8 1.3
65 Simone Fontecchio DET 28 66 29 37 24.9 1.5 1.4 1.3 3.3 8.7 6.5 9.2 27.2 0.3 0.5 1.7 0.9
65 Tre Jones SAS 24 66 14 52 26.9 1.6 0.9 1.7 5.8 10.2 7.9 7.4 30.4 0.1 0.4 1.2 1.8
65 Tyus Jones WAS 27 66 11 55 29.3 2.0 0.7 2.1 5.5 10.1 10.8 10.1 38.6 0.3 0.3 0.7 0.7
82 Aaron Gordon DEN 28 65 45 20 31.5 1.5 2.5 1.7 9.7 10.5 8.2 9.3 34.8 0.6 0.8 1.9 3.0
82 D'Angelo Russell LAL 28 65 38 27 32.1 2.4 0.9 2.6 5.8 9.8 10.6 10.3 35.4 0.5 0.4 2.1 2.3
82 Deni Avdija WAS 23 65 13 52 29.2 1.7 1.3 2.6 7.8 10.9 10.0 9.2 36.5 0.4 0.9 2.5 3.1
82 Derrick Jones Jr. DAL 27 65 38 27 23.5 1.5 1.1 1.4 4.2 7.8 6.9 8.0 26.1 0.6 0.3 1.6 1.6
82 Devin Vassell SAS 23 65 14 51 32.8 2.1 1.2 3.0 6.5 13.4 9.8 9.9 39.3 0.4 0.5 1.1 2.2
82 Drew Eubanks PHX 27 65 36 29 15.6 0.4 1.0 0.1 4.2 5.8 5.2 5.3 14.9 0.9 0.3 1.5 1.2
82 Grayson Allen PHX 28 65 39 26 33.7 1.6 1.4 1.9 3.4 12.8 10.1 10.0 35.8 0.6 0.3 2.2 1.9
82 Herbert Jones NOP 25 65 41 24 29.7 2.2 1.4 2.5 4.6 9.3 7.8 8.0 28.1 0.9 0.5 2.9 1.8
82 Jabari Smith Jr. HOU 20 65 34 31 31.5 1.6 2.3 1.8 4.9 9.1 9.0 7.1 31.4 0.7 0.7 2.7 1.7
82 Jalen Brunson NYK 27 65 41 24 35.1 3.4 1.9 2.4 10.8 10.5 9.1 11.2 35.3 0.2 0.8 1.9 5.9
82 Jevon Carter CHI 28 65 32 33 13.8 0.8 0.4 0.7 0.8 3.8 4.2 3.5 12.3 0.2 0.1 1.0 0.2
82 John Collins UTA 26 65 27 38 28.0 1.9 3.0 1.4 8.5 10.5 7.7 11.3 31.0 0.9 1.0 2.8 2.3
82 Keegan Murray SAC 23 65 38 27 33.1 2.5 2.1 2.4 5.4 11.5 7.1 7.7 34.4 0.7 0.5 2.8 1.3
82 Kentavious Caldwell-Pope DEN 31 65 47 18 31.8 1.8 0.7 2.1 2.4 10.2 8.6 9.4 34.2 0.6 0.2 1.9 1.4
82 Pat Connaughton MIL 31 65 42 23 21.7 0.9 0.4 0.4 1.8 6.4 6.0 6.4 22.9 0.2 0.1 1.2 0.8
82 Rudy Gobert MIN 31 65 46 19 34.0 1.9 4.1 0.6 10.4 11.8 8.8 9.2 30.8 2.1 0.8 3.1 5.0
82 Spencer Dinwiddie LAL 30 65 30 35 29.0 0.8 0.8 1.0 3.5 8.3 8.6 8.8 30.2 0.2 0.3 1.8 2.0
99 Isaiah Hartenstein NYK 25 64 40 24 25.0 0.9 2.1 0.4 5.8 7.1 6.0 7.6 24.2 1.1 0.4 2.8 1.8
99 Jaime Jaquez Jr. MIA 23 64 37 27 29.3 1.9 1.3 1.9 7.2 9.6 8.2 7.7 28.0 0.2 0.9 2.3 1.8
99 Jalen Suggs ORL 22 64 38 26 26.7 2.7 1.4 2.0 4.0 10.0 6.5 8.4 26.7 0.6 0.3 2.8 2.3
99 Kawhi Leonard LAC 32 64 41 23 34.1 3.8 2.4 3.0 10.4 10.0 9.6 9.4 33.4 0.8 0.4 1.4 4.3
99 Kevin Durant PHX 35 64 37 27 37.2 3.7 2.2 3.5 9.0 14.4 11.5 11.7 39.8 1.3 0.7 1.8 5.2
99 Kevin Huerter SAC 25 64 37 27 24.4 1.6 0.8 1.7 3.6 7.8 5.7 5.9 26.8 0.4 0.2 2.1 0.7
99 Keyonte George UTA 20 64 25 39 26.3 1.6 0.8 1.6 3.5 10.7 7.5 11.3 29.5 0.1 0.7 1.1 2.8
99 Matisse Thybulle POR 27 64 18 46 23.1 0.9 0.7 1.0 1.4 9.2 7.6 8.3 26.4 0.8 0.2 1.4 0.6
99 Paul George LAC 33 64 41 23 34.1 3.3 1.6 2.3 5.7 10.1 9.4 9.6 33.4 0.5 0.7 2.8 3.0
99 Stephen Curry GSW 36 64 35 29 32.7 3.6 2.6 2.4 5.9 12.1 8.9 11.0 34.8 0.3 0.7 1.6 3.8
109 Aaron Nesmith IND 24 63 35 28 27.5 2.2 1.5 2.0 4.3 8.8 8.6 6.7 31.8 0.7 0.8 3.4 2.0
109 Alperen Sengun HOU 21 63 29 34 32.5 2.8 3.2 1.0 14.7 9.3 9.2 7.3 31.8 0.7 1.2 3.3 5.2
109 Anthony Black ORL 20 63 36 27 17.6 1.0 0.7 0.9 2.1 6.8 4.1 5.9 18.3 0.3 0.3 1.7 1.2
109 Ausar Thompson DET 21 63 10 53 25.1 1.4 1.4 1.7 6.2 9.8 6.9 7.7 26.3 0.9 0.5 2.8 1.9
109 Bilal Coulibaly WAS 19 63 11 52 27.2 1.4 0.6 1.7 3.7 9.9 10.0 8.8 34.6 0.8 0.7 2.2 1.6
109 Brandon Ingram NOP 26 63 38 25 33.0 2.9 1.4 1.6 7.7 10.6 8.7 9.5 32.1 0.6 0.7 2.3 3.8
109 Brandon Miller CHA 21 63 15 48 31.9 2.4 1.2 2.6 5.4 11.3 9.4 8.9 36.4 0.5 0.6 2.5 2.6
109 Daniel Gafford DAL 25 63 21 42 24.8 1.5 2.9 0.8 9.1 8.1 8.8 7.9 28.6 2.0 0.5 3.1 2.3
109 Duncan Robinson MIA 29 63 35 28 28.5 2.3 1.0 1.7 3.5 9.0 7.8 7.7 27.3 0.2 0.4 2.4 1.2
109 Franz Wagner ORL 22 63 39 24 32.7 3.4 2.2 2.6 11.6 10.1 7.4 9.8 31.3 0.4 1.1 2.4 3.8
109 Fred VanVleet HOU 30 63 34 29 36.6 2.4 1.4 2.6 2.9 10.9 9.8 7.7 35.8 0.8 0.4 2.3 2.4
109 Gary Trent Jr. TOR 25 63 22 41 27.7 2.1 1.0 2.7 3.0 9.1 8.8 8.2 32.4 0.2 0.4 1.3 1.0
109 Jalen Williams OKC 22 63 44 19 31.6 3.7 1.6 2.9 10.0 8.9 10.3 8.1 31.6 0.6 0.7 2.6 2.6
109 James Harden LAC 34 63 40 23 34.7 2.0 1.0 1.9 4.0 10.8 9.4 10.0 35.0 0.9 0.6 1.9 3.3
109 Jaylen Brown BOS 27 63 49 14 33.4 3.5 2.2 4.3 11.6 9.4 9.7 9.5 33.6 0.5 1.0 2.6 3.6
109 Julian Champagnie SAS 22 63 12 51 17.8 0.7 0.5 0.7 1.2 6.9 4.8 5.4 20.8 0.6 0.2 1.0 0.8
109 Kevon Looney GSW 28 63 34 29 16.8 0.5 1.3 0.2 3.7 6.3 4.1 5.9 17.1 0.3 0.3 2.2 1.0
109 Precious Achiuwa NYK 24 63 33 30 22.7 1.2 2.2 0.8 5.8 7.2 6.4 6.6 23.0 1.0 0.5 1.9 1.2
109 Saddiq Bey ATL 24 63 28 35 32.7 2.3 3.1 2.0 5.3 11.1 9.7 10.9 38.1 0.2 0.8 1.4 2.2
109 Terance Mann LAC 27 63 40 23 25.5 1.4 1.0 2.0 4.3 8.8 7.1 7.6 26.4 0.2 0.4 1.9 1.0
109 Victor Wembanyama SAS 20 63 14 49 29.0 3.0 2.8 2.5 9.9 11.2 7.6 8.4 31.2 3.4 0.4 2.2 5.2
130 Alex Caruso CHI 30 62 30 32 28.0 1.8 0.8 1.5 3.2 8.8 7.9 7.3 24.9 1.0 0.3 2.6 1.9
130 Brandin Podziemski GSW 21 62 31 31 26.9 1.5 1.1 1.2 4.6 9.0 8.0 8.1 27.4 0.2 0.5 1.7 1.8
130 Clint Capela ATL 29 62 28 34 25.3 1.6 4.1 0.8 9.5 8.7 7.4 9.4 28.5 1.5 1.0 2.3 2.3
130 Dario Saric GSW 29 62 33 29 17.4 0.9 1.0 0.4 3.1 6.5 4.4 5.1 18.5 0.1 0.4 1.8 1.5
130 De'Aaron Fox SAC 26 62 37 25 35.7 4.0 2.5 3.5 11.7 12.0 7.9 9.0 36.8 0.4 1.0 2.6 4.7
130 Immanuel Quickley TOR 24 62 26 36 28.9 2.7 1.2 3.2 5.0 8.7 8.0 7.9 30.0 0.1 0.6 1.6 2.6
130 Isaac Okoro CLE 23 62 37 25 27.6 1.7 1.0 2.7 4.4 9.9 6.8 7.7 27.0 0.5 0.6 2.1 1.7
130 Jabari Walker POR 21 62 16 46 22.4 1.4 2.1 0.7 5.1 9.0 7.0 8.4 25.5 0.3 0.8 2.4 1.8
130 Jaden Hardy DAL 21 62 36 26 13.9 1.2 0.5 1.2 2.5 5.0 4.4 4.7 15.1 0.1 0.4 1.1 1.1
130 Kris Dunn UTA 30 62 25 37 18.6 0.9 0.6 0.6 3.0 7.1 5.0 7.5 19.8 0.4 0.3 2.0 0.5
130 LeBron James LAL 39 62 34 28 35.2 3.6 1.5 5.0 13.3 12.2 11.2 11.5 37.3 0.6 0.8 1.2 4.2
130 Marcus Sasser DET 23 62 10 52 17.2 0.9 0.5 0.8 2.3 7.3 4.9 5.4 19.0 0.1 0.3 1.4 0.9
130 P.J. Washington DAL 25 62 21 41 30.0 1.9 1.6 1.5 6.0 10.3 8.5 8.5 32.1 0.8 0.6 2.4 1.7
130 Tobias Harris PHI 31 62 36 26 34.0 2.5 1.9 3.1 9.2 9.4 9.3 10.7 36.2 0.6 1.1 1.6 2.4
130 Tyrese Maxey PHI 23 62 38 24 37.3 4.5 1.5 4.0 10.7 10.5 10.9 12.2 39.9 0.5 1.3 2.2 4.1
145 Alec Burks NYK 32 61 16 45 19.1 1.0 1.3 0.9 1.8 7.9 5.5 5.4 21.4 0.2 0.3 1.2 2.1
145 Andrew Wiggins GSW 29 61 29 32 26.7 1.4 1.8 1.3 6.0 10.3 8.5 8.3 28.1 0.5 0.6 2.1 2.2
145 David Roddy PHX 22 61 22 39 19.1 1.1 0.9 1.0 3.7 7.1 5.9 5.3 20.0 0.2 0.5 1.1 0.9
145 Dillon Brooks HOU 28 61 31 30 30.9 1.4 1.3 2.2 4.9 10.0 8.8 6.8 31.0 0.1 0.4 3.2 1.6
145 Dorian Finney-Smith BKN 30 61 23 38 28.4 1.3 1.0 1.5 2.7 8.6 8.1 8.3 28.6 0.6 0.3 2.3 0.7
145 Jaden McDaniels MIN 23 61 41 20 29.3 1.8 0.9 1.6 5.3 9.6 8.2 7.4 28.2 0.6 0.4 3.2 1.3
145 Jaren Jackson Jr. MEM 24 61 20 41 32.2 3.7 2.1 0.8 11.7 11.0 9.8 9.8 31.8 1.6 1.8 3.6 5.8
145 Jrue Holiday BOS 33 61 48 13 33.1 1.4 1.2 1.8 4.9 9.2 9.4 8.9 32.0 0.8 0.4 1.6 1.3
145 Luka Doncic DAL 25 61 38 23 37.4 4.4 2.4 3.0 11.5 11.5 10.6 12.8 40.4 0.5 0.7 2.0 6.9
145 Nic Claxton BKN 24 61 21 40 29.6 1.4 2.6 1.0 10.3 9.5 8.7 10.4 29.5 2.0 0.6 2.5 3.3
145 T.J. McConnell IND 32 61 33 28 17.9 1.2 0.4 0.6 6.8 6.2 5.4 5.1 21.7 0.1 0.5 1.0 1.6
156 Bam Adebayo MIA 26 60 33 27 34.3 2.4 2.8 1.6 13.1 10.7 9.8 9.5 32.2 1.0 0.7 2.3 5.0
156 Davion Mitchell SAC 25 60 36 24 13.8 0.6 0.3 0.6 1.8 5.1 3.4 3.2 14.3 0.1 0.1 1.2 0.6
156 Jae'Sean Tate HOU 28 60 29 31 16.5 0.7 0.8 0.4 2.7 4.8 4.7 3.7 15.5 0.2 0.3 2.2 0.9
156 Jaxson Hayes LAL 23 60 34 26 11.7 0.5 0.8 0.4 3.2 4.4 4.1 4.0 12.8 0.4 0.2 1.7 1.1
156 Jordan Hawkins NOP 21 60 36 24 18.3 1.3 0.6 1.5 1.3 6.2 5.5 5.7 18.3 0.1 0.3 1.2 0.7
156 Karl-Anthony Towns MIN 28 60 41 19 32.8 3.1 2.5 1.1 10.1 11.0 8.5 8.8 32.3 0.7 1.1 3.3 4.3
156 Max Strus CLE 27 60 39 21 32.2 2.3 1.6 2.0 3.8 11.1 8.8 9.5 30.8 0.5 0.6 2.6 1.7
156 Nick Richards CHA 26 60 12 48 26.7 0.9 3.0 0.9 7.6 9.6 7.0 8.3 30.2 1.2 0.6 2.7 2.4
156 Scottie Barnes TOR 22 60 22 38 34.9 2.6 2.8 3.1 10.1 11.4 10.8 9.0 38.8 1.5 0.8 2.0 3.6
156 Zion Williamson NOP 23 60 37 23 30.9 3.6 2.9 3.0 17.5 10.5 8.7 9.7 30.0 0.6 1.7 2.3 5.0
166 Bennedict Mathurin IND 21 59 33 26 26.1 2.5 1.5 2.3 6.1 9.9 9.0 7.7 33.4 0.2 1.3 2.0 2.8
166 Bruce Brown TOR 27 59 25 34 28.3 1.7 1.2 2.6 6.1 10.9 9.6 8.3 35.7 0.3 0.6 2.2 1.5
166 Cade Cunningham DET 22 59 8 51 33.5 2.3 1.1 1.8 8.9 14.2 9.0 9.7 37.1 0.4 1.4 2.5 3.0
166 Caris LeVert CLE 29 59 34 25 28.6 2.4 1.2 1.7 6.1 9.2 8.1 8.1 27.7 0.5 0.7 1.8 2.2
166 Miles Bridges CHA 26 59 14 45 37.6 3.2 1.9 2.0 10.3 12.9 10.7 11.3 41.8 0.5 1.0 1.8 2.5
166 Naji Marshall NOP 26 59 39 20 19.1 1.2 0.9 1.0 3.2 6.1 5.3 5.9 17.8 0.2 0.3 1.4 1.1
166 Tyrese Haliburton IND 24 59 33 26 32.3 2.6 1.4 2.4 6.7 9.9 10.3 9.5 41.1 0.7 0.9 1.0 2.4
166 Walker Kessler UTA 22 59 26 33 23.7 0.9 2.3 0.7 7.2 10.2 7.2 9.5 23.9 2.5 0.5 2.1 1.3
174 Al Horford BOS 37 58 46 12 27.0 0.8 1.1 0.9 2.9 7.5 6.8 6.5 26.7 1.0 0.2 1.5 0.4
174 Amir Coffey LAC 26 58 39 19 19.5 1.1 0.4 1.4 2.4 7.5 5.4 7.3 22.4 0.2 0.2 1.3 0.7
174 Andrew Nembhard IND 24 58 34 24 24.5 1.3 1.0 1.3 4.6 8.0 7.5 6.7 27.6 0.1 0.3 2.1 1.3
174 Eric Gordon PHX 35 58 35 23 28.9 1.8 1.3 1.4 3.8 11.6 9.4 8.4 30.8 0.5 0.6 1.3 1.0
174 Ivica Zubac LAC 27 58 35 23 26.2 1.3 2.6 0.4 9.7 8.1 7.1 7.6 24.6 1.2 0.6 2.7 2.1
174 Kelly Oubre Jr. PHI 28 58 32 26 29.7 2.6 2.0 2.8 7.7 8.8 8.9 9.5 30.3 0.6 1.2 2.9 2.5
174 Malachi Flynn DET 25 58 26 32 11.3 1.0 0.4 0.6 1.3 4.5 3.8 3.4 12.6 0.1 0.2 0.9 0.7
174 Russell Westbrook LAC 35 58 38 20 22.6 1.5 1.6 2.0 6.9 7.5 7.1 8.6 24.4 0.4 0.7 1.8 1.8
174 Santi Aldama MEM 23 58 22 36 26.5 1.2 1.3 1.2 4.5 10.0 7.9 8.0 26.1 0.8 0.4 1.4 1.5
174 Zach Collins SAS 26 58 12 46 22.5 1.2 1.5 0.4 6.3 9.4 6.8 7.1 25.9 0.7 0.5 3.1 2.2
184 Devin Booker PHX 27 57 36 21 35.7 3.0 1.9 3.9 9.1 12.9 10.7 10.4 35.7 0.4 0.8 3.0 5.1
184 Duop Reath POR 27 57 15 42 17.9 1.1 2.0 0.8 4.0 6.6 5.7 6.5 20.4 0.6 0.5 2.5 1.4
184 Jaylin Williams OKC 21 57 40 17 12.4 0.6 0.4 0.2 0.9 3.9 3.4 2.6 11.2 0.4 0.2 1.4 0.8
184 Joe Ingles ORL 36 57 37 20 17.1 0.5 0.5 0.5 0.8 5.8 4.4 5.2 17.4 0.1 0.1 1.4 0.4
184 Kenrich Williams OKC 29 57 41 16 14.3 0.7 0.5 0.5 1.7 4.8 4.2 3.5 13.7 0.1 0.2 1.4 0.5
184 Max Christie LAL 21 57 31 26 15.6 0.6 0.2 0.5 1.5 6.1 4.9 5.5 16.2 0.3 0.4 1.0 0.5
184 Miles McBride NYK 23 57 35 22 16.7 1.3 1.1 1.1 1.9 5.2 3.9 4.0 15.6 0.1 0.3 1.4 0.9
184 Rui Hachimura LAL 26 57 32 25 25.8 1.7 0.9 2.1 6.5 8.0 7.9 8.1 28.1 0.3 0.6 1.5 1.3
184 Trayce Jackson-Davis GSW 24 57 30 27 15.0 0.9 1.8 0.6 6.3 5.2 4.9 4.1 15.6 1.0 0.5 1.6 1.3
193 Cam Thomas BKN 22 56 18 38 30.6 2.2 1.8 2.3 7.8 9.7 8.8 10.8 32.0 0.2 1.2 2.1 4.0
193 Goga Bitadze ORL 24 56 31 25 16.5 0.9 2.0 0.2 4.3 5.4 4.4 4.6 17.0 1.3 0.3 1.8 1.3
195 CJ McCollum NOP 32 55 37 18 31.5 3.0 1.7 3.1 5.2 9.6 8.4 8.8 30.8 0.7 0.6 1.9 1.7
195 Cameron Johnson BKN 28 55 19 36 27.8 1.9 1.3 2.0 4.1 7.8 8.2 8.7 27.7 0.2 0.6 1.8 1.7
195 Daniel Theis LAC 31 55 37 18 16.6 0.6 1.1 0.5 4.1 5.2 5.2 5.5 18.0 0.8 0.5 2.1 0.9
195 Dennis Smith Jr. BKN 26 55 19 36 19.2 1.3 1.1 1.1 3.8 6.0 5.3 4.9 17.9 0.2 0.4 2.2 0.9
195 Doug McDermott IND 32 55 16 39 14.7 0.7 0.9 0.7 0.7 5.0 4.7 4.6 15.7 0.0 0.1 1.0 0.3
195 Dwight Powell DAL 32 55 33 22 13.8 0.5 1.0 0.1 2.4 4.2 4.4 4.4 14.3 0.3 0.2 1.9 1.8
195 Haywood Highsmith MIA 27 55 32 23 19.4 0.9 0.6 0.7 1.8 6.9 5.6 5.4 18.0 0.5 0.2 1.7 0.6
195 John Konchar MEM 28 55 18 37 21.3 0.9 0.6 0.8 1.8 8.5 5.7 6.1 21.9 0.9 0.2 1.4 0.7
195 Josh Okogie PHX 25 55 34 21 17.0 0.9 1.1 0.5 2.0 6.9 5.3 5.3 18.0 0.4 0.3 1.2 1.8
195 Onyeka Okongwu ATL 23 55 23 32 25.5 1.1 2.3 0.4 7.2 8.7 7.5 8.3 28.8 1.1 0.5 2.9 1.7
205 Caleb Houstan ORL 21 54 29 25 14.0 0.6 0.3 0.7 0.2 4.9 3.9 4.2 14.0 0.1 0.0 1.1 0.3
205 Caleb Martin MIA 28 54 30 24 27.3 1.2 1.4 1.2 4.2 8.3 7.4 6.7 24.1 0.4 0.6 2.1 1.7
205 Dean Wade CLE 27 54 36 18 20.5 0.9 0.6 0.7 0.5 7.1 4.6 5.8 20.1 0.5 0.1 1.7 0.7
205 Garrison Mathews ATL 27 54 24 30 13.9 0.7 0.4 0.2 0.3 5.2 3.9 4.5 14.4 0.1 0.1 1.7 1.0
205 Jalen Duren DET 20 54 12 42 29.7 1.4 3.6 1.4 11.6 12.5 7.9 8.8 33.3 0.8 0.8 3.3 2.5
205 Jamal Murray DEN 27 54 40 14 32.1 2.9 1.4 2.1 7.0 11.2 9.3 9.7 35.0 0.6 0.9 1.8 2.8
205 Jerami Grant POR 30 54 17 37 33.9 3.4 2.4 2.2 7.6 12.4 10.1 11.5 39.5 0.6 1.2 2.2 3.9
205 Jordan Clarkson UTA 31 54 22 32 30.5 1.8 1.9 1.5 7.8 12.2 9.1 11.5 33.0 0.1 0.9 1.5 2.5
205 Josh Green DAL 23 54 31 23 26.6 1.3 0.6 2.2 3.5 9.2 8.3 8.9 29.0 0.2 0.5 1.9 1.4
205 KJ Martin PHI 23 54 28 26 11.8 1.0 0.6 0.9 2.7 3.9 4.1 3.3 13.0 0.1 0.4 1.7 0.5
205 Moses Moody GSW 21 54 28 26 17.1 1.2 1.4 1.0 3.5 5.8 4.3 5.9 17.1 0.4 0.5 1.2 1.2
205 Terry Rozier MIA 30 54 18 36 33.9 2.8 1.7 2.5 7.8 10.9 9.9 10.2 35.0 0.3 1.0 1.7 3.0
217 Day'Ron Sharpe BKN 22 53 20 33 15.6 0.8 2.6 0.6 5.6 5.1 4.2 4.5 14.8 0.8 0.5 2.2 1.8
217 Keita Bates-Diop BKN 28 53 29 24 12.5 0.4 0.5 0.5 1.8 4.7 3.1 3.9 12.5 0.4 0.3 0.7 0.5
217 Lauri Markkanen UTA 26 53 22 31 32.9 2.5 3.3 2.0 8.3 12.7 9.2 11.9 35.5 0.5 0.8 1.8 4.4
217 Luke Kornet BOS 28 53 42 11 15.6 0.5 1.8 0.4 4.4 4.6 4.0 4.5 15.0 1.0 0.2 1.4 1.2
217 RJ Barrett TOR 23 53 24 29 31.6 3.0 1.7 4.0 10.8 10.5 9.6 10.7 34.9 0.4 1.5 2.2 3.4
217 Sam Merrill CLE 27 53 33 20 17.5 1.2 0.9 1.0 0.6 6.2 4.1 5.1 16.7 0.1 0.2 1.2 0.8
217 Zeke Nnaji DEN 23 53 37 16 9.8 0.4 1.0 0.3 2.1 3.7 3.6 1.8 10.0 0.7 0.4 1.4 1.4
224 Dyson Daniels NOP 21 52 30 22 21.9 1.3 0.5 0.7 3.0 7.0 6.3 5.9 21.3 0.4 0.2 1.6 0.7
224 Isaiah Jackson IND 22 52 31 21 13.3 1.2 1.6 0.7 5.3 5.1 4.6 3.8 15.6 1.0 0.4 2.4 1.7
224 JT Thor CHA 21 52 12 40 12.4 0.4 0.6 0.4 1.2 4.4 3.4 3.4 12.9 0.4 0.3 1.0 0.2
224 James Wiseman DET 22 52 7 45 15.8 0.9 1.9 0.8 5.6 6.7 5.1 5.2 17.8 0.6 0.3 2.2 1.2
224 Larry Nance Jr. NOP 31 52 31 21 19.3 0.8 1.0 0.3 3.5 6.7 5.1 5.7 18.4 0.3 0.3 1.5 1.2
224 Scoot Henderson POR 20 52 16 36 27.2 1.9 1.1 1.7 5.4 11.0 8.4 10.2 30.9 0.2 0.8 3.1 3.3
224 Trendon Watford BKN 23 52 19 33 11.1 0.6 0.9 0.8 3.5 4.3 3.3 3.5 10.2 0.3 0.3 1.5 1.0
224 Vince Williams Jr. MEM 23 52 18 34 27.6 1.9 1.5 1.3 3.3 9.9 7.9 7.9 28.8 0.7 0.4 2.6 2.6
232 Amen Thompson HOU 21 51 24 27 20.6 1.5 1.5 2.1 6.4 6.7 5.2 6.0 20.9 0.6 0.5 2.3 1.9
232 Dereck Lively II DAL 20 51 31 20 23.9 1.0 1.8 0.9 8.2 7.4 6.6 8.5 25.3 1.4 0.4 2.7 1.4
232 Jalen Johnson ATL 22 51 25 26 34.0 2.8 1.8 2.9 9.8 11.3 9.9 12.7 37.6 0.9 0.9 2.5 2.3
232 Jalen Smith IND 24 51 29 22 17.6 1.2 2.1 0.9 5.4 6.1 6.0 5.6 21.4 0.6 0.2 2.1 1.6
232 Kris Murray POR 23 51 10 41 19.0 1.1 0.9 1.0 2.9 7.7 5.0 7.1 19.4 0.3 0.4 1.3 0.8
232 Kyle Lowry PHI 38 51 26 25 28.3 1.3 0.7 1.0 1.9 9.4 7.3 8.6 26.8 0.4 0.3 2.4 1.8
232 Quentin Grimes DET 23 51 32 19 20.1 1.1 1.0 1.7 1.5 6.1 5.7 6.2 20.4 0.1 0.3 1.5 0.7
232 Trae Young ATL 25 51 22 29 36.5 3.6 1.3 2.4 7.7 12.3 11.8 13.7 43.6 0.2 1.0 2.1 6.5
232 Ziaire Williams MEM 22 51 20 31 20.3 1.1 1.4 1.0 3.0 7.8 6.4 6.6 21.3 0.2 0.5 1.7 1.5
241 Andre Jackson Jr. MIL 22 50 31 19 10.3 0.4 0.4 0.6 1.1 3.3 3.3 3.1 11.7 0.1 0.0 1.7 0.2
241 Blake Wesley SAS 21 50 12 38 13.4 1.2 0.6 1.1 2.9 4.6 4.1 4.0 15.0 0.2 0.2 1.5 0.8
241 Bryce McGowens CHA 21 50 9 41 15.8 0.8 0.4 1.0 2.1 5.4 4.7 3.9 16.7 0.1 0.3 1.4 1.3
241 Chris Boucher TOR 31 50 16 34 14.1 1.0 1.7 1.2 3.1 4.3 4.8 4.1 14.1 0.5 0.3 1.4 1.7
241 Chris Duarte SAC 26 50 30 20 13.1 0.7 0.7 0.4 1.2 5.1 3.1 3.1 13.2 0.1 0.2 1.5 0.9
241 Christian Wood LAL 28 50 28 22 17.4 0.7 0.9 0.7 3.3 6.6 5.3 6.0 17.1 0.7 0.2 1.4 1.6
241 Gradey Dick TOR 20 50 16 34 19.3 1.2 0.8 1.6 2.2 7.9 6.6 6.4 23.0 0.0 0.3 1.4 0.8
241 Jakob Poeltl TOR 28 50 21 29 26.4 1.3 2.3 0.8 9.6 8.5 7.2 7.4 27.8 1.5 0.7 3.0 2.0
241 Jimmy Butler MIA 34 50 26 24 34.1 3.3 2.2 2.6 9.9 10.8 9.5 9.7 32.8 0.3 1.1 1.2 5.3
241 Jose Alvarado NOP 25 50 34 16 17.8 1.1 1.2 0.9 2.2 5.8 4.9 5.2 16.3 0.3 0.4 1.5 0.8
241 Lonnie Walker IV BKN 25 50 20 30 17.5 1.9 0.9 1.9 2.9 6.6 5.0 5.3 17.4 0.3 0.4 1.3 0.8
252 Donovan Mitchell CLE 27 49 33 16 35.4 4.1 2.4 4.8 9.1 11.5 9.6 10.1 34.5 0.5 1.0 2.2 4.4
252 Jonathan Isaac ORL 26 49 31 18 15.1 1.0 1.7 0.6 3.4 4.6 3.1 4.1 12.6 1.2 0.3 1.1 1.3
252 Jordan Goodwin MEM 25 49 27 22 16.5 1.1 0.9 0.5 2.4 6.5 4.0 4.7 16.9 0.4 0.4 1.2 0.7
252 Kristaps Porzingis BOS 28 49 38 11 29.5 1.9 2.5 1.1 8.6 8.1 8.6 8.8 28.5 1.8 0.3 2.8 5.1
252 Mo Bamba PHI 25 49 25 24 13.0 0.7 1.2 0.3 2.2 3.7 3.3 4.4 12.0 1.0 0.2 1.7 0.8
252 Nicolas Batum PHI 35 49 28 21 24.8 0.5 0.8 0.1 1.3 7.2 7.0 6.8 26.5 0.7 0.0 2.0 0.5
252 Trey Lyles SAC 28 49 29 20 19.8 0.8 1.3 0.4 1.9 6.9 4.9 5.1 19.1 0.3 0.2 1.6 1.2
252 Vasilije Micic CHA 30 49 30 19 17.7 0.9 0.4 0.6 3.1 6.3 6.1 5.1 18.1 0.1 0.5 1.0 1.0
260 Dalen Terry CHI 21 48 22 26 10.5 0.6 0.4 0.6 1.4 3.6 2.6 2.8 9.1 0.2 0.1 1.2 0.6
260 Kyrie Irving DAL 32 48 30 18 34.4 3.1 2.3 3.3 9.7 10.1 10.5 9.9 36.8 0.5 0.7 1.9 3.0
260 Troy Brown Jr. DET 24 48 28 20 11.6 0.6 0.5 0.4 0.9 4.8 3.0 3.6 13.4 0.0 0.2 0.7 0.5
263 AJ Green MIL 24 47 32 15 10.3 0.3 0.4 0.3 0.2 3.4 3.1 2.0 8.9 0.0 0.1 0.9 0.3
263 Ben Sheppard IND 22 47 25 22 13.1 0.7 0.5 0.9 1.2 4.0 4.0 4.2 15.5 0.0 0.2 1.5 0.4
263 Darius Garland CLE 24 47 26 21 33.2 2.5 1.7 1.9 6.9 11.7 9.4 9.2 31.5 0.1 0.8 1.8 2.9
263 Deandre Ayton POR 25 47 12 35 32.3 2.3 3.5 0.9 11.1 13.0 9.0 11.0 36.6 0.8 0.7 2.1 1.4
263 Justin Holiday DEN 34 47 31 16 14.4 0.7 0.4 0.8 0.7 4.9 3.8 4.6 15.5 0.1 0.0 1.3 0.2
263 Kevin Love MIA 35 47 26 21 17.5 1.5 1.6 0.5 2.4 5.8 3.9 4.2 17.2 0.2 0.2 1.8 2.0
263 Oshae Brissett BOS 25 47 40 7 11.7 0.6 0.8 0.6 1.8 3.4 3.1 3.4 12.7 0.1 0.1 1.0 1.0
270 Anfernee Simons POR 24 46 11 35 34.4 3.1 1.0 3.0 7.0 14.0 9.8 12.1 39.2 0.1 1.1 2.1 2.8
270 Chris Paul GSW 38 46 23 23 26.5 1.3 1.2 0.3 1.9 8.5 8.3 7.2 26.5 0.1 0.2 1.9 1.0
270 Craig Porter Jr. CLE 24 46 28 18 13.4 1.0 0.5 0.7 3.3 5.8 3.1 4.0 12.9 0.3 0.3 0.8 1.0
270 De'Andre Hunter ATL 26 46 21 25 28.5 2.2 1.3 1.5 4.6 10.0 8.8 9.0 31.2 0.3 0.5 2.6 3.3
270 Gary Harris ORL 29 46 31 15 23.0 0.8 0.4 0.8 1.9 7.4 6.2 6.4 23.0 0.3 0.1 1.7 0.7
270 Isaiah Stewart DET 22 46 9 37 30.9 1.2 2.2 0.6 5.0 12.7 8.7 8.2 34.3 0.8 0.4 2.2 1.8
270 Julius Randle NYK 29 46 29 17 35.4 3.0 4.0 3.0 12.2 11.7 8.8 11.7 35.7 0.3 1.4 2.7 4.8
270 Khris Middleton MIL 32 46 29 17 26.4 1.6 1.5 1.2 4.0 7.6 8.0 7.1 28.0 0.3 0.4 2.5 2.1
270 Landry Shamet WAS 27 46 6 40 15.8 1.0 0.6 1.0 2.0 5.2 4.7 4.6 19.4 0.2 0.5 1.7 1.0
270 MarJon Beauchamp MIL 23 46 30 16 12.9 0.8 0.6 0.8 1.7 4.5 4.4 3.6 13.8 0.1 0.3 1.2 0.4
270 Trey Murphy III NOP 23 46 30 16 27.7 2.0 1.2 2.9 3.4 8.0 7.0 7.4 26.3 0.5 0.3 1.2 1.7
281 Bojan Bogdanovic NYK 34 45 12 33 28.4 2.0 1.5 2.5 4.7 11.4 8.2 7.6 33.5 0.1 0.9 1.9 2.3
281 Danilo Gallinari MIL 35 45 15 30 13.1 0.5 0.8 0.3 1.5 4.2 4.2 3.0 15.1 0.1 0.2 1.0 1.7
281 Draymond Green GSW 34 45 25 20 27.0 1.1 1.1 0.5 4.8 9.1 7.0 8.4 26.3 0.9 0.4 3.0 2.4
281 Jordan McLaughlin MIN 27 45 28 17 10.3 1.0 0.6 0.2 0.8 2.7 2.6 2.8 9.2 0.2 0.1 0.5 0.5
281 Keon Ellis SAC 24 45 28 17 14.6 0.6 0.4 1.0 0.9 4.9 3.3 3.0 15.1 0.5 0.1 1.6 0.7
281 Marvin Bagley III WAS 25 45 5 40 21.1 1.8 3.6 0.8 8.7 8.0 6.0 6.4 25.3 0.7 0.7 1.7 2.2
281 Talen Horton-Tucker UTA 23 45 12 33 19.5 1.2 0.7 1.5 4.4 8.1 5.9 6.2 19.4 0.4 0.5 1.8 1.6
281 Xavier Tillman BOS 25 45 24 21 19.4 1.0 0.8 0.4 3.8 7.1 5.6 6.2 19.7 0.9 0.5 1.6 0.9
289 Dalano Banton POR 24 44 22 22 15.7 1.2 0.9 2.1 3.7 6.5 4.6 5.7 16.7 0.3 0.5 1.2 1.3
289 Dante Exum DAL 28 44 27 17 19.3 1.4 0.7 1.5 4.3 5.0 5.6 5.4 19.9 0.1 0.3 1.5 1.5
289 Jaden Springer BOS 21 44 29 15 10.0 0.6 0.7 0.8 1.7 2.6 2.8 3.0 10.9 0.3 0.3 1.3 0.7
289 Jock Landale HOU 28 44 22 22 11.1 0.7 1.2 0.2 2.3 4.0 2.9 3.4 10.7 0.6 0.3 1.2 0.8
289 Kessler Edwards SAC 23 44 27 17 4.9 0.5 0.4 0.2 0.5 1.8 0.9 1.2 4.7 0.1 0.1 0.5 0.3
289 Mike Muscala OKC 32 44 12 32 12.1 0.3 0.5 0.1 0.9 4.5 3.5 3.7 14.5 0.3 0.2 1.0 0.6
289 Nick Smith Jr. CHA 19 44 8 36 14.5 1.0 0.5 0.5 1.3 5.1 4.1 4.0 14.5 0.2 0.2 1.2 0.3
289 OG Anunoby NYK 26 44 26 18 34.1 2.6 1.4 3.4 6.4 10.9 9.3 9.7 34.8 0.7 0.8 2.3 1.6
289 Seth Curry CHA 33 44 25 19 14.0 0.8 0.9 0.5 1.0 4.8 4.3 4.4 14.2 0.1 0.2 0.9 0.6
289 Shake Milton NYK 27 44 29 15 12.7 1.0 0.6 0.9 2.3 4.5 3.9 4.2 13.0 0.1 0.4 1.1 1.0
289 Wendell Carter Jr. ORL 24 44 25 19 26.1 1.3 2.4 0.6 5.7 9.1 6.0 8.0 24.2 0.5 0.4 2.2 2.7
300 Ish Smith CHA 35 43 6 37 17.2 0.5 0.2 0.4 2.0 6.5 4.3 4.9 19.5 0.1 0.2 1.1 0.3
300 Josh Richardson MIA 30 43 24 19 25.6 1.4 0.7 1.2 3.3 8.9 7.3 6.1 25.9 0.3 0.2 1.8 1.2
300 Patrick Williams CHI 22 43 19 24 27.3 1.6 1.3 1.1 3.5 8.9 7.3 8.4 26.5 0.8 0.7 2.0 1.2
303 Bradley Beal PHX 30 42 26 16 33.0 3.1 1.5 1.9 8.4 12.9 9.9 10.9 34.4 0.4 0.6 2.5 2.1
303 Cam Reddish LAL 24 42 24 18 22.1 1.5 0.5 1.1 2.4 8.8 6.8 7.4 23.4 0.3 0.4 1.5 1.0
303 Chuma Okeke ORL 25 42 21 21 9.8 0.4 0.4 0.4 0.7 4.0 2.1 2.7 10.2 0.2 0.0 0.5 0.1
303 Jordan Nwora TOR 25 42 13 29 12.2 1.2 0.6 1.1 3.2 4.5 3.8 4.7 14.4 0.2 0.3 1.0 0.8
303 Killian Hayes DET 22 42 7 35 24.0 1.0 0.4 0.7 2.9 9.8 7.2 6.8 28.3 0.5 0.3 1.8 1.3
303 Torrey Craig CHI 33 42 17 25 20.8 0.7 1.0 0.6 1.8 5.9 5.6 5.5 20.2 0.4 0.2 2.2 0.7
309 Delon Wright MIA 31 41 11 30 15.0 1.0 0.3 0.5 1.9 5.2 4.4 4.0 15.9 0.2 0.3 0.6 0.9
309 Gordon Hayward OKC 34 41 19 22 26.2 2.2 1.1 1.7 4.6 9.7 8.4 8.0 29.0 0.3 0.4 1.5 2.1
309 JaVale McGee SAC 36 41 25 16 7.8 0.8 0.8 0.2 3.6 3.6 2.1 2.3 7.8 0.5 0.1 1.1 0.9
309 Jalen McDaniels TOR 26 41 10 31 9.5 0.6 0.4 0.6 1.8 4.0 3.5 2.9 10.8 0.1 0.2 0.9 0.4
309 Jericho Sims NYK 25 41 26 15 13.4 0.2 0.7 0.0 1.9 4.4 3.7 3.1 12.8 0.4 0.0 1.0 0.6
309 Julian Strawther DEN 21 41 28 13 12.1 0.6 0.4 0.9 1.6 5.0 3.5 3.4 12.6 0.2 0.2 1.2 0.8
309 Marcus Morris Sr. CLE 34 41 23 18 17.6 1.0 1.2 0.4 1.5 5.5 5.1 5.9 17.9 0.3 0.1 1.6 0.9
309 Tristan Thompson CLE 33 41 25 16 12.4 0.1 1.6 0.1 3.4 4.6 3.0 3.9 11.6 0.3 0.2 1.4 1.3
317 Anthony Gill WAS 31 40 7 33 6.3 0.5 0.7 0.3 1.6 2.1 1.9 1.4 6.3 0.2 0.2 0.5 0.4
317 Chimezie Metu DET 27 40 22 18 13.2 1.2 0.4 0.8 2.9 5.4 3.5 4.1 13.2 0.3 0.3 1.3 0.9
317 Cody Zeller NOP 31 40 24 16 7.6 0.2 0.8 0.2 1.2 2.4 2.3 2.1 7.6 0.1 0.3 1.1 0.9
317 Desmond Bane MEM 25 40 14 26 34.3 4.0 2.5 3.7 8.7 13.2 9.9 10.3 32.3 0.6 1.5 2.8 3.0
317 Jae Crowder MIL 33 40 23 17 23.8 0.9 0.9 0.6 1.7 6.9 5.6 7.7 25.3 0.2 0.2 1.7 0.7
317 Johnny Davis WAS 22 40 6 34 10.8 0.5 0.4 0.6 1.7 3.0 3.4 3.0 12.3 0.2 0.2 1.0 0.4
317 Julian Phillips CHI 20 40 20 20 8.1 0.3 0.4 0.4 0.9 2.1 2.3 2.4 8.2 0.2 0.2 1.0 0.5
324 Evan Mobley CLE 22 39 24 15 30.9 2.0 3.1 1.4 11.8 10.8 8.9 9.0 29.5 1.5 0.8 2.8 2.8
324 Malcolm Brogdon POR 31 39 15 24 28.7 1.9 1.4 1.5 5.2 11.0 8.8 9.1 33.4 0.2 0.7 1.5 2.4
324 Nassir Little PHX 24 39 24 15 11.2 0.8 0.1 0.9 1.5 4.1 3.6 3.2 12.1 0.3 0.2 1.0 0.5
327 Cam Whitmore HOU 19 38 16 22 17.8 2.0 1.5 2.7 5.2 5.7 4.6 5.1 17.6 0.3 0.7 1.3 1.6
327 Omer Yurtseven UTA 25 38 15 23 9.5 0.5 1.3 0.1 2.9 3.8 2.3 3.5 10.9 0.4 0.2 1.2 0.7
327 Richaun Holmes WAS 30 38 12 26 13.5 0.5 1.4 0.6 3.9 4.8 3.8 4.5 14.9 0.5 0.4 1.8 0.9
327 Sandro Mamukelashvili SAS 24 38 8 30 6.4 0.6 0.4 0.3 1.4 2.2 1.9 1.4 5.9 0.2 0.2 0.6 0.4
331 GG Jackson MEM 19 37 11 26 23.6 2.4 1.6 1.9 4.8 10.0 7.4 8.2 25.3 0.5 0.7 1.3 2.0
331 Jacob Gilyard BKN 25 37 10 27 17.7 0.7 0.6 0.5 0.2 6.2 5.5 4.7 18.5 0.1 0.1 0.9 0.4
331 Kobe Brown LAC 24 37 25 12 8.0 0.3 0.1 0.3 0.7 3.5 2.7 2.7 9.2 0.1 0.1 1.1 0.1
334 Alex Len SAC 30 36 19 17 9.0 0.3 0.8 0.1 2.1 2.4 2.0 1.8 7.8 0.6 0.3 1.2 0.6
334 Bismack Biyombo OKC 31 36 17 19 21.0 0.8 1.1 0.3 3.8 8.1 5.8 6.2 20.2 1.0 0.4 2.4 1.2
334 De'Anthony Melton PHI 25 36 23 13 27.8 1.6 1.5 2.3 3.0 8.4 7.1 8.6 30.9 0.4 0.6 2.3 1.6
334 Eugene Omoruyi WAS 27 36 4 32 7.9 1.3 0.9 0.8 2.8 4.0 2.6 2.8 8.6 0.1 0.3 1.5 1.0
334 Luke Kennard MEM 27 36 13 23 25.2 2.0 1.2 1.5 1.2 9.5 8.3 8.8 27.7 0.0 0.3 1.1 0.8
334 Mason Plumlee LAC 34 36 22 14 14.7 0.7 1.0 0.3 3.9 5.2 4.6 5.6 16.8 0.4 0.3 1.4 2.1
334 Tyler Herro MIA 24 36 19 17 33.6 2.7 1.4 3.0 6.5 11.8 10.1 10.6 35.9 0.1 1.1 1.4 1.9
341 Furkan Korkmaz PHI 26 35 22 13 8.6 0.9 0.3 0.4 0.9 2.7 2.7 2.6 9.5 0.1 0.1 0.5 0.5
341 Gary Payton II GSW 31 35 19 16 15.2 1.1 1.1 0.8 3.3 4.9 3.5 4.8 15.4 0.3 0.3 1.6 0.6
341 Nikola Jovic MIA 20 35 17 18 18.1 1.2 0.2 0.7 2.1 5.7 5.3 4.3 18.3 0.3 0.2 1.9 1.1
341 Sasha Vezenkov SAC 28 35 18 17 12.6 0.5 0.8 0.5 2.0 4.9 3.1 3.4 13.0 0.2 0.3 1.0 0.4
345 Danuel House Jr. PHI 30 34 21 13 15.0 0.9 0.7 1.4 1.7 4.2 4.2 6.1 15.1 0.1 0.2 1.3 1.1
345 Joel Embiid PHI 30 34 26 8 34.0 3.2 4.4 2.1 14.6 10.1 9.4 11.1 35.9 1.8 1.4 2.9 7.7
345 Luka Samanic UTA 24 34 13 21 7.1 0.3 0.4 0.4 1.4 2.9 1.7 2.6 7.1 0.2 0.2 0.7 0.6
345 Olivier-Maxence Prosper DAL 21 34 20 14 7.7 0.3 0.3 0.7 1.0 2.3 2.4 3.1 8.5 0.1 0.1 0.5 0.6
345 Skylar Mays LAL 26 34 12 22 12.5 0.7 0.8 0.3 2.2 4.7 3.4 5.3 14.5 0.1 0.3 0.8 0.5
345 Thomas Bryant MIA 26 34 19 15 11.1 0.7 1.2 0.4 3.5 3.7 2.8 3.2 12.1 0.4 0.2 1.2 0.8
345 Yuta Watanabe MEM 29 34 18 16 13.7 0.8 0.4 0.7 0.8 5.1 4.6 3.5 13.9 0.2 0.2 1.1 0.4
352 A.J. Lawson DAL 23 33 20 13 7.4 0.8 0.6 1.1 1.9 2.5 2.3 3.0 8.3 0.1 0.2 0.6 0.4
352 Bol Bol PHX 24 33 22 11 11.3 0.6 1.2 0.6 3.3 4.5 3.5 4.3 10.1 0.6 0.1 1.1 0.3
352 Bruno Fernando ATL 25 33 15 18 13.2 0.5 1.4 0.1 4.2 4.5 4.0 3.8 12.7 0.7 0.4 1.9 1.2
352 Markelle Fultz ORL 25 33 20 13 21.6 1.5 0.8 1.3 6.1 6.5 5.5 6.2 21.0 0.3 0.6 1.5 1.0
352 Maxi Kleber DAL 32 33 19 14 20.9 0.6 0.5 0.0 1.3 7.2 5.5 6.2 21.8 0.6 0.1 2.0 1.2
357 Damian Jones CLE 28 32 21 11 7.5 0.5 0.4 0.3 2.1 3.2 1.8 2.4 6.0 0.4 0.1 0.8 0.6
357 Davis Bertans CHA 31 32 17 15 13.5 1.5 0.6 0.8 0.4 5.2 3.1 3.7 13.6 0.3 0.2 1.1 0.6
357 Jalen Wilson BKN 23 32 8 24 13.8 0.8 1.2 0.4 1.9 4.8 3.6 4.6 13.5 0.0 0.2 1.1 0.7
357 Jeremiah Robinson-Earl NOP 23 32 18 14 9.5 0.6 0.6 0.5 1.6 4.3 3.1 2.8 10.6 0.1 0.1 0.7 0.4
357 Reggie Bullock Jr. HOU 33 32 18 14 9.7 0.2 0.4 0.3 0.3 3.1 2.6 3.2 10.0 0.1 0.0 0.6 0.1
357 Shaedon Sharpe POR 20 32 8 24 33.1 3.1 2.1 2.2 5.7 12.2 10.3 11.5 39.2 0.4 1.0 2.8 3.6
357 Svi Mykhailiuk BOS 26 32 26 6 8.8 0.5 0.3 0.7 0.4 3.3 2.2 2.7 9.1 0.0 0.1 0.4 0.3
357 Trent Forrest ATL 25 32 15 17 11.0 0.6 0.1 0.4 1.5 3.7 3.1 3.9 12.6 0.1 0.1 0.8 0.4
365 Bones Hyland LAC 23 31 18 13 14.0 1.0 0.4 0.8 2.0 5.8 4.4 5.1 15.0 0.1 0.5 1.4 0.9
365 DeAndre Jordan DEN 35 31 21 10 11.5 0.3 1.3 0.1 3.4 4.5 3.5 3.3 11.2 0.5 0.4 1.7 1.5
365 Dominick Barlow SAS 20 31 5 26 12.9 0.4 1.0 0.2 2.8 3.4 4.5 3.3 15.6 0.5 0.2 1.5 1.0
365 Kevin Knox II DET 24 31 4 27 18.1 1.2 0.5 1.8 3.1 7.0 4.2 5.6 21.0 0.2 0.4 1.6 0.7
365 Lamar Stevens MEM 26 31 19 12 12.3 1.0 0.9 0.8 3.8 5.1 4.1 3.6 11.4 0.5 0.3 1.2 0.9
365 Lester Quinones GSW 23 31 18 13 11.7 0.5 0.6 0.7 1.1 4.2 2.5 3.9 12.6 0.1 0.2 1.3 1.1
365 Lindy Waters III OKC 26 31 21 10 6.4 0.4 0.3 0.5 0.1 2.1 1.9 2.3 5.7 0.2 0.0 0.6 0.0
365 Orlando Robinson MIA 23 31 17 14 9.6 0.7 0.6 0.1 1.8 3.7 2.9 2.3 8.6 0.3 0.2 1.1 0.8
365 Ousmane Dieng OKC 20 31 19 12 11.0 1.4 0.4 0.7 1.2 4.1 2.9 2.9 11.0 0.1 0.1 0.6 0.5
374 Wesley Matthews ATL 37 30 8 22 11.2 0.3 0.5 0.5 0.3 2.9 4.0 3.9 11.8 0.3 0.1 1.2 0.6
375 Jared Butler WAS 23 29 4 25 10.9 0.8 0.2 0.9 2.7 4.2 3.0 2.4 10.3 0.1 0.2 1.1 0.9
375 Jarred Vanderbilt LAL 24 29 14 15 20.0 1.0 0.6 1.3 3.5 7.8 5.9 7.0 19.9 0.2 0.4 1.5 1.4
375 Robert Covington PHI 33 29 20 9 16.8 1.1 0.8 0.5 1.6 6.1 5.0 5.6 16.0 0.6 0.2 1.9 0.7
375 Taylor Hendricks UTA 20 29 11 18 19.3 0.5 1.4 0.7 2.6 7.8 5.4 8.3 20.5 0.8 0.3 2.0 0.4
375 Thanasis Antetokounmpo MIL 31 29 19 10 4.7 0.1 0.1 0.2 0.9 2.5 1.8 1.7 3.7 0.1 0.1 0.8 0.2
375 Tre Mann CHA 23 29 17 12 21.2 1.0 0.5 0.8 3.9 6.5 6.3 5.9 21.2 0.0 0.4 1.1 1.6
381 Cody Martin CHA 28 28 7 21 26.9 1.3 0.7 1.2 3.3 8.6 7.3 7.2 28.6 0.6 0.7 1.7 1.5
381 Patrick Baldwin Jr. WAS 21 28 5 23 9.9 0.5 0.6 0.2 1.0 3.6 2.7 3.3 9.6 0.4 0.1 1.1 0.6
381 Patty Mills MIA 35 28 13 15 12.5 0.9 0.2 0.3 0.6 3.8 2.9 2.9 12.6 0.0 0.1 1.0 0.5
381 Rayan Rupert POR 19 28 5 23 10.2 0.5 0.3 0.5 1.2 4.3 2.8 3.7 9.8 0.0 0.3 0.9 0.5
381 Terry Taylor CHI 24 28 11 17 6.2 0.0 0.4 0.2 1.2 1.8 2.1 1.5 5.4 0.1 0.1 0.6 0.1
381 Thaddeus Young PHX 35 28 8 20 13.9 0.8 1.1 0.4 4.1 3.9 4.8 4.0 16.5 0.2 0.4 1.5 0.5
387 Jarace Walker IND 20 27 13 14 10.1 0.6 0.3 0.3 1.0 3.7 2.9 3.7 11.6 0.4 0.0 1.0 0.4
388 Brandon Boston Jr. LAC 22 26 15 11 8.5 0.7 0.7 0.4 1.8 3.9 3.1 3.4 11.1 0.3 0.3 1.0 0.6
388 Cory Joseph GSW 32 26 10 16 11.4 0.4 0.2 0.3 0.5 3.9 2.8 3.2 11.7 0.1 0.1 1.0 0.3
388 Jake LaRavia MEM 22 26 5 21 19.8 1.1 1.2 0.9 3.1 9.2 7.0 6.4 19.8 0.3 0.5 1.9 1.9
388 Jontay Porter TOR 24 26 6 20 13.8 0.5 0.9 0.2 1.5 5.1 3.3 3.8 16.5 0.8 0.1 1.3 0.4
388 Neemias Queta BOS 24 26 22 4 11.4 0.5 2.1 0.1 3.8 2.5 2.8 3.1 9.4 0.6 0.3 1.8 0.8
393 Justin Minaya POR 24 25 2 23 7.9 0.4 0.1 0.4 0.3 3.5 2.3 2.1 6.8 0.2 0.1 0.5 0.3
393 Maxwell Lewis LAL 21 25 12 13 3.3 0.1 0.0 0.0 0.2 1.9 1.4 1.1 3.6 0.0 0.0 0.2 0.0
393 Nathan Mensah CHA 25 25 3 22 12.3 0.2 0.4 0.0 0.9 4.3 3.6 4.2 11.8 0.6 0.1 2.6 0.8
393 Zach LaVine CHI 29 25 10 15 34.9 3.1 1.5 3.4 6.5 9.8 11.2 9.8 30.7 0.3 0.8 2.3 2.8
397 Derrick Rose MEM 35 24 6 18 16.6 1.3 0.5 0.6 4.0 5.5 5.8 3.5 16.3 0.1 0.6 0.9 1.3
397 Josh Minott MIN 21 24 18 6 2.8 0.2 0.2 0.3 0.8 0.6 0.8 1.0 3.2 0.2 0.1 0.3 0.3
397 Ricky Council IV PHI 22 24 9 15 9.0 1.0 1.1 1.5 2.9 2.6 2.7 2.8 10.3 0.0 0.2 0.5 1.6
397 Stanley Umude DET 24 24 4 20 12.8 0.7 0.2 1.0 0.9 5.8 2.8 4.3 13.7 0.3 0.2 1.7 0.9
401 Isaiah Livers WAS 25 23 1 22 20.4 0.8 0.3 0.8 1.3 8.1 6.8 5.8 24.5 0.2 0.3 1.9 0.7
401 Kira Lewis Jr. UTA 22 23 10 13 8.5 0.6 0.1 0.8 1.7 3.0 2.3 2.0 8.7 0.0 0.2 0.4 0.6
401 P.J. Tucker LAC 38 23 9 14 16.3 0.1 0.2 0.3 0.3 6.1 3.5 7.2 16.6 0.3 0.1 1.9 0.5
404 Evan Fournier DET 31 22 6 16 17.0 1.2 0.7 1.0 1.5 7.5 4.0 6.1 18.5 0.1 0.2 1.6 0.5
404 LaMelo Ball CHA 22 22 7 15 32.3 3.5 2.6 2.3 9.9 10.5 8.6 10.8 36.0 0.2 0.6 3.6 4.1
404 Leaky Black CHA 24 22 1 21 9.9 0.3 0.5 0.8 0.9 3.5 2.5 3.3 10.9 0.3 0.2 0.7 0.5
404 Matt Ryan NOP 26 22 12 10 16.5 0.8 1.5 1.0 0.5 6.9 5.6 5.0 18.1 0.0 0.0 1.4 0.8
404 Monte Morris MIN 28 22 14 8 14.8 0.7 0.5 0.6 1.5 4.1 3.2 5.6 15.6 0.2 0.3 0.3 0.6
404 Tari Eason HOU 22 22 12 10 21.8 2.3 2.0 2.2 5.7 6.4 6.5 3.9 20.4 0.9 0.8 2.3 1.1
410 Brice Sensabaugh UTA 20 21 6 15 15.7 0.8 1.0 1.0 2.3 6.6 4.0 7.1 16.4 0.1 0.2 1.0 0.7
410 Harry Giles III LAL 25 21 9 12 4.4 0.4 0.4 0.4 1.7 1.6 1.5 1.8 4.2 0.1 0.0 0.7 0.5
410 Jalen Hood-Schifino LAL 20 21 10 11 5.2 0.1 0.0 0.2 0.4 2.0 1.6 2.1 4.7 0.1 0.2 0.6 0.5
410 Jalen Pickett DEN 24 21 15 6 5.2 0.4 0.0 0.1 0.3 1.8 1.3 1.2 4.8 0.0 0.0 0.5 0.1
410 Mitchell Robinson NYK 25 21 12 9 29.2 0.8 3.2 0.1 5.5 10.1 7.2 9.8 29.2 1.3 0.5 1.9 1.9
410 Saben Lee PHX 24 21 12 9 8.5 0.6 0.2 0.9 1.5 3.7 2.0 2.6 7.7 0.1 0.3 0.6 1.2
416 Admiral Schofield ORL 26 20 13 7 3.6 0.2 0.2 0.0 0.3 2.0 1.2 1.1 4.0 0.0 0.2 0.4 0.2
416 Colby Jones SAC 21 20 10 10 6.7 0.0 0.2 0.1 1.6 3.0 1.8 1.7 5.8 0.1 0.2 0.9 0.3
416 Collin Gillespie DEN 24 20 13 7 9.0 0.3 0.5 0.4 1.0 2.7 2.2 1.7 9.7 0.0 0.2 1.1 0.5
416 Marcus Smart MEM 30 20 7 13 30.2 2.3 1.3 1.5 5.1 10.9 8.6 9.8 27.5 0.3 0.3 2.7 2.9
416 Markieff Morris DAL 34 20 11 9 8.4 0.3 0.2 0.2 0.4 3.0 3.2 3.5 10.2 0.1 0.1 0.6 0.4
416 Ryan Arcidiacono NYK 29 20 15 5 2.3 0.0 0.0 0.0 0.0 0.8 0.7 0.2 2.2 0.0 0.0 0.3 0.1
422 Charles Bassey SAS 23 19 3 16 10.8 0.0 0.7 0.2 3.1 4.7 3.3 5.1 11.2 0.9 0.1 1.6 0.5
422 Ibou Badji POR 21 19 5 14 10.8 0.1 0.8 0.1 1.2 4.5 3.7 3.6 10.2 1.1 0.2 2.2 0.6
422 Jamal Cain MIA 25 19 9 10 12.6 0.8 0.8 0.5 1.9 5.0 3.1 3.4 13.1 0.2 0.2 0.9 0.8
422 Mark Williams CHA 22 19 7 12 26.8 1.6 3.5 0.8 10.3 9.4 8.9 8.9 30.6 1.1 0.9 2.6 2.8
426 AJ Griffin ATL 20 18 8 10 7.4 0.1 0.0 0.4 0.3 2.6 1.6 2.2 8.8 0.1 0.1 0.3 0.1
426 Garrett Temple TOR 37 18 4 14 5.4 0.7 0.2 0.6 0.7 2.3 2.1 1.9 6.6 0.1 0.1 0.5 0.4
426 Gui Santos GSW 21 18 12 6 8.4 0.6 1.1 0.6 1.3 3.1 2.1 3.1 8.7 0.1 0.2 1.0 0.6
426 Luka Garza MIN 25 18 13 5 5.4 0.4 0.8 0.1 1.6 1.9 1.3 2.1 6.4 0.1 0.2 1.0 0.9
430 Aleksej Pokusevski CHA 22 17 10 7 11.4 0.2 0.5 0.6 1.4 5.6 2.9 4.4 11.8 0.4 0.1 0.7 0.4
430 Braxton Key DEN 27 17 12 5 3.2 0.2 0.0 0.3 0.5 0.9 0.8 0.7 2.8 0.1 0.1 0.3 0.2
430 Chris Livingston MIL 20 17 11 6 4.2 0.2 0.1 0.4 0.8 2.2 1.4 1.5 3.8 0.0 0.2 0.6 0.1
430 Jerome Robinson GSW 27 17 12 5 3.8 0.2 0.2 0.2 0.7 0.9 0.4 1.6 3.3 0.2 0.0 0.2 0.4
430 Kenneth Lofton Jr. UTA 21 17 5 12 6.3 0.4 0.2 0.1 1.3 2.0 2.1 1.7 6.2 0.2 0.4 0.9 0.6
430 Moses Brown POR 24 17 4 13 8.6 0.5 0.7 0.2 2.5 3.6 1.5 3.2 9.3 0.4 0.5 1.2 1.0
430 Taj Gibson DET 38 17 7 10 10.4 0.0 0.4 0.0 0.6 2.7 1.8 3.2 8.9 0.4 0.1 1.7 0.2
430 Theo Maledon PHX 22 17 5 12 12.5 0.7 0.4 0.5 1.8 6.4 3.0 4.2 12.0 0.0 0.4 1.2 1.2
430 Trey Jemison MEM 24 17 3 14 19.3 0.6 2.4 0.3 5.2 9.5 3.9 7.5 20.4 0.9 0.5 2.8 1.2
430 Wendell Moore Jr. MIN 22 17 13 4 2.9 0.2 0.0 0.2 0.6 1.1 0.8 1.2 3.8 0.1 0.0 0.2 0.0
440 Joe Harris DET 32 16 4 12 10.6 0.3 0.4 0.5 0.5 4.7 4.1 2.6 12.3 0.1 0.3 1.2 0.3
440 Nate Williams HOU 25 16 8 8 5.8 0.3 0.5 0.3 2.0 1.1 1.6 1.4 6.1 0.0 0.4 0.6 0.4
440 Robin Lopez MIL 35 16 10 6 4.0 0.0 0.0 0.0 0.6 1.6 1.9 1.3 3.6 0.2 0.1 0.4 0.3
443 Ben Simmons BKN 27 15 7 8 23.9 1.7 1.4 1.2 5.7 8.1 5.7 8.3 25.5 0.6 0.2 2.4 1.4
443 Devonte' Graham SAS 29 15 4 11 8.3 1.1 0.1 1.1 0.5 1.5 2.4 2.8 8.8 0.1 0.1 0.4 0.4
443 Onuralp Bitim CHI 24 15 7 8 14.4 0.7 0.8 0.8 1.7 5.3 5.1 3.3 13.7 0.1 0.3 1.2 0.5
443 Otto Porter Jr. TOR 30 15 6 9 11.6 0.0 0.0 0.1 0.5 3.9 3.2 3.3 10.9 0.3 0.1 1.3 0.1
447 Ashton Hagans POR 24 14 2 12 16.9 0.7 0.4 0.2 2.1 7.0 4.4 4.8 15.4 0.6 0.5 2.4 0.9
447 James Bouknight CHA 23 14 0 14 5.8 0.4 0.3 0.6 0.7 2.1 1.9 1.3 5.7 0.1 0.1 0.2 0.2
447 Jay Huff DEN 26 14 11 3 2.6 0.2 0.1 0.0 0.6 1.1 0.9 0.3 3.4 0.0 0.0 0.5 0.1
447 Jett Howard ORL 20 14 7 7 3.7 0.4 0.1 0.1 0.4 1.7 1.0 1.1 4.0 0.1 0.0 0.2 0.1
447 Olivier Sarr OKC 25 14 7 7 6.8 0.5 0.8 0.0 1.3 3.6 1.8 2.2 4.9 0.5 0.0 1.3 0.7
447 Udoka Azubuike PHX 24 14 10 4 7.7 0.2 0.7 0.1 2.3 4.3 3.1 2.0 7.1 0.4 0.2 1.2 0.6
453 Cole Swider MIA 24 13 5 8 6.2 0.6 0.0 0.8 0.6 2.2 1.8 1.0 5.8 0.1 0.0 0.2 0.1
453 DaQuan Jeffries NYK 26 13 8 5 2.6 0.0 0.0 0.0 0.5 0.6 0.9 0.0 2.0 0.0 0.1 0.2 0.1
453 Dylan Windler ATL 27 13 7 6 4.5 0.2 0.2 0.0 0.2 0.8 1.8 1.2 4.6 0.0 0.0 0.4 0.1
453 Trevelin Queen ORL 27 13 5 8 12.5 1.1 0.3 0.5 1.5 5.2 3.9 3.0 14.8 0.4 0.0 1.2 0.8
457 Boban Marjanovic HOU 35 12 8 4 4.6 0.2 0.8 0.0 1.7 2.1 1.0 2.3 4.5 0.1 0.1 0.4 0.8
457 Brandon Williams DAL 24 12 7 5 4.9 0.1 0.0 0.0 1.0 1.7 1.8 2.0 6.0 0.1 0.2 0.2 0.9
457 Daishen Nix MIN 22 12 9 3 3.3 0.3 0.0 0.6 0.5 0.4 1.2 1.2 3.2 0.0 0.2 0.1 0.2
457 Emoni Bates CLE 20 12 6 6 8.2 0.8 0.0 0.2 0.3 4.0 2.6 3.2 6.7 0.2 0.2 0.4 0.4
457 Jules Bernard WAS 24 12 1 11 7.1 0.5 1.1 0.3 1.7 3.1 3.1 2.3 7.5 0.1 0.1 0.7 0.8
457 Noah Clowney BKN 19 12 4 8 8.5 0.3 0.8 0.2 1.8 2.5 3.8 2.6 8.3 0.1 0.2 0.5 0.6
457 Terquavion Smith PHI 21 12 4 8 5.8 0.6 0.5 0.4 0.7 2.2 2.3 1.8 6.8 0.0 0.3 0.3 0.3
464 Hunter Tyson DEN 23 11 8 3 2.9 0.5 0.0 0.0 0.2 0.7 0.5 0.7 2.7 0.0 0.0 0.6 0.0
464 Javon Freeman-Liberty TOR 24 11 1 10 13.4 1.3 0.6 1.0 2.2 7.2 4.5 4.9 14.2 0.2 0.2 1.0 1.0
464 Jermaine Samuels Jr. HOU 25 11 6 5 4.8 0.0 0.2 0.5 1.5 1.2 1.2 1.2 5.3 0.1 0.1 0.4 0.3
464 Johnny Juzang UTA 23 11 3 8 13.7 0.7 0.2 0.7 1.5 3.8 3.5 5.5 12.5 0.0 0.2 1.1 0.2
464 Juan Toscano-Anderson SAC 30 11 7 4 4.8 0.0 0.0 0.2 0.4 1.8 1.5 0.8 3.6 0.1 0.2 1.0 0.0
464 Moussa Diabate LAC 22 11 7 4 5.8 0.0 1.1 0.0 1.8 3.4 2.3 1.3 5.5 0.1 0.3 0.4 0.9
464 Nate Hinton HOU 24 11 6 5 5.2 0.2 0.5 0.6 0.5 1.3 0.9 1.5 5.1 0.2 0.2 0.9 0.3
464 Tosan Evbuomwan DET 23 11 0 11 18.0 1.0 0.3 0.9 2.7 8.0 4.9 6.9 20.4 0.2 0.3 1.3 1.1
472 Armoni Brooks BKN 25 10 3 7 10.4 0.3 0.8 0.8 0.8 2.3 3.9 2.1 9.0 0.1 0.4 0.3 0.1
472 Ish Wainright PHX 29 10 2 8 6.1 0.0 0.0 0.5 0.0 2.0 0.5 2.0 3.4 0.1 0.0 0.8 0.2
472 Kendall Brown IND 20 10 6 4 3.6 0.4 0.2 0.2 1.0 1.3 0.6 1.6 3.2 0.0 0.0 0.4 0.4
472 Ryan Rollins MIL 21 10 1 9 6.6 1.7 0.7 0.6 2.0 1.5 1.8 1.6 4.8 0.3 0.2 0.7 1.4
472 Scotty Pippen Jr. MEM 23 10 2 8 23.2 1.9 1.0 2.9 4.0 10.1 7.1 9.1 22.2 0.5 0.3 2.5 3.0
472 Vit Krejci ATL 23 10 4 6 22.8 0.7 0.7 1.1 1.4 8.8 6.1 7.8 23.4 0.4 0.2 2.1 0.3
478 Dru Smith MIA 26 9 7 2 14.5 0.3 0.7 0.0 1.8 4.9 5.4 4.0 13.3 0.3 0.1 1.3 0.7
478 Ja Morant MEM 24 9 6 3 35.3 2.6 1.7 3.3 13.8 13.0 10.3 11.7 38.0 0.6 1.8 2.1 5.3
478 Jacob Toppin NYK 23 9 2 7 4.2 0.0 0.2 0.4 0.7 2.3 0.6 1.6 3.3 0.1 0.1 0.3 0.1
478 Jaylen Nowell MEM 24 9 3 6 17.3 0.6 0.4 0.4 2.0 4.0 5.6 4.4 18.2 0.0 0.0 1.4 0.4
478 Justin Champagnie WAS 22 9 2 7 13.7 1.3 0.7 1.1 2.2 4.4 4.3 3.8 13.6 0.6 0.3 0.9 0.6
478 Keyontae Johnson OKC 23 9 7 2 7.4 0.0 0.2 0.2 0.7 3.7 0.8 3.2 6.9 0.0 0.2 0.6 0.0
478 Kobe Bufkin ATL 20 9 6 3 9.9 0.9 0.6 0.3 1.1 2.8 2.6 3.1 10.2 0.1 0.4 0.7 0.2
478 Leonard Miller MIN 20 9 8 1 3.3 0.0 0.2 0.0 1.1 0.8 0.6 1.3 4.0 0.1 0.1 0.4 0.0
478 Seth Lundy ATL 23 9 2 7 5.8 0.3 0.3 0.3 0.0 3.6 1.9 1.8 8.0 0.0 0.2 0.7 0.3
487 Charlie Brown Jr. NYK 27 8 2 6 4.7 0.0 0.0 0.4 0.0 1.8 0.5 0.8 3.0 0.3 0.1 0.6 0.1
487 E.J. Liddell NOP 23 8 3 5 2.9 0.3 0.0 0.0 0.3 1.4 1.4 0.8 3.3 0.3 0.0 0.3 0.1
487 Jared Rhoden DET 24 8 1 7 9.0 0.6 0.8 0.5 2.0 4.3 3.1 2.3 9.0 0.5 0.1 1.1 0.3
487 Jordan Miller LAC 24 8 5 3 3.5 0.0 0.5 0.3 1.0 2.0 2.1 1.8 5.3 0.0 0.3 0.3 0.1
487 Matt Hurt MEM 23 8 2 6 14.2 1.1 0.9 0.0 1.0 6.1 5.8 2.8 14.8 0.4 0.1 1.0 0.6
487 Micah Potter UTA 25 8 2 6 10.9 0.8 0.3 0.4 1.0 3.3 3.8 4.5 8.5 0.1 0.0 0.5 0.4
487 Oscar Tshiebwe IND 24 8 2 6 5.2 0.4 0.3 0.3 2.3 1.5 0.9 2.9 4.8 0.1 0.5 0.4 0.6
487 R.J. Hampton MIA 23 8 3 5 9.5 0.1 0.0 0.5 0.8 4.3 2.5 3.6 9.8 0.0 0.1 1.0 0.1
487 Xavier Moon LAC 29 8 5 3 4.4 0.0 0.3 0.0 0.5 2.4 1.3 1.8 6.0 0.1 0.0 0.5 0.4
496 Colin Castleton LAL 23 7 3 4 5.1 0.6 0.3 0.3 1.7 2.4 2.1 0.6 6.3 0.0 0.0 1.0 0.3
496 D'Moi Hodge LAL 25 7 1 6 5.9 0.9 0.0 0.4 0.3 4.0 3.1 0.9 7.1 0.1 0.0 0.6 0.1
496 DeJon Jarreau MEM 26 7 2 5 17.1 0.6 1.4 0.3 2.3 5.3 3.3 7.3 15.1 0.1 0.1 1.7 0.7
496 Jahmi'us Ramsey TOR 22 7 0 7 17.3 1.4 0.4 2.1 2.9 7.3 6.1 7.7 19.7 0.0 0.3 1.4 0.7
496 Jalen Slawson SAC 24 7 5 2 4.1 0.0 0.0 0.6 0.9 2.9 1.6 1.4 5.1 0.1 0.0 0.9 0.0
496 James Johnson IND 37 7 3 4 5.0 0.0 0.0 0.0 0.3 1.7 2.0 2.1 4.3 0.1 0.1 1.0 0.1
496 T.J. Warren MIN 30 7 4 3 14.1 0.9 1.0 0.3 1.7 4.4 3.0 4.3 17.4 0.1 0.1 1.4 0.1
503 Amari Bailey CHA 20 6 0 6 4.3 0.3 0.7 0.3 0.7 2.2 0.7 1.3 3.0 0.0 0.0 0.0 0.2
503 Dereon Seabron NOP 23 6 3 3 9.2 0.0 0.3 0.3 1.0 4.0 2.2 1.8 8.7 0.2 0.2 0.7 0.7
503 Greg Brown III DAL 22 6 3 3 6.6 0.3 0.3 1.2 1.3 3.5 2.3 5.8 12.3 0.7 0.2 0.8 0.8
503 Isaiah Mobley CLE 24 6 1 5 8.5 0.0 0.0 0.3 1.0 2.3 1.8 1.3 4.7 0.0 0.0 0.8 0.0
503 JD Davison BOS 21 6 6 0 1.9 0.0 0.3 0.0 0.0 0.0 0.5 0.3 2.0 0.0 0.0 0.2 0.2
503 Jamaree Bouyea SAS 24 6 0 6 9.5 1.0 0.3 0.7 1.3 3.2 2.0 3.3 9.0 0.0 0.3 0.5 0.2
503 Jeff Dowtin Jr. PHI 26 6 1 5 13.6 1.0 1.7 1.5 1.0 3.2 4.5 1.8 13.0 0.2 0.2 0.0 0.3
503 Jordan Ford SAC 25 6 2 4 3.6 0.7 0.0 0.0 0.3 0.3 1.2 0.0 3.3 0.0 0.0 0.0 0.2
503 Jordan Walsh BOS 20 6 6 0 6.7 0.3 0.0 0.7 1.0 1.3 1.2 2.2 4.3 0.2 0.0 1.0 0.0
503 Robert Williams III POR 26 6 2 4 19.8 0.0 3.0 0.0 4.3 7.5 4.3 8.2 20.7 1.2 0.7 2.8 1.3
503 Sidy Cissoko SAS 19 6 1 5 5.3 0.3 0.0 0.7 0.3 2.0 1.7 2.0 5.0 0.0 0.2 0.3 0.3
514 Frank Ntilikina CHA 25 5 0 5 8.6 0.0 0.0 0.0 0.0 2.6 2.6 1.6 10.4 0.0 0.0 0.8 0.2
514 Gabe Vincent LAL 27 5 2 3 25.5 0.4 0.0 0.4 2.4 9.8 8.6 4.4 19.2 0.0 0.2 2.4 0.6
514 Mouhamadou Gueye TOR 25 5 0 5 6.7 0.0 0.4 0.0 1.2 4.6 4.8 2.6 9.2 1.4 0.4 1.0 0.8
514 TyTy Washington Jr. MIL 22 5 3 2 4.1 0.6 0.0 0.0 0.0 2.6 0.4 1.4 1.6 0.0 0.0 0.0 0.2
514 Wenyen Gabriel MEM 26 5 1 4 16.2 0.0 0.8 0.4 2.8 7.6 3.2 4.6 12.8 0.4 0.4 2.0 1.2
519 Adama Sanogo CHI 22 4 1 3 2.9 0.0 1.0 0.0 2.0 0.5 0.0 0.5 0.5 0.0 0.0 0.0 0.5
519 Alex Fudge DAL 20 4 1 3 3.6 0.0 0.5 0.0 0.5 3.8 1.3 0.5 4.0 0.0 0.3 0.3 0.3
519 D.J. Carton TOR 23 4 2 2 8.9 0.0 0.0 0.0 1.0 3.5 7.5 0.5 10.5 0.0 0.0 0.8 0.8
519 Dexter Dennis DAL 25 4 1 3 7.5 0.5 0.0 0.5 4.0 3.8 3.3 5.8 12.0 0.3 0.0 0.3 0.8
519 Jason Preston UTA 24 4 1 3 7.6 0.0 1.0 0.0 1.0 2.3 1.0 1.3 6.5 0.0 0.0 0.3 0.0
519 Keon Johnson BKN 22 4 0 4 12.8 1.5 1.3 0.0 1.0 2.3 5.8 5.0 15.0 0.3 0.3 1.0 1.8
519 Marques Bolden CHA 25 4 2 2 3.9 0.0 0.0 0.0 0.0 1.3 0.8 1.8 4.0 0.0 0.0 0.5 0.3
526 Buddy Boeheim DET 24 3 0 3 9.5 1.0 1.0 0.0 0.0 2.7 3.7 3.3 10.7 0.0 0.0 0.3 0.7
526 Darius Bazley UTA 23 3 0 3 3.3 0.0 0.0 0.0 0.0 2.3 0.0 1.3 4.7 0.0 0.3 0.0 0.0
526 Filip Petrusev SAC 23 3 2 1 3.1 0.0 0.0 0.0 0.7 0.7 0.7 0.0 2.7 0.0 0.0 0.3 0.3
526 Lindell Wigginton MIL 25 3 3 0 2.5 0.0 0.0 0.0 1.3 2.7 1.7 3.3 4.0 0.0 0.0 0.3 0.3
526 Mamadi Diakite SAS 27 3 2 1 5.3 0.0 0.3 0.7 2.7 0.0 1.7 1.3 4.0 0.3 0.0 0.3 1.0
526 Pat Spencer GSW 27 3 1 2 2.0 0.0 0.0 0.7 0.7 0.0 1.3 0.0 1.3 0.0 0.0 0.0 0.0
526 Pete Nance CLE 24 3 1 2 2.5 0.0 0.0 0.0 0.0 0.0 0.0 0.0 0.7 0.0 0.0 0.0 0.0
526 Shaquille Harrison MEM 30 3 1 2 2.0 0.0 0.0 0.0 0.7 0.0 0.3 1.0 2.7 0.3 0.0 0.0 0.0
526 Taze Moore POR 25 3 1 2 3.4 0.7 0.0 0.7 2.0 2.0 0.7 1.3 2.7 0.0 0.0 0.7 0.3
526 Usman Garuba GSW 22 3 2 1 2.6 0.0 0.0 0.0 0.0 1.0 1.3 1.7 2.7 0.0 0.3 0.7 0.0
536 Alondes Williams MIA 24 2 2 0 4.7 0.0 0.0 0.0 0.0 4.5 0.5 4.0 6.0 0.0 0.5 0.0 0.0
536 Andrew Funk CHI 24 2 1 1 1.3 0.0 0.0 0.0 0.0 0.0 0.0 0.0 0.0 0.0 0.5 0.0 0.0
536 Danny Green PHI 36 2 1 1 9.2 0.0 0.0 0.0 0.0 4.0 2.5 2.5 9.0 0.0 0.0 0.5 0.0
536 Dariq Whitehead BKN 19 2 1 1 12.0 0.0 1.0 0.0 1.0 1.5 7.0 3.5 14.0 0.5 0.5 0.0 0.5
536 Dmytro Skapintsev NYK 25 2 0 2 1.1 0.0 0.0 0.0 0.0 0.0 0.0 0.0 1.0 0.0 0.0 0.0 0.0
536 Hamidou Diallo WAS 25 2 1 1 2.4 0.0 1.0 0.0 1.0 0.0 0.0 0.0 1.0 0.0 0.0 0.5 0.0
536 Joshua Primo LAC 21 2 2 0 5.1 0.0 0.0 0.0 1.0 4.0 3.5 1.0 9.0 0.5 0.5 0.0 0.0
536 Justin Jackson MIN 28 2 2 0 0.4 0.0 0.0 0.0 0.0 0.0 0.0 0.0 0.0 0.0 0.0 0.0 0.0
536 Kevon Harris ORL 26 2 1 1 3.0 0.0 0.0 0.0 1.0 1.0 2.0 1.0 4.0 0.0 0.0 1.5 0.0
536 Maozinha Pereira MEM 23 2 1 1 9.5 0.0 0.0 0.0 1.0 2.5 0.0 6.5 9.0 0.0 0.5 1.0 0.0
536 Mouhamed Gueye ATL 21 2 2 0 2.2 0.0 0.0 0.0 0.0 1.5 0.0 0.0 3.0 0.0 0.0 0.5 0.0
536 Ty Jerome CLE 26 2 1 1 7.4 0.0 0.0 0.0 1.0 3.5 2.0 5.5 12.0 0.0 0.0 1.0 0.0
548 Adam Flagler OKC 24 1 1 0 5.5 0.0 0.0 0.0 0.0 2.0 0.0 4.0 10.0 0.0 0.0 0.0 0.0
548 D.J. Wilson PHI 28 1 1 0 1.5 0.0 0.0 0.0 0.0 0.0 0.0 0.0 2.0 0.0 0.0 0.0 0.0
548 Drew Peterson BOS 24 1 1 0 2.6 0.0 0.0 0.0 0.0 0.0 2.0 0.0 4.0 0.0 0.0 1.0 0.0
548 Henri Drell CHI 23 1 0 1 2.9 0.0 2.0 0.0 2.0 0.0 0.0 0.0 2.0 0.0 0.0 0.0 0.0
548 Isaiah Thomas PHX 35 1 1 0 1.8 0.0 0.0 0.0 0.0 0.0 0.0 2.0 2.0 0.0 0.0 0.0 0.0
548 Izaiah Brockington NOP 24 1 1 0 3.4 0.0 0.0 2.0 4.0 0.0 3.0 2.0 8.0 0.0 1.0 0.0 0.0
548 Jalen Crutcher NOP 24 1 1 0 2.7 0.0 0.0 0.0 0.0 2.0 0.0 0.0 4.0 0.0 0.0 0.0 0.0
548 Javonte Smart PHI 24 1 1 0 0.7 0.0 0.0 0.0 0.0 0.0 3.0 0.0 0.0 0.0 0.0 0.0 0.0
548 Kaiser Gates NOP 27 1 0 1 7.4 0.0 0.0 0.0 0.0 3.0 4.0 0.0 6.0 0.0 1.0 0.0 0.0
548 Malcolm Cazalon DET 22 1 0 1 2.6 0.0 0.0 0.0 0.0 0.0 2.0 0.0 6.0 0.0 0.0 0.0 0.0
548 Markquis Nowell TOR 24 1 0 1 3.5 0.0 0.0 0.0 0.0 0.0 0.0 0.0 2.0 0.0 1.0 0.0 1.0
548 Mason Jones SAC 25 1 0 1 13.0 0.0 0.0 1.0 0.0 6.0 0.0 0.0 0.0 0.0 1.0 0.0 2.0
548 Quenton Jackson IND 25 1 1 0 1.8 0.0 0.0 0.0 0.0 4.0 0.0 2.0 2.0 0.0 0.0 0.0 0.0
548 Ron Harper Jr. TOR 23 1 1 0 3.7 0.0 0.0 0.0 0.0 5.0 5.0 1.0 10.0 0.0 0.0 2.0 0.0
548 Tristan Vukcevic WAS 21 1 1 0 3.0 0.0 0.0 0.0 0.0 2.0 0.0 0.0 6.0 0.0 0.0 0.0 0.0