VS PLAYER TEAM GP W L MIN OPP
FGM OPP
FGA OPP
FG% OPP
3PM OPP
3PA OPP
3P% OPP
FTM OPP
FTA OPP
FT% OPP
OREB OPP
DREB OPP
REB OPP
AST OPP
TOV OPP
STL OPP
BLK OPP
BLKA OPP
PF OPP
PFD OPP
PTS +/-



















1 Toppin, Obi IND 72 40 32 45.6 43.6 85.9 50.7 9.9 27.3 36.1 20.1 25.2 79.9 9.8 30.2 40.0 23.2 13.4 6.7 5.2 5.8 18.2 21.3 117.1 -2.6
2 Alexander-Walker, Nickeil MIN 71 49 22 47.9 38.1 85.5 44.6 11.5 32.4 35.6 18.3 23.6 77.6 10.3 31.3 41.6 23.9 14.8 7.4 4.1 6.3 18.7 19.8 106.0 -7.1
2 Braun, Christian DEN 71 50 21 48.8 40.1 90.3 44.4 11.9 32.2 36.9 19.2 24.7 77.8 12.5 32.7 45.1 24.3 12.2 6.8 6.3 6.6 18.5 20.8 111.4 2.3
2 Bridges, Mikal BKN 71 26 45 48.6 42.1 89.2 47.2 12.7 33.7 37.7 17.5 21.7 80.5 10.4 35.2 45.6 25.5 12.6 6.9 4.8 5.4 18.5 18.7 114.4 3.1
2 Drummond, Andre CHI 71 34 37 49.1 41.2 87.0 47.3 15.1 40.4 37.4 16.9 20.9 80.6 10.5 29.9 40.4 27.3 14.2 7.2 6.1 5.4 22.7 19.1 114.3 0.8
2 Jackson, Reggie DEN 71 50 21 48.1 40.3 87.8 45.9 11.7 31.4 37.3 18.3 23.8 76.8 11.1 31.9 43.0 25.5 11.8 7.1 4.6 5.4 18.4 19.9 110.6 -2.3
2 Niang, Georges CLE 71 43 28 48.6 41.3 88.6 46.6 12.7 35.1 36.3 17.9 23.3 76.8 10.3 32.9 43.1 25.3 12.2 7.6 4.6 4.7 18.5 19.3 113.2 -0.7
2 Portis, Bobby MIL 71 46 25 47.7 43.4 89.5 48.5 12.6 34.7 36.4 17.7 21.9 80.6 10.1 32.3 42.3 27.2 12.2 6.2 4.1 4.5 18.6 20.3 117.1 -0.4
2 Pritchard, Payton BOS 71 57 14 49.7 42.1 91.1 46.2 12.2 35.0 34.8 14.1 18.3 77.0 10.8 31.5 42.3 25.0 11.9 5.7 4.0 6.3 17.9 17.1 110.5 -11.7
2 Reaves, Austin LAL 71 39 32 47.1 44.0 91.1 48.2 14.3 37.1 38.4 14.2 17.6 80.4 10.3 32.4 42.7 28.2 12.4 7.8 4.7 5.4 20.2 15.1 116.3 1.3
2 Reed, Paul PHI 71 39 32 49.5 41.9 86.2 48.6 12.2 33.6 36.3 18.6 23.9 77.9 11.0 33.7 44.8 26.9 16.1 6.3 7.1 6.0 17.5 21.5 114.6 -1.2
2 Sexton, Collin UTA 71 29 42 46.9 43.5 88.6 49.1 14.8 35.9 41.2 17.5 22.5 78.0 10.4 29.6 39.9 29.1 12.2 7.5 6.9 5.2 19.2 18.5 119.3 1.6
2 Sochan, Jeremy SAS 71 15 56 47.2 44.4 90.3 49.1 11.9 32.9 36.1 15.1 19.0 79.4 10.1 33.4 43.5 28.1 12.6 8.8 4.5 6.4 16.6 16.4 115.7 7.7
2 Valanciunas, Jonas NOP 71 44 27 48.7 41.6 89.5 46.5 14.8 39.8 37.0 15.0 19.6 76.9 9.7 31.1 40.8 28.6 12.6 6.5 5.3 5.5 18.6 18.7 113.1 -5.3
15 Anthony, Cole ORL 70 42 28 49.0 39.9 84.7 47.1 11.5 33.7 34.3 18.0 23.7 76.2 9.7 30.3 40.1 23.5 15.0 7.8 4.8 5.6 21.7 21.7 109.3 -2.9
15 Barnes, Harrison SAC 70 41 29 47.4 43.0 86.2 49.9 13.3 33.2 39.9 17.4 21.5 80.7 8.4 34.6 43.0 28.5 13.4 7.2 4.5 3.2 17.6 18.8 116.7 2.6
15 Green, Jalen HOU 70 35 35 47.7 41.1 87.9 46.8 12.7 35.6 35.6 18.0 24.0 75.1 10.5 33.9 44.4 25.3 12.4 7.0 5.8 4.1 19.5 19.8 113.0 -1.3
15 Holmgren, Chet OKC 70 49 21 46.8 39.7 88.5 44.9 13.3 36.5 36.4 17.7 22.1 79.9 12.2 31.5 43.7 26.0 14.4 6.4 5.3 7.3 18.8 18.1 110.4 -8.2
15 Porter Jr., Michael DEN 70 50 20 48.9 41.8 88.5 47.2 11.2 31.5 35.6 16.5 21.1 78.3 10.1 31.4 41.5 26.7 12.1 7.2 4.8 4.9 18.9 16.9 111.3 -8.8
15 Reid, Naz MIN 70 49 21 47.9 37.8 86.4 43.7 11.1 32.6 34.0 17.7 22.6 78.1 10.8 31.6 42.4 23.5 14.9 7.0 5.0 6.9 19.0 19.2 104.3 -7.3
15 Sabonis, Domantas SAC 70 41 29 47.9 42.3 85.9 49.2 13.2 32.9 39.9 17.9 21.9 81.7 8.4 33.1 41.5 28.2 13.6 7.5 4.7 3.5 18.0 19.2 115.6 -1.0
15 Wallace, Cason OKC 70 49 21 47.4 40.2 87.0 46.2 12.5 34.2 36.5 18.4 23.2 79.5 12.5 32.2 44.7 26.6 16.6 7.5 5.1 6.6 17.5 19.4 111.3 -3.1
23 Banchero, Paolo ORL 69 41 28 48.8 41.2 85.1 48.4 11.7 31.7 36.9 18.1 23.4 77.4 9.0 32.0 41.1 24.9 15.3 8.4 4.8 5.2 21.4 20.1 112.2 -0.2
23 DeRozan, DeMar CHI 69 33 36 48.9 41.6 87.3 47.6 14.7 40.0 36.8 17.0 21.8 78.2 9.9 33.9 43.8 28.1 13.6 6.4 4.8 4.8 19.6 18.7 114.9 1.8
23 DiVincenzo, Donte NYK 69 42 27 49.3 42.3 88.1 48.0 13.8 35.7 38.6 15.5 20.2 77.1 10.2 31.1 41.3 27.7 13.6 6.7 5.0 4.6 19.2 18.0 113.9 -2.5
23 Dosunmu, Ayo CHI 69 34 35 48.9 41.7 88.3 47.2 14.2 39.3 36.1 17.5 22.5 78.1 10.7 33.8 44.5 28.1 13.6 6.7 5.3 5.1 17.9 19.3 115.1 3.4
23 Giddey, Josh OKC 69 49 20 46.8 40.9 88.5 46.2 12.9 35.6 36.3 16.6 21.2 78.2 12.1 32.1 44.2 27.8 14.5 6.9 5.3 7.1 17.8 17.9 111.2 -8.0
23 Gilgeous-Alexander, Shai OKC 69 49 20 46.9 39.3 86.6 45.4 13.0 36.1 36.0 18.8 23.8 79.2 11.6 32.4 44.0 26.2 15.6 6.1 5.0 6.7 19.2 19.1 110.5 -10.7
23 Hart, Josh NYK 69 41 28 50.0 41.2 88.7 46.5 13.2 35.7 36.9 14.8 19.6 75.3 10.2 31.3 41.5 25.7 13.7 6.9 5.7 4.4 19.8 17.7 110.4 -4.8
23 Kispert, Corey WAS 69 13 56 46.0 44.6 89.4 49.8 12.3 33.9 36.3 17.5 22.5 77.8 11.6 34.9 46.5 27.6 12.6 7.9 6.2 4.1 18.1 19.1 119.0 10.8
23 Kuminga, Jonathan GSW 69 35 34 46.9 41.0 88.5 46.3 12.2 35.4 34.4 17.7 22.5 78.6 10.8 32.1 42.9 26.2 13.3 7.6 5.2 4.3 17.8 19.2 111.9 -2.8
23 Monk, Malik SAC 69 41 28 47.0 40.7 84.1 48.4 12.8 32.2 39.6 20.7 25.8 80.3 9.3 31.5 40.8 25.7 13.3 7.6 4.8 4.2 19.8 20.8 114.9 -0.5
23 Poole, Jordan WAS 69 13 56 45.7 44.9 89.4 50.2 12.1 32.4 37.3 18.3 23.3 78.6 11.7 35.5 47.2 28.5 13.2 7.2 5.2 5.0 16.9 19.3 120.1 10.9
23 Wagner, Moritz ORL 69 41 28 48.3 40.6 84.3 48.2 11.9 34.1 35.0 17.9 23.5 76.2 9.0 29.1 38.1 24.8 14.8 7.7 4.9 4.9 21.7 21.3 111.1 -2.7
23 Watson, Peyton DEN 69 49 20 48.8 40.2 90.8 44.3 11.0 31.4 35.1 20.9 26.8 78.0 13.1 32.4 45.5 24.1 11.8 7.3 5.5 7.0 17.7 21.6 112.3 2.7
36 Anderson, Kyle MIN 68 48 20 48.0 37.8 85.2 44.4 11.5 33.2 34.5 18.6 23.1 80.3 9.9 31.4 41.3 23.7 14.7 7.1 4.8 6.5 20.4 19.3 105.6 -4.6
36 Beasley, Malik MIL 68 43 25 46.6 42.4 91.8 46.2 11.8 33.6 35.0 15.0 19.1 78.6 10.2 33.5 43.7 26.3 11.3 6.6 4.0 5.4 18.8 17.2 111.6 -7.8
36 Camara, Toumani POR 68 19 49 48.5 41.3 86.4 47.8 11.4 33.0 34.6 18.4 23.2 79.3 10.7 32.9 43.6 26.7 15.4 9.3 6.8 4.1 18.1 20.3 112.4 5.3
36 Dort, Luguentz OKC 68 47 21 47.1 40.3 87.8 45.8 13.5 37.2 36.4 18.3 23.3 78.4 11.6 32.1 43.7 27.0 15.2 6.4 4.9 6.5 18.9 19.2 112.3 -7.6
36 Edwards, Anthony MIN 68 47 21 48.8 39.3 88.1 44.6 11.2 32.8 34.3 17.7 22.4 79.3 10.4 30.5 40.9 24.5 13.8 7.6 4.6 6.3 19.3 18.9 107.6 -8.9
36 Hauser, Sam BOS 68 55 13 48.7 40.6 91.6 44.3 11.6 35.2 32.9 14.9 19.0 78.3 11.4 32.4 43.8 24.6 11.3 6.1 4.1 6.7 16.9 17.1 107.7 -13.3
36 Jokic, Nikola DEN 68 48 20 48.9 42.0 89.2 47.1 11.1 31.8 34.8 15.6 19.8 78.6 9.8 31.0 40.8 27.0 12.4 7.4 4.4 4.7 18.6 16.2 110.7 -11.6
36 Lopez, Brook MIL 68 45 23 46.6 42.2 91.7 46.1 11.6 33.2 34.9 15.0 18.6 80.2 10.1 33.3 43.5 25.9 10.8 6.9 4.2 5.5 19.6 16.9 111.0 -7.0
36 Turner, Myles IND 68 38 30 46.8 44.0 88.8 49.6 10.4 28.2 37.1 17.7 23.0 77.0 10.1 33.0 43.1 24.7 12.2 5.8 5.1 6.1 17.6 19.2 116.2 -4.1
36 White, Coby CHI 68 32 36 49.2 41.8 88.4 47.3 14.7 40.4 36.4 17.0 21.8 78.4 10.1 33.5 43.6 28.9 13.4 6.6 5.0 4.5 18.9 18.8 115.4 0.4
46 Bogdanovic, Bogdan ATL 67 30 37 47.1 42.0 86.4 48.5 13.9 36.6 37.9 16.2 20.8 77.9 10.0 32.7 42.7 26.8 13.9 7.1 5.4 4.1 18.6 17.1 114.0 -3.4
46 Davis, Anthony LAL 67 38 29 47.1 43.6 91.6 47.6 14.3 36.7 39.1 13.8 17.2 80.5 10.3 32.4 42.7 28.1 12.8 7.8 4.8 5.8 19.5 14.7 115.3 -1.4
46 Hardaway Jr., Tim DAL 67 40 27 46.8 43.0 89.1 48.3 13.0 35.8 36.3 16.7 22.0 75.7 11.6 33.7 45.3 27.3 13.2 6.7 3.9 4.0 21.7 18.4 115.7 -0.6
46 Holiday, Aaron HOU 67 34 33 46.8 37.8 83.7 45.2 11.2 33.5 33.5 20.0 27.0 74.3 10.2 33.2 43.4 22.6 13.9 7.0 5.7 4.5 19.6 21.7 106.9 -3.1
46 Ivey, Jaden DET 67 12 55 47.1 43.2 87.7 49.2 12.1 31.8 37.9 20.2 24.7 81.6 8.8 31.5 40.2 26.8 10.8 8.6 6.1 4.7 18.2 21.4 118.6 7.2
46 Kuzma, Kyle WAS 67 13 54 46.3 46.1 91.5 50.3 11.9 32.3 36.9 17.5 22.5 77.8 12.5 35.7 48.2 29.2 13.4 7.1 5.2 5.3 16.1 18.7 121.6 11.6
46 Murray, Dejounte ATL 67 29 38 47.2 44.3 88.7 49.9 13.8 35.0 39.3 17.3 21.6 80.0 10.7 32.7 43.5 28.0 13.6 7.7 5.9 4.5 19.0 18.3 119.6 2.5
46 Nurkic, Jusuf PHX 67 42 25 47.9 42.2 90.6 46.6 12.8 35.0 36.6 14.7 19.0 77.1 9.6 29.5 39.1 26.7 11.8 8.1 4.6 5.2 19.6 17.5 112.0 -9.2
46 Osman, Cedi SAS 67 14 53 45.8 43.4 86.4 50.2 13.2 33.5 39.3 18.9 24.5 77.3 10.4 34.8 45.2 26.2 12.8 8.1 4.5 5.6 18.1 19.2 118.8 13.4
46 Prince, Taurean LAL 67 36 31 46.9 44.4 91.5 48.5 14.2 36.9 38.6 14.4 18.1 79.7 10.9 33.6 44.5 28.7 12.3 6.9 5.0 5.4 19.1 15.6 117.4 3.4
46 Thompson, Klay GSW 67 33 34 47.0 43.1 89.3 48.3 13.3 36.0 36.9 17.6 21.9 80.4 10.7 32.2 42.9 27.2 12.1 7.3 4.9 4.0 17.6 18.9 117.1 1.7
46 Wiggins, Aaron OKC 67 48 19 48.2 41.5 90.8 45.7 13.6 37.6 36.3 16.2 21.4 75.6 12.6 31.9 44.5 27.1 15.6 7.2 5.4 6.5 18.6 17.7 112.7 -2.2
58 Allen, Jarrett CLE 66 41 25 48.7 41.2 89.0 46.3 12.1 33.8 35.7 16.1 20.3 79.6 10.1 32.3 42.4 25.2 13.6 7.9 5.4 4.7 19.4 16.8 110.6 -4.6
58 Antetokounmpo, Giannis MIL 66 43 23 46.9 42.4 90.4 46.9 12.7 35.3 36.1 16.1 20.0 80.8 9.7 32.1 41.8 25.4 11.5 6.3 4.0 5.0 20.6 18.7 113.6 -6.7
58 Branham, Malaki SAS 66 13 53 46.4 44.8 89.2 50.2 12.9 32.9 39.2 15.9 20.0 79.5 10.2 34.3 44.4 27.6 13.1 9.3 4.8 5.8 17.1 16.4 118.4 12.5
58 Conley, Mike MIN 66 47 19 49.2 39.8 88.8 44.8 11.4 31.9 35.7 15.8 20.1 78.5 11.0 30.7 41.6 24.6 13.8 7.9 4.9 6.0 21.4 18.7 106.7 -7.2
58 Green, Jeff HOU 66 33 33 47.6 40.2 87.1 46.1 11.6 34.8 33.3 20.1 26.3 76.3 11.2 33.0 44.2 23.1 13.4 6.9 5.3 5.6 20.8 21.6 112.0 2.4
58 Joe, Isaiah OKC 66 46 20 45.9 36.8 81.0 45.4 12.8 34.9 36.7 19.6 24.8 79.1 11.2 31.7 42.9 24.2 16.6 6.2 4.5 5.5 21.3 19.7 106.0 -11.0
58 Johnson, Keldon SAS 66 15 51 46.3 43.3 87.9 49.3 12.4 33.0 37.7 17.7 23.0 77.2 10.1 34.1 44.2 26.2 12.7 8.0 4.6 5.5 17.5 18.5 116.8 8.6
58 Jones, Tre SAS 66 14 52 46.6 42.6 88.8 48.0 11.9 32.5 36.7 15.5 19.6 79.1 10.7 32.2 42.9 26.6 13.2 8.2 4.3 6.5 18.5 16.4 112.7 1.4
58 Jones, Tyus WAS 66 11 55 46.0 46.5 90.7 51.3 11.9 31.3 38.1 17.5 22.4 77.9 12.1 35.8 48.0 29.9 13.2 7.2 5.1 5.4 15.9 18.4 122.4 11.8
58 Lillard, Damian MIL 66 46 20 46.8 42.7 91.4 46.7 11.7 33.6 34.7 15.5 19.4 79.9 10.0 32.9 42.9 26.3 11.5 6.6 4.1 5.1 20.0 17.7 112.5 -7.9
58 Powell, Norman LAC 66 41 25 47.8 41.3 88.6 46.6 12.6 35.0 35.9 18.7 24.0 78.0 11.2 31.9 43.1 25.7 13.1 6.8 4.9 5.8 20.6 20.5 113.8 -4.0
58 Tatum, Jayson BOS 66 53 13 48.4 41.9 92.4 45.4 13.0 36.8 35.4 13.3 17.3 77.0 10.9 32.5 43.4 24.8 11.9 6.2 3.3 6.4 18.0 16.1 110.2 -12.5
58 Vucevic, Nikola CHI 66 32 34 49.2 41.9 88.2 47.5 14.8 40.2 36.9 17.1 22.0 77.5 9.9 35.2 45.0 28.6 13.5 6.6 4.7 4.6 17.4 18.8 115.7 3.0
58 White, Derrick BOS 66 54 12 48.0 41.6 92.0 45.2 12.9 36.6 35.1 13.1 17.1 76.5 10.7 32.8 43.5 24.6 12.3 6.2 3.6 6.8 18.3 15.9 109.2 -13.8
72 Allen, Grayson PHX 65 39 26 48.0 43.3 91.9 47.2 13.2 36.1 36.5 15.4 20.1 76.6 11.2 30.0 41.2 27.2 11.8 7.8 4.7 5.7 19.9 18.0 115.2 -4.5
72 Avdija, Deni WAS 65 13 52 45.7 44.2 89.4 49.5 11.8 32.4 36.3 17.3 22.1 78.1 11.5 34.4 45.9 28.1 13.2 7.7 5.5 4.7 17.4 18.9 117.5 7.8
72 Brunson, Jalen NYK 65 41 24 49.4 41.9 88.0 47.7 13.1 34.5 37.9 15.6 20.7 75.3 10.2 30.8 41.0 26.9 13.3 6.9 5.0 4.1 21.1 18.1 112.5 -7.4
72 Caldwell-Pope, Kentavious DEN 65 47 18 48.9 41.9 89.5 46.9 10.9 31.2 34.9 16.4 20.4 80.1 10.6 30.9 41.6 26.5 13.0 7.3 4.3 5.1 19.2 16.7 111.1 -10.9
72 Carter, Jevon CHI 65 32 33 48.5 38.9 84.4 46.0 13.8 38.0 36.4 17.1 22.1 77.5 10.7 33.5 44.2 26.2 16.6 6.7 5.8 5.0 18.9 19.0 108.6 -0.6
72 Collins, John UTA 65 27 38 47.4 45.2 89.6 50.5 14.6 35.4 41.3 17.1 21.9 78.0 10.0 31.0 41.0 30.0 11.7 7.9 6.7 5.0 19.3 19.1 122.1 7.6
72 Connaughton, Pat MIL 65 42 23 47.1 43.4 88.7 48.9 13.7 36.6 37.4 15.8 20.1 78.7 9.7 32.8 42.5 26.6 12.1 6.5 4.1 4.3 20.5 18.7 116.3 -0.6
72 Eubanks, Drew PHX 65 36 29 48.1 40.8 90.0 45.4 14.1 38.2 36.8 16.7 22.1 75.5 12.7 30.4 43.1 25.3 13.2 8.3 4.6 7.0 20.4 17.8 112.4 3.8
72 Gobert, Rudy MIN 65 46 19 49.5 39.4 89.7 43.9 11.9 33.7 35.5 15.7 19.8 79.4 10.6 29.5 40.1 24.9 13.7 8.0 4.9 6.1 20.9 18.6 106.3 -8.9
72 Gordon, Aaron DEN 65 45 20 48.8 42.3 88.9 47.6 11.0 31.3 35.2 15.2 19.6 77.6 10.2 31.3 41.5 26.9 12.9 7.2 4.3 5.0 18.8 16.1 110.9 -8.5
72 Jones Jr., Derrick DAL 65 38 27 47.0 42.5 89.5 47.4 12.5 35.2 35.5 16.9 21.4 79.0 11.2 33.3 44.5 28.1 13.1 7.6 3.7 5.1 19.3 18.2 114.3 -0.2
72 Jones, Herbert NOP 65 41 24 48.6 40.4 88.5 45.6 13.5 39.6 34.2 16.7 21.6 77.6 9.7 31.9 41.6 26.9 13.9 6.1 4.9 5.6 18.3 19.6 111.0 -6.0
72 Murray, Keegan SAC 65 38 27 47.8 42.0 85.8 49.0 13.0 32.6 39.9 17.2 21.2 80.9 8.2 32.4 40.7 27.9 14.0 7.5 4.8 3.8 17.5 19.1 114.1 -2.2
72 Russell, D'Angelo LAL 65 38 27 46.5 43.3 91.4 47.4 13.1 35.1 37.2 13.9 17.1 81.3 11.0 32.4 43.4 27.5 12.6 7.4 4.7 5.7 18.3 15.2 113.6 -2.7
72 Smith Jr., Jabari HOU 65 34 31 48.1 40.9 88.1 46.5 12.7 35.6 35.6 18.3 24.4 75.1 11.1 34.4 45.4 25.1 12.7 6.8 6.0 4.2 19.2 20.5 112.9 0.7
72 Vassell, Devin SAS 65 14 51 46.8 44.0 89.9 48.9 11.4 31.9 35.9 15.5 19.6 78.9 10.7 33.7 44.4 27.4 12.6 8.7 4.4 6.3 17.2 16.3 114.9 6.4
88 Curry, Stephen GSW 64 35 29 46.7 42.3 88.8 47.7 12.9 36.0 35.8 18.1 22.3 81.0 10.6 31.4 42.0 26.4 12.1 8.0 4.5 4.0 18.4 18.9 115.6 -2.1
88 Durant, Kevin PHX 64 37 27 47.7 42.9 91.5 46.9 13.2 36.1 36.6 15.0 19.8 75.8 11.0 29.4 40.4 26.7 12.2 8.5 4.6 5.7 19.9 17.3 114.1 -4.7
88 George, Keyonte UTA 64 25 39 47.3 44.5 90.6 49.1 14.3 36.2 39.6 15.2 19.8 77.1 10.5 31.4 41.9 29.7 11.3 8.8 6.2 6.1 19.9 17.3 118.6 8.5
88 George, Paul LAC 64 41 23 49.2 41.6 89.6 46.4 13.2 35.9 36.9 15.8 20.0 78.7 10.9 30.9 41.8 27.1 14.1 7.2 4.4 5.4 20.2 18.2 112.2 -9.4
88 Hartenstein, Isaiah NYK 64 40 24 48.7 40.5 87.4 46.3 12.7 34.8 36.5 16.1 20.6 78.2 9.7 30.1 39.8 26.3 13.4 6.7 5.1 4.6 19.4 18.6 109.8 -8.9
88 Huerter, Kevin SAC 64 37 27 47.5 42.5 86.3 49.3 12.5 32.2 38.9 17.7 21.3 83.0 8.4 33.6 42.0 28.4 13.5 6.7 3.9 3.8 17.3 19.3 115.2 -2.3
88 Jaquez Jr., Jaime MIA 64 37 27 49.1 41.3 88.6 46.6 13.7 38.4 35.7 15.8 20.5 77.2 9.4 33.7 43.1 27.1 13.4 6.8 5.2 3.5 20.1 18.3 112.1 -0.4
88 Leonard, Kawhi LAC 64 41 23 49.0 41.0 89.6 45.7 12.6 35.4 35.5 16.2 20.7 78.0 11.3 31.1 42.4 26.3 14.0 7.2 4.3 5.2 19.1 17.7 110.7 -8.7
88 Suggs, Jalen ORL 64 38 26 48.0 40.5 83.8 48.4 11.8 31.2 37.7 18.4 23.6 77.9 8.0 31.5 39.5 24.9 15.3 8.8 4.4 4.8 21.0 20.1 111.2 -1.2
88 Thybulle, Matisse POR 64 18 46 48.3 42.7 86.5 49.3 11.8 32.4 36.3 18.2 23.3 78.3 11.1 32.8 43.9 27.4 15.9 8.7 6.5 4.9 18.3 20.5 115.4 7.3
98 Bey, Saddiq ATL 63 28 35 47.0 44.2 89.1 49.7 13.4 34.5 38.8 17.2 21.6 79.7 10.8 31.1 42.0 27.9 12.9 7.8 5.8 4.4 19.6 18.2 119.1 0.4
98 Black, Anthony ORL 63 36 27 48.0 40.0 84.9 47.1 11.4 31.3 36.3 17.9 22.9 78.2 8.8 30.9 39.7 23.7 14.9 9.1 5.0 6.5 20.3 19.9 109.2 1.3
98 Brown, Jaylen BOS 63 49 14 47.9 42.3 92.6 45.7 13.5 37.7 35.8 13.1 17.2 75.9 10.9 32.7 43.6 25.2 12.0 6.8 3.4 6.7 18.6 16.3 111.2 -9.8
98 Champagnie, Julian SAS 63 12 51 46.6 44.5 88.6 50.3 12.5 31.5 39.6 13.8 17.4 79.0 9.4 32.7 42.1 28.7 13.6 8.7 4.4 7.5 17.6 15.2 115.3 4.8
98 Coulibaly, Bilal WAS 63 11 52 46.5 45.0 89.0 50.5 11.1 31.1 35.7 17.7 22.9 77.2 11.8 35.5 47.4 27.7 14.3 8.0 5.4 5.1 17.9 19.4 118.8 11.4
98 Harden, James LAC 63 40 23 49.4 42.6 90.7 46.9 13.5 36.2 37.2 15.8 20.1 78.5 11.4 30.7 42.1 27.6 13.2 7.1 4.1 5.3 20.0 18.1 114.4 -7.1
98 Ingram, Brandon NOP 63 38 25 48.6 41.2 88.0 46.9 13.7 38.7 35.3 16.1 20.9 77.0 9.6 31.6 41.1 27.3 13.4 6.7 5.1 5.0 18.0 18.9 112.2 -4.7
98 Looney, Kevon GSW 63 34 29 47.9 42.9 89.3 48.0 13.9 37.8 36.7 16.9 21.1 80.0 9.7 30.7 40.4 27.2 11.3 7.9 4.4 3.6 19.1 19.4 116.6 1.7
98 Mann, Terance LAC 63 40 23 49.3 43.6 91.2 47.8 13.6 36.3 37.5 15.2 19.5 77.7 11.1 29.8 40.9 28.0 12.0 7.0 4.0 4.7 18.1 17.8 116.0 -1.9
98 Miller, Brandon CHA 63 15 48 48.8 44.0 88.8 49.5 12.8 35.4 36.1 17.7 21.6 81.6 10.6 35.3 46.0 28.4 13.8 7.0 5.1 4.7 17.7 18.7 118.4 10.3
98 Nesmith, Aaron IND 63 35 28 46.9 42.8 87.9 48.7 11.2 30.2 37.0 19.3 24.5 78.6 11.0 31.6 42.6 23.9 13.6 6.4 5.8 6.0 17.8 20.7 116.1 -2.9
98 Robinson, Duncan MIA 63 35 28 48.9 40.5 86.7 46.7 13.3 36.7 36.2 15.8 20.6 76.6 9.4 33.7 43.2 26.5 13.7 6.3 4.8 3.7 19.2 18.9 110.1 -1.8
98 Sengun, Alperen HOU 63 29 34 48.3 41.3 88.1 46.8 12.9 35.8 36.1 17.3 23.3 74.3 10.6 34.4 45.0 25.4 13.0 7.2 5.9 3.9 19.4 19.4 112.8 -1.2
98 Thompson, Ausar DET 63 10 53 47.5 41.2 86.9 47.4 11.8 32.2 36.8 20.3 25.2 80.8 9.2 32.3 41.4 26.5 13.1 9.0 5.5 5.3 17.9 21.3 114.7 6.9
98 Trent Jr., Gary TOR 63 22 41 48.0 44.7 90.6 49.3 12.8 34.7 37.0 15.1 18.8 80.3 10.9 33.6 44.5 28.0 13.2 6.6 5.1 4.8 16.9 18.1 117.3 3.9
98 VanVleet, Fred HOU 63 34 29 48.1 39.8 87.2 45.7 11.9 34.8 34.1 18.7 24.7 75.7 10.5 33.8 44.3 23.8 13.5 7.0 5.4 4.6 19.7 20.6 110.3 -4.1
98 Wagner, Franz ORL 63 39 24 48.7 40.0 84.9 47.1 12.0 32.9 36.5 16.6 21.6 76.7 8.5 31.2 39.7 23.8 15.5 7.9 5.2 5.1 22.1 20.1 108.6 -3.7
98 Wembanyama, Victor SAS 63 14 49 46.3 42.4 88.2 48.1 12.3 33.3 36.9 13.8 17.6 78.4 9.6 32.8 42.4 27.3 13.3 9.0 4.1 7.8 18.7 15.0 110.9 3.6
98 Williams, Jalen OKC 63 44 19 46.8 39.9 88.0 45.4 12.9 36.1 35.7 17.4 22.1 78.8 12.1 32.3 44.4 26.7 15.3 6.5 5.2 6.9 18.0 18.7 110.2 -7.6
117 Capela, Clint ATL 62 28 34 47.1 43.7 89.1 49.0 13.2 34.1 38.8 16.3 20.3 80.1 10.8 32.9 43.7 27.2 13.2 7.7 6.2 4.8 17.9 17.3 116.9 1.3
117 Caruso, Alex CHI 62 30 32 48.4 40.3 87.1 46.2 14.4 40.1 35.9 15.4 19.6 78.6 10.0 33.6 43.6 26.9 15.3 7.5 4.8 5.2 19.6 17.6 110.3 -0.4
117 Dunn, Kris UTA 62 25 37 46.7 42.9 88.5 48.4 14.1 36.3 38.8 17.5 22.1 79.2 10.3 29.7 40.0 29.2 12.7 8.1 6.0 4.8 16.5 19.5 117.4 -0.2
117 Fox, De'Aaron SAC 62 37 25 46.9 41.4 85.3 48.5 13.2 33.2 39.7 17.6 21.9 80.4 8.9 32.7 41.5 26.8 13.8 7.3 4.8 4.0 18.8 19.2 113.6 -3.8
117 Hardy, Jaden DAL 62 36 26 46.3 41.6 85.4 48.7 12.4 33.3 37.1 18.4 23.9 77.2 10.9 33.5 44.4 25.5 14.5 7.6 4.2 4.1 20.0 19.5 114.0 4.2
117 Harris, Tobias PHI 62 36 26 48.4 41.2 87.5 47.1 11.8 33.5 35.3 18.8 23.2 81.3 10.7 33.7 44.4 26.2 13.9 5.7 6.5 6.3 18.4 19.9 113.1 -4.4
117 James, LeBron LAL 62 34 28 47.3 43.4 92.0 47.2 13.9 37.2 37.3 13.3 16.7 79.8 11.2 31.7 42.9 27.9 12.8 8.1 4.5 5.6 19.9 14.6 114.0 -2.9
117 Maxey, Tyrese PHI 62 38 24 48.5 41.5 87.6 47.4 11.9 32.7 36.2 18.6 23.5 79.0 11.3 33.1 44.4 26.6 14.0 5.7 5.9 6.3 18.4 20.6 113.5 -5.0
117 Okoro, Isaac CLE 62 37 25 49.2 41.6 89.8 46.3 12.0 34.2 35.0 16.5 21.4 77.0 10.2 34.0 44.2 25.4 13.4 7.4 5.1 5.1 19.0 18.2 111.7 -1.0
117 Podziemski, Brandin GSW 62 31 31 47.5 40.7 88.2 46.2 12.5 35.9 34.9 17.6 22.2 79.2 10.8 30.6 41.4 25.6 13.0 7.0 5.3 4.3 18.2 18.6 111.5 -6.3
117 Saric, Dario GSW 62 33 29 47.9 41.8 87.2 48.0 12.9 35.0 36.8 18.0 22.7 79.3 10.3 31.6 41.9 25.4 13.0 8.2 4.8 3.4 18.8 19.9 114.5 1.0
117 Sasser, Marcus DET 62 10 52 46.8 41.5 84.9 48.8 11.9 31.6 37.5 21.3 27.2 78.3 9.8 33.1 42.9 25.2 12.6 8.6 5.6 4.4 18.5 20.7 116.1 7.0
117 Walker, Jabari POR 62 16 46 48.7 43.0 86.3 49.8 11.3 32.7 34.5 20.1 25.5 78.7 11.0 31.6 42.6 26.6 14.2 8.4 6.5 4.7 18.4 21.4 117.3 8.4
130 Brooks, Dillon HOU 61 31 30 48.1 41.1 88.9 46.3 12.8 36.0 35.6 18.1 24.1 75.3 10.9 33.4 44.2 24.9 13.4 7.5 5.9 4.2 18.7 20.6 113.2 -0.4
130 Claxton, Nic BKN 61 21 40 48.7 42.6 90.2 47.2 13.6 34.6 39.4 16.6 20.5 81.0 10.6 36.2 46.9 26.0 12.9 6.7 4.6 5.7 18.0 18.3 115.4 7.8
130 Doncic, Luka DAL 61 38 23 47.4 42.9 89.3 48.0 13.2 35.6 37.1 16.3 20.7 78.4 10.8 33.2 44.0 27.7 13.8 7.1 3.7 4.9 20.5 17.7 115.3 -4.0
130 Finney-Smith, Dorian BKN 61 23 38 48.9 41.9 89.9 46.6 12.7 34.7 36.5 16.9 20.6 82.0 10.4 35.7 46.1 24.9 13.0 6.4 4.6 5.1 17.8 18.2 113.4 2.3
130 Holiday, Jrue BOS 61 48 13 48.5 42.1 93.2 45.2 13.8 38.1 36.3 13.3 17.4 76.7 11.3 32.9 44.1 25.3 11.8 6.3 3.6 6.4 17.7 16.2 111.4 -9.9
130 Jackson Jr., Jaren MEM 61 20 41 48.1 41.6 87.5 47.5 13.7 35.4 38.8 16.5 20.7 79.6 10.4 36.3 46.7 26.4 15.1 7.5 6.8 6.4 19.9 19.2 113.4 6.5
130 McConnell, T.J. IND 61 33 28 46.2 42.1 83.4 50.6 10.4 28.5 36.4 20.7 26.5 78.0 9.6 29.6 39.3 24.1 14.9 6.3 5.3 5.0 18.4 22.0 115.4 -2.0
130 McDaniels, Jaden MIN 61 41 20 49.4 40.3 88.7 45.4 11.8 32.8 35.9 17.7 22.2 79.6 10.8 31.1 41.9 24.8 13.9 7.7 5.0 5.5 20.2 19.6 110.0 -4.3
130 Wiggins, Andrew GSW 61 29 32 47.4 43.1 90.6 47.5 13.7 37.0 37.1 18.2 22.6 80.5 11.5 32.0 43.5 26.7 12.3 8.0 4.7 4.0 18.3 19.7 118.0 3.0
139 Adebayo, Bam MIA 60 33 27 49.1 40.7 87.7 46.4 13.3 37.5 35.4 14.8 18.7 79.2 9.7 35.5 45.2 26.1 14.4 6.2 4.6 3.7 18.9 17.2 109.4 0.1
139 Barnes, Scottie TOR 60 22 38 47.5 43.6 89.5 48.7 13.3 35.1 37.8 15.4 19.3 79.9 10.4 33.2 43.6 28.2 13.5 6.5 5.5 5.2 17.7 17.6 115.8 3.3
139 Hawkins, Jordan NOP 60 36 24 47.3 41.5 87.6 47.3 13.5 38.1 35.4 16.7 21.3 78.2 11.3 33.6 44.9 27.2 13.5 6.1 5.6 4.0 18.6 18.4 113.2 -0.6
139 Hayes, Jaxson LAL 60 34 26 47.2 43.5 93.5 46.5 13.5 39.1 34.4 14.5 18.8 76.8 13.3 31.8 45.0 27.6 11.9 7.4 4.6 4.0 17.6 17.3 114.9 5.2
139 Mitchell, Davion SAC 60 36 24 47.4 40.7 84.2 48.3 12.1 31.7 38.3 19.0 23.6 80.6 8.6 32.6 41.2 26.9 12.8 7.2 2.9 3.6 16.8 20.2 112.6 5.8
139 Richards, Nick CHA 60 12 48 49.1 44.7 89.9 49.8 13.7 36.3 37.7 15.1 19.2 78.7 11.0 34.4 45.4 30.4 13.9 7.9 5.5 4.8 17.9 18.1 118.3 12.4
139 Strus, Max CLE 60 39 21 48.0 39.7 88.2 45.0 12.3 33.5 36.8 16.3 20.5 79.4 10.4 32.7 43.1 24.5 14.5 7.8 5.6 4.9 19.3 17.3 108.0 -6.4
139 Tate, Jae'Sean HOU 60 29 31 47.6 38.0 84.3 45.1 11.3 34.7 32.6 19.7 26.2 75.4 9.4 34.2 43.6 22.3 15.1 7.5 5.4 4.3 19.4 21.5 107.1 -3.9
139 Towns, Karl-Anthony MIN 60 41 19 48.7 39.9 87.9 45.4 11.4 32.0 35.5 16.9 21.4 78.8 10.1 30.4 40.5 24.8 13.3 7.2 4.7 5.4 20.5 19.1 108.0 -8.5
139 Williamson, Zion NOP 60 37 23 47.2 39.9 86.6 46.1 13.4 38.8 34.5 17.3 21.9 79.1 10.0 31.7 41.7 26.7 13.7 6.6 5.5 5.2 18.0 18.3 110.5 -3.8
149 Bridges, Miles CHA 59 14 45 48.6 44.1 88.8 49.7 13.9 36.7 37.9 17.0 20.7 82.1 10.3 36.1 46.4 29.1 13.4 7.0 5.2 4.3 16.6 17.6 119.2 12.2
149 Cunningham, Cade DET 59 8 51 47.6 42.8 87.5 48.9 11.8 31.8 37.2 21.1 25.5 82.9 9.1 31.3 40.4 26.5 11.5 9.1 6.3 4.8 17.4 22.0 118.6 8.8
149 Haliburton, Tyrese IND 59 33 26 46.2 43.7 89.0 49.1 9.9 28.0 35.3 19.3 24.7 78.2 11.1 32.7 43.8 23.5 12.4 6.4 5.2 6.2 17.5 20.2 116.6 -5.0
149 Kessler, Walker UTA 59 26 33 47.5 43.3 91.5 47.4 15.2 38.0 39.9 13.7 18.6 73.8 11.6 30.5 42.0 29.2 11.9 9.1 5.9 6.9 19.0 16.5 115.5 4.4
149 LeVert, Caris CLE 59 34 25 48.1 40.3 87.0 46.3 12.2 33.6 36.2 18.4 23.4 78.4 10.0 32.9 42.9 24.7 13.6 7.7 4.7 5.1 19.3 19.1 111.1 -2.9
149 Marshall, Naji NOP 59 39 20 47.6 38.9 86.8 44.8 13.3 39.5 33.6 17.0 21.6 78.7 10.7 31.2 41.8 26.4 15.2 6.4 5.9 4.3 18.9 18.6 108.2 -8.1
149 Mathurin, Bennedict IND 59 33 26 46.2 43.9 87.4 50.2 10.3 28.4 36.2 19.6 25.2 77.9 11.4 31.3 42.7 23.5 14.0 6.4 6.1 5.0 18.9 21.4 117.8 2.8
156 Aldama, Santi MEM 58 22 36 48.8 41.8 88.7 47.1 13.5 35.8 37.9 16.5 21.2 77.8 11.3 36.1 47.4 27.3 14.0 7.5 6.4 6.4 18.8 18.7 113.7 7.8
156 Coffey, Amir LAC 58 39 19 47.5 44.3 89.4 49.6 13.4 34.6 38.8 16.6 21.4 77.6 10.9 30.5 41.4 27.9 12.0 7.8 5.1 5.3 18.6 18.4 118.7 3.1
156 Collins, Zach SAS 58 12 46 47.0 44.7 90.0 49.6 12.7 33.2 38.4 17.3 22.9 75.6 10.1 34.3 44.3 27.6 11.4 9.1 4.3 4.5 16.2 18.9 119.4 13.8
156 Gordon, Eric PHX 58 35 23 47.8 42.1 91.6 45.9 12.8 35.3 36.3 17.0 22.1 76.8 11.9 29.1 41.0 26.0 12.3 8.2 4.3 6.5 20.5 18.8 114.0 -3.1
156 Horford, Al BOS 58 46 12 48.4 41.6 91.1 45.7 12.6 36.6 34.4 12.9 16.8 77.2 9.7 32.4 42.1 24.2 11.5 6.3 3.5 6.6 17.4 16.1 108.8 -11.9
156 Nembhard, Andrew IND 58 34 24 47.2 42.4 87.7 48.3 10.9 29.1 37.6 18.8 24.1 78.0 11.3 33.0 44.3 23.7 14.3 6.8 5.4 6.0 17.0 20.3 114.4 -0.7
156 Oubre Jr., Kelly PHI 58 32 26 48.5 41.5 86.8 47.9 12.9 34.7 37.1 19.9 25.4 78.3 11.3 34.9 46.2 27.0 14.8 5.7 6.9 5.9 18.1 21.7 115.9 2.3
156 Westbrook, Russell LAC 58 38 20 47.0 41.7 88.3 47.2 12.5 35.4 35.4 18.4 23.8 77.4 10.5 31.5 42.0 26.1 13.2 7.1 5.1 4.8 19.6 20.8 114.3 -2.3
156 Zubac, Ivica LAC 58 35 23 49.5 42.0 91.2 46.0 13.7 36.7 37.2 14.3 17.9 80.0 11.0 31.0 42.0 27.8 13.1 8.1 4.1 5.1 18.9 16.3 112.0 -6.1
165 Booker, Devin PHX 57 36 21 47.9 42.0 90.6 46.3 13.7 37.4 36.5 16.5 21.5 77.0 11.0 29.9 40.9 26.2 11.7 7.5 3.9 5.6 20.2 18.3 114.2 -6.5
165 Christie, Max LAL 57 31 26 46.1 41.3 90.6 45.6 13.4 36.2 36.9 14.6 18.2 80.1 10.4 31.8 42.2 27.0 11.6 8.0 4.6 5.4 18.8 15.9 110.6 1.3
165 Hachimura, Rui LAL 57 32 25 46.9 43.6 91.9 47.5 13.5 36.9 36.5 12.5 15.6 80.0 10.8 32.2 43.0 27.6 12.8 7.2 4.9 5.0 18.6 14.1 113.2 -2.9
165 Ingles, Joe ORL 57 37 20 48.0 39.9 83.0 48.1 11.2 32.1 34.8 18.5 23.7 78.3 9.1 28.8 37.8 23.3 15.0 8.3 4.2 5.0 21.5 21.2 109.5 -6.3
165 Jackson-Davis, Trayce GSW 57 30 27 47.6 41.4 89.4 46.3 13.2 35.5 37.1 17.5 22.8 76.8 11.6 31.5 43.1 26.8 12.6 7.3 5.1 5.8 16.7 18.6 113.5 -1.5
165 McBride, Miles NYK 57 35 22 50.5 40.7 88.4 46.0 12.4 35.9 34.5 15.4 20.0 76.9 10.8 34.1 44.9 26.4 13.6 7.2 6.0 4.4 16.9 18.0 109.1 2.9
165 Reath, Duop POR 57 15 42 48.9 43.1 85.6 50.3 11.4 32.4 35.2 20.6 25.5 80.9 10.9 32.6 43.4 26.9 15.1 8.6 6.2 4.0 18.4 22.2 118.1 6.4
165 Williams, Jaylin OKC 57 40 17 47.6 38.2 83.9 45.5 12.7 34.7 36.6 18.1 23.6 76.6 10.8 32.7 43.5 26.4 16.4 7.1 4.9 4.8 18.8 19.4 107.3 -8.1
165 Williams, Kenrich OKC 57 41 16 47.8 39.5 86.0 45.9 12.4 34.7 35.8 16.8 21.6 78.0 10.6 30.8 41.4 27.1 17.0 6.9 5.3 6.5 19.2 19.4 108.3 -8.6
174 Bitadze, Goga ORL 56 31 25 49.4 40.7 86.9 46.8 11.5 31.4 36.8 17.2 22.7 75.7 9.9 32.1 42.0 23.6 14.2 8.2 5.1 7.0 21.4 20.8 110.0 -2.8
174 Thomas, Cam BKN 56 18 38 47.9 42.5 88.5 48.0 13.3 34.5 38.7 17.7 21.2 83.6 10.2 34.7 44.9 26.4 12.6 6.4 4.7 5.0 18.3 18.7 116.1 4.9
176 Highsmith, Haywood MIA 55 32 23 49.3 41.4 88.0 47.0 14.6 38.5 37.8 15.3 19.8 76.9 9.7 34.3 44.0 28.5 14.1 7.5 4.7 3.7 18.7 17.3 112.5 2.3
176 Johnson, Cameron BKN 55 19 36 48.6 42.4 88.3 48.0 13.1 32.5 40.2 16.2 20.3 79.7 10.4 35.2 45.6 26.1 12.3 6.6 5.0 5.2 18.2 17.9 114.1 2.1
176 Konchar, John MEM 55 18 37 48.7 41.9 86.5 48.4 13.2 34.5 38.4 15.5 20.2 76.7 9.5 34.6 44.1 27.5 15.3 8.3 6.6 7.1 18.0 18.5 112.5 6.3
176 McCollum, CJ NOP 55 37 18 48.1 40.9 87.3 46.9 13.4 37.8 35.4 15.8 20.1 78.3 9.7 31.9 41.7 27.2 13.4 6.3 5.5 5.2 17.7 18.2 111.0 -5.4
176 Okogie, Josh PHX 55 34 21 47.8 40.9 87.8 46.6 12.4 35.1 35.3 18.0 22.6 79.9 11.2 28.7 40.0 25.8 14.9 8.9 5.5 5.9 22.7 18.7 112.3 -1.0
176 Okongwu, Onyeka ATL 55 23 32 46.5 44.1 87.0 50.7 14.1 36.2 39.0 16.8 22.1 76.0 9.9 32.5 42.4 28.1 13.8 7.3 5.4 3.9 20.5 18.4 119.2 1.1
176 Powell, Dwight DAL 55 33 22 46.9 41.0 85.5 47.9 12.6 34.0 37.0 20.1 25.8 77.9 11.3 32.4 43.7 26.2 14.6 7.4 3.7 2.8 22.4 19.5 114.6 -3.2
176 Smith Jr., Dennis BKN 55 19 36 49.0 39.4 86.0 45.8 12.9 36.3 35.6 19.8 24.5 81.0 9.7 32.4 42.1 23.9 14.7 6.6 5.6 4.2 17.7 21.1 111.5 1.4
184 Clarkson, Jordan UTA 54 22 32 47.6 44.0 88.8 49.6 14.2 35.1 40.4 17.2 22.3 77.0 10.2 30.9 41.1 28.9 11.9 8.4 6.3 5.5 20.0 18.8 119.5 5.2
184 Duren, Jalen DET 54 12 42 47.6 42.9 89.2 48.1 12.3 33.4 36.9 20.0 24.6 81.3 9.0 32.4 41.4 26.7 10.7 8.9 6.3 5.1 17.2 21.3 118.1 8.4
184 Grant, Jerami POR 54 17 37 48.8 43.8 88.3 49.6 11.3 32.4 34.7 18.4 23.6 77.9 10.8 34.1 44.9 28.6 14.0 8.5 6.2 4.7 18.4 20.2 117.2 9.4
184 Green, Josh DAL 54 31 23 47.5 44.0 89.0 49.4 13.7 35.0 39.2 18.3 23.9 76.6 11.0 32.5 43.5 28.2 13.3 7.4 4.0 4.3 20.6 19.6 119.9 1.6
184 Houstan, Caleb ORL 54 29 25 49.9 41.2 88.7 46.4 11.9 35.2 33.9 17.9 23.0 77.9 10.5 33.8 44.3 24.0 12.5 6.9 3.8 5.0 19.2 20.6 112.1 3.2
184 Martin, Caleb MIA 54 30 24 49.8 40.9 87.7 46.6 14.3 39.0 36.8 16.0 19.8 80.6 9.5 33.9 43.4 27.4 14.0 6.0 5.6 3.1 20.1 17.8 112.0 -0.8
184 Mathews, Garrison ATL 54 24 30 47.4 41.9 85.5 48.9 14.3 36.3 39.5 17.6 23.2 76.0 10.9 33.8 44.7 27.1 15.5 7.3 5.5 3.5 19.9 20.2 115.7 4.1
184 Moody, Moses GSW 54 28 26 47.1 40.6 87.4 46.4 13.0 34.7 37.4 16.2 21.2 76.6 10.4 32.2 42.6 25.8 13.0 7.9 5.9 4.5 19.0 19.9 110.3 -2.6
184 Murray, Jamal DEN 54 40 14 49.1 42.2 90.1 46.9 11.3 32.1 35.3 16.6 21.5 77.0 11.4 30.2 41.6 26.6 12.4 7.3 5.0 6.2 18.3 17.3 112.4 -6.9
184 Theis, Daniel LAC 54 36 18 48.1 41.6 88.2 47.2 12.5 35.7 35.1 18.5 24.3 76.0 11.9 32.5 44.4 25.7 13.5 5.7 5.2 6.1 17.7 21.9 114.3 -3.0
184 Wade, Dean CLE 54 36 18 48.2 39.1 87.8 44.5 10.3 31.9 32.2 15.7 20.2 78.0 8.9 32.7 41.6 23.6 14.1 7.5 5.2 5.2 19.7 16.9 104.2 -7.7
195 Kornet, Luke BOS 53 42 11 49.6 42.4 91.7 46.2 13.4 37.1 36.2 13.4 17.0 78.8 11.0 31.4 42.4 26.4 11.9 6.4 4.6 6.1 16.4 15.6 111.6 -8.1
195 Markkanen, Lauri UTA 53 22 31 46.8 43.3 88.7 48.8 14.1 35.5 39.8 16.4 20.9 78.5 9.9 29.3 39.2 29.0 12.1 8.4 6.7 5.0 19.6 18.0 117.1 -0.7
195 Merrill, Sam CLE 53 33 20 48.8 39.9 87.1 45.8 12.5 33.9 36.8 16.7 21.3 78.5 9.5 33.6 43.1 24.1 12.0 7.1 4.7 4.2 18.8 18.2 108.9 -1.3
195 Nnaji, Zeke DEN 53 37 16 49.1 40.8 89.1 45.8 13.1 32.1 40.8 22.7 29.9 75.8 14.1 34.3 48.4 23.2 13.4 7.1 5.6 9.1 18.7 24.0 117.4 15.2
195 Sharpe, Day'Ron BKN 53 20 33 48.6 39.5 88.2 44.8 12.0 35.4 33.9 19.3 24.6 78.5 10.8 29.8 40.6 24.2 13.4 7.9 5.8 5.1 19.9 20.9 110.2 -4.2
200 Daniels, Dyson NOP 52 30 22 48.1 40.8 87.8 46.5 14.1 39.8 35.6 16.6 20.9 79.4 10.6 31.4 42.0 25.9 15.3 6.5 4.4 4.6 19.2 19.0 112.4 -3.9
200 Henderson, Scoot POR 52 16 36 48.4 43.9 88.1 49.9 12.5 34.6 36.0 20.1 24.4 82.4 11.4 33.3 44.7 28.7 14.4 9.2 6.5 4.4 19.3 21.1 120.4 11.7
200 Hield, Buddy IND 52 29 23 45.9 43.6 86.1 50.7 10.4 27.4 38.1 20.7 25.9 80.1 10.8 30.3 41.1 23.8 13.4 7.1 5.0 5.9 17.2 20.9 118.4 -3.1
200 Jackson, Isaiah IND 52 31 21 45.7 40.6 83.6 48.6 9.9 28.2 35.0 21.6 27.9 77.5 11.6 28.8 40.4 22.2 15.9 7.9 4.8 6.2 18.5 22.6 112.8 -0.7
200 Martin, KJ PHI 52 26 26 47.5 40.5 84.2 48.1 11.3 33.3 34.1 20.8 26.3 79.2 12.6 32.5 45.1 26.2 17.2 6.3 6.8 5.4 19.3 22.5 113.2 1.1
200 Nance Jr., Larry NOP 52 31 21 47.9 38.9 86.3 45.1 12.5 39.0 32.1 17.6 21.3 82.5 10.4 32.2 42.6 25.0 15.5 7.3 5.2 4.2 18.3 17.5 107.9 -4.0
200 Thor, JT CHA 52 12 40 47.8 39.4 84.8 46.5 11.6 33.5 34.7 20.5 25.3 81.2 9.8 34.8 44.6 25.0 13.6 7.0 5.2 4.3 17.0 19.6 111.0 3.9
200 Watford, Trendon BKN 52 19 33 48.5 40.2 86.2 46.6 14.1 38.5 36.7 18.7 23.7 79.1 9.7 29.6 39.3 25.5 12.8 8.2 5.7 3.9 19.5 19.6 113.3 0.7
200 Williams Jr., Vince MEM 52 18 34 48.5 41.2 86.8 47.5 12.4 34.0 36.5 16.6 21.5 77.5 10.9 34.5 45.4 26.0 15.6 8.2 5.7 6.8 20.7 19.1 111.5 3.1
200 Wiseman, James DET 52 7 45 46.6 43.2 86.8 49.8 12.1 31.4 38.5 21.2 26.6 79.5 10.2 32.6 42.8 27.8 12.3 9.2 5.5 4.8 18.9 20.8 119.8 13.1
210 Agbaji, Ochai UTA 51 25 26 47.4 43.2 91.5 47.2 13.9 36.7 37.8 16.2 21.3 76.1 11.9 30.6 42.6 28.1 11.5 9.2 6.1 6.8 19.4 19.1 116.5 5.7
210 Johnson, Jalen ATL 51 25 26 46.3 43.0 88.7 48.5 13.9 36.7 37.9 16.1 20.4 78.9 10.6 32.4 42.9 27.3 13.3 7.6 5.3 4.8 19.3 16.5 116.0 1.9
210 Lively II, Dereck DAL 51 31 20 47.5 43.9 91.2 48.1 14.4 36.9 38.9 14.1 18.6 75.9 10.9 31.6 42.5 29.1 13.0 6.9 4.1 5.5 19.1 16.8 116.2 -4.4
210 Murray, Kris POR 51 10 41 48.6 40.6 84.5 48.0 11.8 32.6 36.1 18.8 24.8 75.6 10.7 31.9 42.6 25.7 15.9 9.6 6.2 4.4 18.1 20.2 111.7 2.6
210 Schroder, Dennis TOR 51 18 33 48.0 42.8 88.8 48.2 13.4 35.1 38.1 16.8 20.5 82.2 10.1 33.1 43.2 27.5 12.6 6.5 5.3 4.5 19.3 18.5 115.8 0.9
210 Smith, Jalen IND 51 29 22 46.9 44.1 87.7 50.2 12.0 30.0 39.9 20.1 25.2 79.7 11.2 31.3 42.5 25.1 13.8 6.9 5.5 4.6 16.9 21.5 120.2 1.5
210 Thompson, Amen HOU 51 24 27 46.4 38.9 84.2 46.2 12.2 33.3 36.5 20.5 26.3 78.0 9.9 32.3 42.2 23.9 14.5 7.7 6.3 5.0 18.2 20.7 110.5 -0.8
210 Williams, Ziaire MEM 51 20 31 48.1 41.8 87.9 47.5 13.3 34.9 38.0 17.1 22.2 77.2 12.0 36.0 48.0 26.2 15.4 8.1 6.5 5.8 20.4 18.6 114.0 11.5
210 Young, Trae ATL 51 22 29 45.8 44.2 88.0 50.2 13.1 34.0 38.5 17.6 22.2 79.3 10.7 31.6 42.3 27.7 13.6 7.4 5.1 4.6 20.5 18.0 119.0 2.8
219 Alvarado, Jose NOP 50 34 16 48.3 37.1 85.7 43.3 12.7 38.2 33.3 18.9 23.6 80.0 10.7 30.8 41.5 24.4 16.1 6.5 5.4 4.6 19.4 19.5 105.8 -11.5
219 Boucher, Chris TOR 50 16 34 48.4 41.6 88.4 47.1 13.6 36.7 37.1 17.2 21.9 78.7 11.5 31.4 42.9 27.3 14.9 6.3 4.9 4.8 19.8 19.4 114.1 -1.9
219 Butler, Jimmy MIA 50 26 24 49.4 40.8 87.4 46.7 13.2 36.9 35.9 16.4 21.0 78.0 9.4 34.1 43.4 26.9 14.2 6.6 4.9 3.7 20.0 18.2 111.3 -4.5
219 Dick, Gradey TOR 50 16 34 46.9 44.4 88.2 50.4 12.2 34.5 35.4 17.0 21.3 79.7 11.5 34.7 46.2 27.5 14.6 8.3 5.2 3.6 18.5 18.6 118.0 13.3
219 Duarte, Chris SAC 50 30 20 48.5 41.9 87.8 47.7 13.3 34.8 38.1 18.1 22.9 79.3 10.4 32.7 43.2 26.1 13.9 7.3 5.0 4.0 18.1 19.6 115.1 3.2
219 Fontecchio, Simone UTA 50 25 25 46.7 43.1 88.7 48.5 13.3 35.0 38.1 16.4 21.0 78.1 9.9 30.6 40.6 28.7 12.5 7.7 6.7 5.5 19.7 17.8 115.8 -0.4
219 Jackson Jr., Andre MIL 50 31 19 46.8 43.0 86.5 49.7 12.7 31.9 39.9 20.7 25.8 80.2 9.8 30.7 40.5 26.2 12.1 7.7 3.8 4.5 16.9 23.1 119.5 5.6
219 McGowens, Bryce CHA 50 9 41 48.2 42.5 87.1 48.7 13.6 34.6 39.2 17.6 21.7 81.1 10.8 35.6 46.4 28.2 14.1 7.8 4.8 4.5 18.5 18.8 116.1 11.5
219 Olynyk, Kelly UTA 50 25 25 47.1 42.1 88.5 47.6 14.0 36.8 38.1 18.2 24.0 75.9 11.7 28.6 40.3 27.1 12.4 9.0 6.0 5.6 19.8 20.2 116.5 2.7
219 Poeltl, Jakob TOR 50 21 29 47.7 43.9 90.4 48.6 14.4 35.8 40.2 12.0 15.6 76.6 9.7 32.5 42.1 28.4 13.5 6.8 5.4 5.2 18.0 16.3 114.2 0.6
219 Walker IV, Lonnie BKN 50 20 30 47.5 39.2 84.6 46.3 11.8 34.0 34.7 20.9 25.6 81.4 9.8 31.8 41.6 23.6 13.6 7.7 4.3 4.4 17.0 20.4 111.0 -3.0
219 Wesley, Blake SAS 50 12 38 46.1 42.2 85.6 49.4 11.6 31.3 37.0 17.8 23.3 76.3 10.0 34.9 44.9 25.2 13.4 7.8 5.4 5.5 16.5 18.4 113.9 9.7
219 Wood, Christian LAL 50 28 22 47.2 40.1 89.7 44.8 13.5 37.5 36.1 16.0 19.8 80.4 9.9 30.7 40.6 25.1 12.5 8.5 3.8 5.9 21.0 16.8 109.7 -0.2
232 Bamba, Mo PHI 49 25 24 49.2 39.0 85.6 45.6 13.2 36.6 36.1 19.9 25.1 79.4 12.0 36.7 48.7 26.3 15.2 6.6 5.8 6.6 18.2 21.5 111.1 3.9
232 Isaac, Jonathan ORL 49 31 18 48.8 36.3 83.3 43.6 11.5 34.0 33.8 17.6 23.1 76.4 9.3 28.0 37.4 22.2 16.9 7.7 5.3 7.0 22.4 20.7 101.7 -12.6
232 Lyles, Trey SAC 49 29 20 47.5 39.8 85.9 46.3 12.9 33.8 38.3 20.0 24.6 81.5 9.3 30.1 39.4 24.9 12.6 7.6 5.0 4.7 20.3 20.7 112.5 -5.7
232 Mitchell, Donovan CLE 49 33 16 47.9 39.5 87.4 45.2 11.3 31.9 35.3 16.4 21.0 78.4 10.5 32.8 43.3 23.6 14.4 7.3 5.1 5.2 19.0 17.3 106.7 -9.5
232 O'Neale, Royce BKN 49 20 29 47.8 40.0 87.4 45.8 12.9 36.0 35.9 20.2 24.7 81.8 10.3 33.5 43.9 24.5 13.2 6.8 4.4 5.3 18.5 20.6 113.2 0.9
232 Porzingis, Kristaps BOS 49 38 11 47.3 41.0 92.6 44.3 13.4 37.5 35.8 13.2 17.4 75.8 11.2 32.6 43.8 25.2 11.6 6.3 3.1 7.3 19.2 15.7 108.6 -13.0
238 Dinwiddie, Spencer BKN 48 19 29 48.4 42.8 91.0 47.0 13.0 34.0 38.3 17.2 21.1 81.9 10.6 36.2 46.8 26.0 11.1 6.1 4.3 6.0 18.6 18.2 115.8 0.9
238 Irving, Kyrie DAL 48 30 18 47.5 42.4 89.5 47.4 12.6 35.5 35.7 17.5 22.8 77.0 11.1 33.3 44.4 28.3 13.0 6.8 4.2 5.0 19.0 18.3 115.0 -4.3
238 Roddy, David MEM 48 15 33 47.7 41.5 85.8 48.4 13.0 34.4 37.8 18.0 23.3 77.2 9.8 35.3 45.1 26.3 14.5 8.1 6.7 5.7 18.2 19.9 113.9 9.1
238 Terry, Dalen CHI 48 22 26 48.4 39.6 83.7 47.4 14.6 36.4 40.1 18.2 23.5 77.5 9.5 29.4 38.9 26.4 15.3 6.8 4.8 5.0 20.3 21.0 112.1 -2.1
242 Ayton, Deandre POR 47 12 35 49.1 44.1 89.8 49.1 11.6 33.1 35.1 15.8 20.1 78.4 10.9 33.1 44.0 28.4 13.8 9.2 6.2 4.4 17.2 18.4 115.6 7.5
242 Beverley, Patrick PHI 47 27 20 48.3 39.7 88.0 45.1 11.9 34.8 34.2 20.2 25.7 78.5 11.8 33.6 45.4 25.4 14.4 6.2 5.6 5.9 21.0 22.0 111.4 0.8
242 Brissett, Oshae BOS 47 40 7 48.1 41.0 89.3 45.9 10.9 35.5 30.9 16.3 20.9 77.8 10.2 31.5 41.8 25.5 11.5 6.2 4.0 5.2 19.1 18.7 109.2 -9.6
242 Garland, Darius CLE 47 26 21 48.7 40.4 87.9 45.9 12.3 33.5 36.8 16.9 21.9 77.1 11.3 32.4 43.7 24.6 13.4 8.1 5.6 4.7 19.4 18.7 110.0 -2.9
242 Green, AJ MIL 47 32 15 48.4 40.0 86.6 46.2 14.0 38.6 36.3 19.4 23.8 81.5 11.1 31.6 42.7 24.8 13.1 7.8 3.9 3.6 16.1 21.6 113.4 -2.2
242 Holiday, Justin DEN 47 31 16 48.1 41.1 86.5 47.5 11.5 30.9 37.2 17.7 23.5 75.0 10.4 32.4 42.8 25.5 13.5 7.4 4.6 5.9 17.4 20.1 111.3 -1.8
242 Love, Kevin MIA 47 26 21 48.5 40.2 86.7 46.4 12.7 36.8 34.4 17.0 22.0 77.0 9.1 34.3 43.4 27.0 13.4 6.8 5.7 2.4 20.9 18.3 110.1 -4.9
242 Payne, Cameron MIL 47 30 17 46.9 42.0 88.5 47.5 10.8 32.8 33.0 20.9 25.4 82.4 12.0 31.4 43.3 24.8 12.4 6.6 4.0 4.5 18.7 23.1 115.8 0.9
242 Sheppard, Ben IND 47 25 22 45.6 41.6 82.8 50.2 10.6 28.8 36.7 21.9 28.2 77.8 9.9 31.1 41.0 23.0 14.1 6.5 5.0 5.2 17.7 21.8 115.6 -2.7
242 Williams, Grant DAL 47 24 23 47.6 44.1 88.9 49.6 12.3 33.8 36.5 17.3 23.0 75.5 10.7 35.1 45.8 28.0 13.5 6.9 3.6 4.7 20.6 19.2 117.9 4.4
252 Batum, Nicolas PHI 46 26 20 48.6 41.4 87.8 47.1 11.6 32.9 35.3 18.3 23.0 79.6 11.0 33.0 44.0 26.5 14.3 5.8 5.7 6.7 18.6 20.3 112.6 -5.6
252 Beauchamp, MarJon MIL 46 30 16 46.4 41.0 86.7 47.2 11.0 32.8 33.6 21.5 26.4 81.4 10.0 31.4 41.4 25.0 12.6 7.2 5.5 4.5 17.7 21.7 114.5 0.9
252 Harris, Gary ORL 46 31 15 48.6 40.8 84.6 48.2 11.4 31.7 35.8 17.0 22.2 76.4 8.8 30.3 39.2 24.2 15.0 7.6 4.8 5.1 22.5 21.2 109.9 -3.5
252 Hunter, De'Andre ATL 46 21 25 47.3 43.6 87.9 49.6 13.9 36.6 38.1 17.4 21.6 80.6 11.3 32.4 43.6 27.5 14.6 7.3 4.9 4.6 19.0 18.3 118.6 0.8
252 McDermott, Doug SAS 46 10 36 46.3 44.3 90.0 49.3 15.1 35.5 42.5 15.4 21.0 73.5 11.6 33.7 45.3 27.4 11.6 8.1 3.7 5.8 19.7 17.6 119.2 10.3
252 Middleton, Khris MIL 46 29 17 46.6 42.2 90.8 46.4 11.4 32.9 34.7 18.0 22.1 81.4 10.8 31.6 42.4 24.0 10.4 6.5 4.0 5.3 18.9 19.3 113.7 -6.6
252 Murphy III, Trey NOP 46 30 16 48.2 38.6 87.0 44.3 12.9 38.7 33.3 15.3 19.4 79.3 9.9 32.3 42.2 25.7 14.4 6.7 5.4 5.2 18.2 17.6 105.4 -9.7
252 Paul, Chris GSW 46 23 23 47.7 40.2 88.7 45.3 12.5 36.2 34.4 18.8 23.4 80.3 11.5 33.1 44.6 25.2 13.2 6.7 4.5 3.7 17.7 20.6 111.6 -2.2
252 Porter Jr., Craig CLE 46 28 18 49.3 41.3 87.7 47.1 13.5 37.0 36.6 17.9 21.2 84.2 8.7 30.3 38.9 25.5 11.3 8.1 4.0 4.5 17.4 17.5 114.1 2.6
252 Randle, Julius NYK 46 29 17 48.5 41.9 88.1 47.6 13.3 34.9 38.0 16.2 20.9 77.4 10.3 29.9 40.2 27.1 13.0 7.0 5.2 4.0 21.1 18.1 113.3 -6.5
252 Shamet, Landry WAS 46 6 40 46.2 44.2 86.2 51.3 11.6 32.0 36.3 18.8 24.5 76.9 10.0 35.5 45.4 27.4 12.5 7.3 5.9 3.7 18.0 20.2 118.8 9.5
252 Simons, Anfernee POR 46 11 35 49.0 45.1 88.9 50.7 12.7 34.3 37.0 17.3 21.9 78.7 10.3 33.4 43.6 29.2 13.2 8.5 6.2 3.7 16.7 19.9 120.1 10.2
252 Stewart, Isaiah DET 46 9 37 47.8 42.4 88.7 47.8 11.1 31.4 35.3 18.9 23.1 81.7 9.4 31.2 40.7 25.7 11.3 8.7 5.9 5.2 17.1 21.0 114.8 4.5
265 Ellis, Keon SAC 45 28 17 48.0 39.4 84.9 46.4 11.8 33.1 35.6 19.3 23.4 82.4 9.5 30.9 40.4 25.0 14.3 7.2 4.8 5.3 17.8 19.3 109.8 -7.8
265 Gafford, Daniel WAS 45 9 36 46.2 45.1 92.0 49.0 12.6 32.6 38.7 17.7 23.1 76.8 13.3 35.4 48.7 29.8 13.7 6.7 5.0 6.8 15.9 18.8 120.5 7.3
265 Green, Draymond GSW 45 25 20 46.3 40.1 87.6 45.8 13.6 37.3 36.5 17.5 22.1 79.2 10.1 32.4 42.5 25.8 13.1 7.2 4.7 4.3 18.2 18.4 111.4 -4.6
265 Grimes, Quentin NYK 45 29 16 49.3 40.8 89.2 45.7 12.2 35.9 34.0 15.6 21.5 72.5 11.1 33.7 44.9 25.1 13.3 7.3 6.6 4.0 19.2 19.0 109.4 -0.3
265 Horton-Tucker, Talen UTA 45 12 33 47.7 43.1 89.7 48.0 15.5 39.0 39.7 15.9 21.3 74.7 11.2 30.9 42.1 28.4 12.8 8.0 5.9 6.3 18.8 20.0 117.5 4.4
265 McLaughlin, Jordan MIN 45 28 17 46.9 35.5 80.0 44.4 10.6 31.2 34.0 17.1 22.4 76.1 9.5 35.7 45.2 21.7 17.7 6.6 4.6 5.4 17.9 17.6 98.7 -7.2
271 Carter Jr., Wendell ORL 44 25 19 49.0 40.3 84.3 47.8 12.0 32.1 37.2 16.7 20.7 80.6 8.3 31.6 39.9 24.4 15.7 8.7 4.1 3.8 20.1 18.9 109.1 -1.2
271 Edwards, Kessler SAC 44 27 17 46.9 38.2 82.6 46.2 10.2 33.4 30.5 16.7 21.7 77.0 8.9 33.4 42.3 20.8 16.5 7.8 4.6 4.8 17.4 16.9 103.3 3.9
271 Exum, Dante DAL 44 27 17 47.1 41.6 88.8 46.8 13.3 35.9 37.2 16.7 21.3 78.3 10.9 31.8 42.8 26.5 13.5 5.7 3.8 4.3 19.8 18.1 113.2 -8.4
271 Landale, Jock HOU 44 22 22 46.3 35.5 84.9 41.9 9.8 32.7 30.0 21.5 26.7 80.7 10.9 30.5 41.3 21.8 13.4 8.4 5.4 5.7 18.7 21.1 102.4 -10.9
271 Smith Jr., Nick CHA 44 8 36 49.5 41.8 86.4 48.4 13.6 35.9 37.8 18.7 23.6 79.0 11.5 38.6 50.1 27.4 14.5 6.7 5.8 4.3 16.9 19.4 115.8 13.5
271 Washington, P.J. CHA 44 9 35 48.0 43.9 87.0 50.5 14.0 35.2 39.7 18.9 24.3 77.9 10.1 35.4 45.5 28.0 13.6 6.5 4.9 4.8 18.5 19.8 120.7 10.8
277 Burks, Alec DET 43 7 36 46.5 43.3 87.2 49.7 11.5 30.2 38.1 20.8 25.9 80.3 10.2 32.7 42.8 25.8 11.3 8.1 5.7 5.2 19.8 20.0 118.9 9.6
277 Richardson, Josh MIA 43 24 19 48.6 41.6 87.4 47.5 13.8 38.2 36.0 16.6 21.7 76.3 9.6 33.9 43.5 27.7 13.6 7.4 4.7 2.9 20.1 19.4 113.5 4.7
277 Smith, Ish CHA 43 6 37 47.8 44.1 85.7 51.4 13.6 34.7 39.3 17.9 22.7 79.2 8.3 37.3 45.6 29.4 13.5 6.8 5.4 4.8 16.7 18.1 119.8 18.1
277 Williams, Patrick CHI 43 19 24 49.1 42.2 87.4 48.3 14.2 38.6 36.7 16.3 21.5 75.7 9.6 33.2 42.7 29.3 13.5 6.9 5.7 4.6 17.8 19.3 114.9 0.6
281 Beal, Bradley PHX 42 26 16 47.9 43.1 90.0 47.9 14.2 37.0 38.2 14.2 19.0 74.6 10.3 29.7 40.0 28.1 12.9 8.2 4.6 5.0 17.7 17.5 114.6 -2.7
281 Craig, Torrey CHI 42 17 25 49.5 43.2 88.0 49.1 15.9 39.9 39.7 17.7 22.1 80.0 10.1 34.6 44.6 29.8 13.4 5.9 4.2 4.2 19.4 19.5 120.0 9.8
281 Hayes, Killian DET 42 7 35 46.9 43.8 88.3 49.6 11.5 30.7 37.4 18.8 23.0 81.6 9.4 33.4 42.9 26.5 11.9 8.1 5.7 4.9 17.3 20.3 117.9 11.4
281 Okeke, Chuma ORL 42 21 21 49.6 40.5 86.4 46.8 10.0 33.9 29.4 17.3 23.2 74.6 8.8 35.3 44.1 22.3 12.6 7.4 3.8 5.2 18.2 20.8 108.2 7.7
281 Reddish, Cam LAL 42 24 18 46.5 42.6 88.4 48.2 13.5 35.0 38.5 13.0 17.0 76.4 10.1 32.3 42.4 26.6 14.6 8.8 4.5 5.3 19.0 16.0 111.7 0.2
286 McDaniels, Jalen TOR 41 10 31 47.1 42.0 88.8 47.3 11.6 33.8 34.3 16.2 21.1 76.6 12.3 33.6 45.9 26.0 13.6 8.8 5.7 5.2 18.0 18.8 111.8 10.7
286 McGee, JaVale SAC 41 25 16 45.3 38.5 82.7 46.6 12.3 31.0 39.7 18.4 24.9 73.9 9.8 30.0 39.8 22.5 12.5 8.2 3.3 5.9 17.7 21.2 107.8 -1.1
286 Sims, Jericho NYK 41 26 15 51.3 42.7 92.6 46.1 13.0 37.5 34.7 12.5 16.9 74.0 13.0 32.0 45.0 26.7 13.0 7.9 6.4 4.0 17.3 16.7 111.0 2.2
286 Strawther, Julian DEN 41 28 13 47.1 41.7 88.2 47.3 13.3 32.9 40.3 19.5 24.7 78.9 11.6 34.3 45.9 26.0 11.4 6.6 6.3 5.5 17.5 21.5 116.2 11.0
286 Thompson, Tristan CLE 41 25 16 49.2 39.4 88.1 44.7 13.9 37.9 36.6 19.9 25.7 77.2 9.9 29.5 39.4 23.2 11.6 7.8 3.8 3.6 22.0 21.7 112.6 -3.1
291 Bane, Desmond MEM 40 14 26 47.6 40.8 86.4 47.2 14.2 35.7 39.9 18.5 23.4 79.2 9.7 34.1 43.7 25.9 14.0 7.8 7.2 5.8 18.6 20.1 114.3 5.9
291 Crowder, Jae MIL 40 23 17 47.2 43.6 88.7 49.1 13.3 34.5 38.7 15.7 19.4 81.1 9.1 35.3 44.4 28.0 12.7 6.0 3.3 4.3 19.2 17.6 116.2 2.0
291 Davis, Johnny WAS 40 6 34 45.5 41.3 84.0 49.1 11.1 31.5 35.1 19.8 25.2 78.7 10.5 36.0 46.5 25.6 15.7 7.1 7.7 4.7 17.3 20.0 113.4 9.8
291 Gill, Anthony WAS 40 7 33 45.6 38.7 83.8 46.2 11.2 36.2 30.8 18.7 23.2 80.6 12.3 28.6 40.9 24.1 17.5 9.2 5.9 5.6 19.8 17.3 107.4 -9.7
291 Goodwin, Jordan PHX 40 23 17 48.4 39.5 87.9 45.0 12.4 35.3 35.1 17.2 22.7 75.6 11.1 29.8 40.9 24.1 12.7 8.8 5.0 7.4 21.5 18.7 108.6 1.9
291 Phillips, Julian CHI 40 20 20 47.8 38.1 81.3 46.8 11.1 36.1 30.7 25.5 31.6 80.8 9.5 33.8 43.3 26.8 13.3 7.0 6.5 6.2 19.7 22.5 112.7 0.6
291 Zeller, Cody NOP 40 24 16 45.9 38.3 84.0 45.5 12.8 37.7 34.0 17.2 23.5 73.1 11.6 33.0 44.6 25.5 16.3 5.0 6.0 2.4 19.4 19.7 106.5 -8.6
298 Bates-Diop, Keita PHX 39 23 16 48.4 41.0 88.6 46.2 13.6 35.0 38.9 18.4 23.3 79.1 11.3 29.9 41.2 24.6 11.9 8.5 5.4 7.5 21.1 18.2 113.9 3.4
298 Brogdon, Malcolm POR 39 15 24 48.2 43.0 88.5 48.6 10.5 33.1 31.7 17.7 22.4 78.9 11.0 32.8 43.8 27.2 13.7 8.0 6.0 4.9 18.5 19.8 114.2 3.5
298 Little, Nassir PHX 39 24 15 47.2 39.8 88.1 45.2 11.1 33.4 33.2 21.2 28.0 75.8 12.2 31.4 43.6 22.6 12.9 9.5 5.0 7.6 17.7 19.9 111.9 8.4
298 Mobley, Evan CLE 39 24 15 47.6 39.6 89.1 44.4 12.3 32.9 37.3 16.7 21.6 77.3 11.4 33.1 44.5 24.5 13.3 8.0 5.0 5.3 18.1 17.9 108.2 -0.7
298 Siakam, Pascal TOR 39 15 24 47.8 43.3 89.1 48.6 13.1 33.5 39.2 15.7 19.3 81.7 9.4 33.3 42.7 27.2 13.0 6.7 5.1 4.7 19.1 18.4 115.5 -0.3
303 Achiuwa, Precious NYK 38 25 13 51.3 41.7 89.7 46.5 13.3 35.2 37.8 13.9 19.2 72.3 11.0 32.9 43.9 25.6 13.9 7.2 5.9 5.6 19.3 17.3 110.6 -3.0
303 Mamukelashvili, Sandro SAS 38 8 30 45.2 36.8 79.6 46.3 13.0 32.7 39.8 17.1 20.8 82.1 8.9 33.8 42.8 23.6 16.9 6.9 6.5 4.3 19.1 15.2 103.7 -5.9
303 Milton, Shake MIN 38 27 11 46.2 39.9 86.0 46.4 11.8 33.1 35.5 16.6 21.0 78.9 10.4 32.4 42.8 25.9 13.5 7.2 6.2 6.0 20.7 18.5 108.1 2.6
303 Whitmore, Cam HOU 38 16 22 46.1 39.1 84.1 46.5 12.6 34.4 36.6 19.9 26.8 74.4 10.1 33.0 43.1 24.1 13.9 8.0 6.3 5.2 18.6 21.6 110.7 2.4
303 Yurtseven, Omer UTA 38 15 23 47.3 43.2 87.9 49.1 12.1 33.2 36.5 16.6 21.8 75.9 9.2 33.0 42.2 29.3 10.4 8.2 5.3 5.1 17.8 19.3 115.0 10.4
308 Brown Jr., Troy MIN 37 28 9 47.4 40.5 89.9 45.0 10.9 30.2 36.0 19.4 24.3 80.0 10.8 30.4 41.2 24.1 11.2 7.2 5.3 5.8 20.1 21.1 111.3 -0.1
308 Brown, Kobe LAC 37 25 12 48.3 43.1 88.8 48.5 13.7 37.7 36.2 20.7 28.0 73.8 12.4 30.6 42.9 28.9 12.5 6.7 6.2 4.9 18.0 22.4 120.5 10.1
308 Gilyard, Jacob MEM 37 10 27 49.2 42.7 86.6 49.3 13.9 34.8 40.0 18.7 23.5 79.5 11.7 37.3 49.0 28.3 15.0 8.0 7.4 5.0 16.6 19.5 118.1 11.7
308 Jackson, GG MEM 37 11 26 48.1 41.1 89.0 46.1 12.2 36.1 33.9 15.2 19.6 77.5 12.2 34.3 46.5 25.9 14.5 9.0 6.1 6.0 19.3 17.7 109.5 6.2
308 Lowry, Kyle MIA 37 21 16 49.0 41.2 85.6 48.1 13.5 36.6 36.9 16.0 20.9 76.7 8.7 33.6 42.4 26.3 15.3 7.6 5.4 3.5 20.5 18.8 111.9 -0.6
308 Metu, Chimezie PHX 37 22 15 47.4 40.7 86.0 47.3 14.8 39.4 37.6 16.9 22.1 76.6 10.2 28.4 38.6 24.2 14.2 7.2 4.2 5.1 19.8 18.6 113.1 3.9
308 Morris Sr., Marcus PHI 37 22 15 48.6 40.4 85.4 47.3 11.7 33.2 35.2 21.5 27.4 78.6 10.6 33.6 44.2 25.0 13.8 5.4 5.7 4.9 20.9 23.2 114.1 0.7
315 Curry, Seth DAL 36 21 15 46.7 38.7 85.4 45.3 12.4 35.9 34.5 14.5 19.7 73.6 11.0 33.4 44.5 23.7 15.3 7.1 4.3 5.0 22.6 18.7 104.2 -8.7
315 Herro, Tyler MIA 36 19 17 48.5 42.8 89.9 47.6 13.4 37.4 35.7 14.0 18.3 76.4 10.5 35.3 45.8 27.6 13.9 7.1 5.0 3.5 18.1 16.7 112.9 0.9
315 Kennard, Luke MEM 36 13 23 48.2 42.8 87.3 49.0 12.8 33.4 38.3 17.1 22.0 78.0 11.6 34.4 46.0 27.1 14.6 8.7 5.4 6.2 19.0 19.0 115.4 8.0
315 Len, Alex SAC 36 19 17 46.9 35.8 82.0 43.6 11.0 32.9 33.5 19.6 25.5 76.7 9.4 31.3 40.7 20.9 15.2 6.4 5.1 5.9 16.4 21.2 102.2 -15.4
315 Melton, De'Anthony PHI 36 23 13 47.4 41.5 87.0 47.7 11.5 31.4 36.7 17.3 21.7 79.7 10.4 32.2 42.6 26.3 14.3 6.1 5.9 6.2 19.5 18.3 111.8 -10.1
315 Omoruyi, Eugene WAS 36 4 32 44.8 41.9 82.8 50.7 12.3 35.4 34.8 18.8 24.1 78.3 11.7 33.7 45.4 27.1 19.0 10.1 6.8 4.3 18.0 21.0 115.0 18.4
315 Plumlee, Mason LAC 36 22 14 47.8 44.4 91.3 48.6 12.8 33.4 38.4 14.8 19.4 76.3 12.5 30.8 43.4 27.5 12.9 7.6 5.0 4.8 21.6 18.3 116.3 -1.0
322 Jovic, Nikola MIA 35 17 18 49.0 40.7 88.9 45.7 11.9 37.7 31.6 13.6 17.7 76.9 9.5 35.4 44.9 27.4 13.9 5.9 4.6 3.9 16.9 17.2 106.8 -9.2
322 Korkmaz, Furkan PHI 35 22 13 45.9 38.9 81.3 47.8 10.6 33.2 31.8 21.3 28.0 76.0 12.4 31.5 44.0 26.3 17.2 6.7 4.4 4.3 23.4 20.8 109.6 -6.9
322 Payton II, Gary GSW 35 19 16 45.7 39.1 83.5 46.8 13.0 34.7 37.5 18.8 22.8 82.3 9.0 30.4 39.4 25.7 15.8 7.6 5.0 4.6 18.5 18.8 110.0 -3.9
322 Vezenkov, Sasha SAC 35 18 17 46.8 40.1 84.5 47.5 12.2 31.3 39.1 20.8 26.6 78.0 9.7 32.6 42.3 25.3 13.8 7.5 3.9 4.9 17.7 22.0 113.3 -0.2
326 Bryant, Thomas MIA 34 19 15 49.0 43.8 88.2 49.6 13.6 36.5 37.2 13.2 17.4 76.1 8.9 33.2 42.1 30.6 13.6 6.6 5.4 3.9 15.9 17.1 114.4 2.5
326 Embiid, Joel PHI 34 26 8 47.6 41.2 89.6 45.9 11.4 32.9 34.5 17.2 21.6 79.8 10.8 32.3 43.1 25.9 13.3 5.7 5.4 5.6 20.7 18.4 111.0 -9.6
326 House Jr., Danuel PHI 34 21 13 47.3 38.6 84.3 45.8 11.1 33.6 33.1 19.7 25.3 77.7 11.6 33.6 45.2 24.1 15.8 6.2 5.8 4.4 21.7 22.7 108.1 -1.9
326 Prosper, Olivier-Maxence DAL 34 20 14 45.4 41.3 85.4 48.4 13.5 34.7 39.0 15.8 20.7 76.5 9.9 35.9 45.8 23.3 12.5 6.1 4.9 3.3 19.8 16.5 112.0 9.0
326 Samanic, Luka UTA 34 13 21 45.3 39.0 89.5 43.6 13.7 40.2 34.1 17.6 21.0 83.9 9.8 31.3 41.1 25.3 11.1 6.4 4.9 6.8 18.6 18.2 109.4 0.0
326 Tillman, Xavier MEM 34 14 20 47.7 39.8 84.4 47.1 12.7 34.2 37.3 17.0 21.7 78.4 10.1 36.0 46.1 25.4 16.9 8.4 5.8 6.3 17.6 19.8 109.3 6.9
332 Bol, Bol PHX 33 22 11 47.1 38.5 90.5 42.5 13.3 39.9 33.2 16.8 22.7 73.9 12.9 28.8 41.7 24.5 11.7 7.8 4.2 7.4 18.6 17.7 107.1 -4.4
332 Brown, Bruce IND 33 19 14 46.0 44.6 86.8 51.5 10.2 26.1 39.0 20.9 25.9 80.9 9.3 29.4 38.7 25.3 12.2 6.4 5.5 5.8 17.7 20.6 120.4 -3.8
332 Fernando, Bruno ATL 33 15 18 48.5 39.5 86.9 45.5 13.5 38.9 34.7 18.3 23.3 78.5 12.8 32.3 45.1 25.9 16.0 7.1 4.3 4.7 18.7 18.9 110.8 2.0
332 Fultz, Markelle ORL 33 20 13 48.3 39.6 84.2 47.0 11.1 32.5 34.1 16.0 19.5 82.2 8.7 30.8 39.5 24.9 16.6 8.7 4.4 3.8 20.0 18.1 106.3 -3.7
332 Kleber, Maxi DAL 33 19 14 47.0 42.1 88.4 47.6 12.9 35.1 36.6 15.5 20.2 77.0 9.9 32.5 42.4 26.4 12.6 7.4 4.2 3.9 21.7 17.5 112.6 -4.0
332 Lawson, A.J. DAL 33 20 13 44.5 39.7 85.0 46.7 11.8 34.1 34.6 15.9 22.3 71.5 10.3 33.5 43.8 22.6 13.9 7.6 4.0 5.1 18.5 17.6 107.1 -4.5
332 Wright, Delon WAS 33 6 27 46.4 42.3 87.6 48.3 11.1 32.3 34.4 16.3 21.4 76.2 10.9 36.0 46.9 26.6 13.8 7.5 7.6 4.4 18.3 19.8 111.9 5.0
339 Bullock Jr., Reggie HOU 32 18 14 47.6 41.4 88.0 47.0 13.1 36.8 35.6 15.4 20.3 75.8 9.5 32.8 42.3 24.8 11.4 7.4 5.8 4.5 16.6 19.2 111.2 2.5
339 Forrest, Trent ATL 32 15 17 48.3 43.6 85.9 50.8 11.9 33.1 36.1 14.4 19.3 74.5 11.2 34.8 46.1 28.0 15.2 7.4 4.9 4.9 15.2 16.2 113.6 8.9
339 Jones, Damian CLE 32 21 11 49.1 39.0 82.9 47.0 15.1 36.1 41.8 15.1 18.8 80.4 8.6 33.3 41.8 26.5 13.7 6.9 3.9 4.1 16.5 17.3 108.2 11.2
339 Mykhailiuk, Svi BOS 32 26 6 48.7 38.4 86.7 44.2 9.5 34.6 27.4 18.2 24.1 75.7 12.6 30.1 42.7 23.9 13.6 6.5 4.0 5.7 16.0 18.9 104.5 -13.1
339 Quickley, Immanuel TOR 32 10 22 47.5 44.8 91.1 49.2 14.3 36.8 38.7 13.4 17.3 77.7 11.3 34.7 46.0 29.5 13.9 6.6 5.1 5.4 17.4 17.4 117.4 6.6
339 Robinson-Earl, Jeremiah NOP 32 18 14 47.2 40.4 86.9 46.5 11.7 37.2 31.4 17.4 23.2 75.2 11.7 30.8 42.5 24.3 13.7 7.5 4.0 3.6 18.4 19.1 110.0 2.5
339 Sharpe, Shaedon POR 32 8 24 48.4 43.3 87.7 49.4 11.0 32.1 34.1 19.4 23.8 81.4 10.9 34.3 45.2 26.3 15.4 8.6 6.5 4.4 19.1 21.0 117.0 11.2
339 Springer, Jaden PHI 32 17 15 48.3 42.6 85.1 50.1 12.5 35.6 35.3 20.2 26.8 75.6 11.7 33.2 44.8 27.1 16.5 6.1 7.2 5.0 21.1 21.5 118.1 8.5
339 Wilson, Jalen BKN 32 8 24 49.1 42.3 85.6 49.3 14.3 37.8 37.8 17.1 21.6 78.9 9.5 30.3 39.8 26.2 13.9 7.5 5.7 4.0 19.4 18.3 115.8 2.3
348 Barlow, Dominick SAS 31 5 26 47.3 44.7 87.4 51.1 13.0 32.5 40.1 15.3 20.4 75.0 10.1 33.3 43.4 29.0 14.0 6.4 5.7 5.2 17.5 17.7 117.7 4.5
348 Dieng, Ousmane OKC 31 19 12 48.3 40.7 89.8 45.4 13.6 38.6 35.2 15.4 19.8 77.9 11.3 34.4 45.7 27.4 14.6 8.2 5.0 5.5 18.4 15.8 110.5 0.1
348 Flynn, Malachi TOR 31 12 19 48.0 43.6 89.7 48.6 12.3 33.8 36.5 15.8 20.7 76.1 11.4 34.0 45.4 27.1 14.5 6.5 4.8 5.1 18.0 18.6 115.3 6.8
348 Hyland, Bones LAC 31 18 13 48.1 42.0 88.1 47.6 12.1 33.2 36.5 15.9 21.4 74.1 11.7 32.5 44.2 25.2 13.3 8.2 5.4 5.1 19.0 20.5 111.9 4.6
348 Jordan, DeAndre DEN 31 21 10 49.4 41.4 92.1 44.9 13.1 33.6 38.8 20.4 27.2 75.0 12.8 32.9 45.7 27.6 9.9 6.8 6.1 5.8 17.4 23.8 116.3 10.1
348 Knox II, Kevin DET 31 4 27 46.4 43.1 84.1 51.3 11.3 29.2 38.5 18.9 24.6 76.8 6.5 32.9 39.4 27.2 12.2 7.9 5.9 3.4 18.8 19.6 116.4 7.0
348 Quinones, Lester GSW 31 18 13 47.1 40.4 86.1 47.0 11.6 34.5 33.6 15.6 20.2 77.4 8.2 29.6 37.8 25.7 11.6 7.7 5.2 5.9 17.8 19.1 108.1 -1.6
348 Robinson, Orlando MIA 31 17 14 49.3 39.8 85.4 46.6 15.1 35.7 42.3 15.6 20.7 75.2 8.8 29.0 37.8 27.9 14.3 9.6 5.6 2.8 21.2 20.2 110.3 -4.0
348 Siakam, Pascal IND 31 16 15 47.2 43.9 88.7 49.6 10.8 29.7 36.4 17.3 22.7 76.4 10.8 33.6 44.4 24.2 12.6 6.0 5.3 5.0 18.2 18.8 116.0 -2.0
348 Waters III, Lindy OKC 31 21 10 47.4 36.0 82.9 43.4 12.4 38.3 32.3 22.6 27.9 81.2 11.0 35.5 46.4 23.6 13.1 9.0 2.9 4.5 14.3 20.2 106.9 4.5
358 Biyombo, Bismack MEM 30 14 16 48.6 41.5 89.0 46.6 14.3 35.7 40.2 18.2 23.3 78.2 10.0 32.4 42.4 27.1 12.6 8.2 6.4 6.2 17.7 20.5 115.5 4.2
358 Matthews, Wesley ATL 30 8 22 47.5 42.4 89.7 47.3 13.9 34.6 40.2 19.7 23.7 83.3 11.1 38.3 49.4 26.2 13.9 5.2 6.5 5.5 19.6 21.1 118.5 9.6
358 Micic, Vasilije OKC 30 23 7 49.5 38.6 88.4 43.7 10.8 32.1 33.8 15.1 20.1 74.8 13.2 30.4 43.6 24.4 18.5 7.5 6.6 5.9 18.8 18.4 103.2 -15.1
358 Quickley, Immanuel NYK 30 16 14 48.5 39.4 86.3 45.7 12.7 36.1 35.3 17.7 22.2 79.4 9.0 30.3 39.3 23.8 13.5 6.1 5.5 3.3 21.8 20.1 109.2 -8.2
358 Rozier, Terry CHA 30 7 23 48.3 45.0 88.6 50.8 13.7 33.3 41.3 18.8 23.3 80.5 11.4 34.9 46.4 29.3 13.6 6.8 4.7 4.9 17.4 18.9 122.6 13.2
363 Antetokounmpo, Thanasis MIL 29 19 10 47.3 34.7 80.6 43.1 12.8 36.1 35.6 28.8 34.4 83.8 11.5 27.1 38.5 23.6 14.6 12.2 4.5 4.5 11.1 21.2 111.1 10.4
363 Butler, Jared WAS 29 4 25 47.2 41.3 86.4 47.8 14.6 38.6 38.0 17.0 22.3 76.5 11.5 33.2 44.7 27.1 15.5 7.0 6.3 4.2 18.7 18.4 114.2 5.2
363 Hendricks, Taylor UTA 29 11 18 46.7 42.6 89.3 47.8 14.7 36.3 40.4 17.0 21.6 78.5 10.1 31.1 41.1 28.7 12.0 8.2 5.6 5.2 15.1 18.5 116.9 7.9
363 Vanderbilt, Jarred LAL 29 14 15 46.4 40.2 85.6 47.0 13.2 36.6 36.2 16.5 20.0 82.5 9.0 30.2 39.2 25.7 15.8 9.0 5.5 4.9 18.8 15.5 110.2 -3.4
363 Watanabe, Yuta PHX 29 17 12 47.6 40.3 88.0 45.8 13.3 33.5 39.8 20.2 26.7 75.7 13.9 31.5 45.5 25.2 14.1 8.6 5.6 6.8 19.2 18.8 114.2 4.5
368 Baldwin Jr., Patrick WAS 28 5 23 45.3 37.1 82.4 45.0 11.2 33.7 33.2 18.2 24.6 74.0 11.3 35.8 47.1 24.1 17.6 8.0 6.1 5.7 17.9 20.5 103.6 0.5
368 Bogdanovic, Bojan DET 28 3 25 47.0 45.9 88.8 51.7 12.0 30.9 39.0 20.8 25.1 83.1 9.1 32.3 41.3 26.9 10.3 8.4 5.5 3.8 18.0 21.0 124.8 12.8
368 Martin, Cody CHA 28 7 21 48.9 43.6 89.1 48.9 14.1 37.2 38.0 15.2 18.8 81.3 9.9 35.9 45.7 29.3 13.5 7.3 6.1 4.6 16.4 17.8 116.6 10.2
368 Rupert, Rayan POR 28 5 23 47.4 38.7 78.1 49.6 12.1 32.2 37.6 22.9 27.9 82.1 10.0 33.2 43.2 23.9 17.9 9.8 7.5 3.7 18.1 20.3 112.5 6.0
368 Taylor, Terry CHI 28 11 17 47.8 37.2 85.8 43.3 14.8 41.0 36.0 15.0 22.4 67.1 12.6 33.9 46.4 25.7 14.2 5.2 6.0 4.6 17.2 16.9 104.1 -4.4
373 Anunoby, OG TOR 27 11 16 47.7 42.7 89.0 48.0 12.8 33.5 38.3 14.1 17.9 79.0 10.0 32.3 42.3 27.0 13.7 6.5 5.7 4.7 17.8 18.2 112.4 -2.0
373 Barrett, RJ TOR 27 9 18 47.3 45.2 91.5 49.5 14.6 37.0 39.5 13.8 17.8 77.5 11.0 34.1 45.1 30.5 13.6 6.7 5.8 5.0 17.5 17.1 118.9 5.4
373 Walker, Jarace IND 27 13 14 45.4 40.1 78.5 51.1 10.8 26.1 41.4 22.6 29.1 77.7 9.2 28.8 37.9 23.5 16.1 6.8 3.0 5.7 18.1 21.1 113.6 -2.0
376 Bagley III, Marvin DET 26 2 24 47.3 43.2 85.5 50.6 13.0 31.4 41.3 19.7 24.2 81.2 8.7 30.4 39.1 26.3 12.2 8.3 5.3 4.1 17.2 20.6 119.1 7.3
376 Barrett, RJ NYK 26 15 11 47.8 43.4 89.8 48.3 12.5 35.6 35.2 16.4 21.3 76.9 11.2 31.5 42.7 26.6 12.8 6.9 5.4 3.6 19.7 19.9 115.8 1.1
376 Boston Jr., Brandon LAC 26 15 11 48.3 47.3 93.2 50.7 12.7 34.4 36.9 15.3 21.2 72.2 12.9 31.9 44.9 26.9 10.9 7.9 5.5 6.3 16.0 18.2 122.5 17.7
376 Brown, Bruce TOR 26 6 20 47.0 44.3 90.1 49.2 12.2 35.4 34.4 17.9 22.7 79.0 11.8 34.1 46.0 28.5 13.9 8.2 5.8 4.9 15.8 18.8 118.6 13.7
376 Covington, Robert PHI 26 18 8 49.2 38.4 87.3 44.0 12.0 36.7 32.6 18.7 24.5 76.1 12.9 31.2 44.1 25.5 15.8 8.0 6.6 5.3 18.4 21.6 107.4 -6.9
376 Gallinari, Danilo WAS 26 5 21 46.1 44.9 88.9 50.5 11.4 32.5 35.1 16.4 20.7 79.2 11.0 36.0 47.1 28.4 11.7 7.9 4.8 2.8 20.5 17.6 117.6 9.2
376 Joseph, Cory GSW 26 10 16 46.7 40.9 81.8 50.0 13.3 33.2 40.0 21.0 28.8 73.1 7.7 31.8 39.5 27.2 12.3 7.0 6.2 4.7 17.1 21.2 116.1 1.9
376 LaRavia, Jake MEM 26 5 21 48.7 40.8 90.5 45.0 12.6 36.8 34.3 16.4 21.6 75.9 12.1 33.2 45.3 25.9 14.5 8.3 7.7 6.2 21.6 20.5 110.5 9.3
376 Porter, Jontay TOR 26 6 20 46.2 43.0 87.2 49.3 13.0 32.6 39.8 16.0 20.2 79.6 9.1 33.1 42.2 26.6 13.5 8.2 5.9 5.0 14.8 18.7 115.0 9.2
376 Queta, Neemias BOS 26 22 4 49.4 39.2 88.8 44.2 14.4 40.2 35.7 17.0 21.9 77.9 12.4 29.0 41.4 23.9 12.5 5.7 4.3 5.2 17.9 19.7 109.8 -19.0
386 Achiuwa, Precious TOR 25 8 17 47.3 43.7 89.9 48.6 12.0 33.3 36.0 14.9 19.3 77.5 10.9 33.9 44.8 27.9 12.4 6.7 4.4 4.5 17.6 17.1 114.4 5.7
386 Hayward, Gordon CHA 25 7 18 47.9 44.2 89.0 49.7 13.6 34.8 39.2 18.1 23.2 78.2 11.4 33.0 44.4 27.6 13.8 7.3 5.3 5.4 18.0 19.1 120.2 8.0
386 LaVine, Zach CHI 25 10 15 49.0 41.1 88.9 46.2 15.3 42.0 36.5 17.6 22.7 77.5 11.9 36.2 48.1 28.3 14.1 6.2 4.2 4.4 17.8 19.4 115.1 5.2
386 Lewis, Maxwell LAL 25 12 13 45.0 38.5 83.5 46.1 8.2 31.3 26.3 18.7 24.7 75.6 13.2 34.6 47.8 22.0 11.0 8.2 4.4 4.4 13.7 18.7 103.8 29.1
386 Mensah, Nathan CHA 25 3 22 48.4 40.8 83.4 48.9 13.9 35.5 39.1 20.5 25.6 80.2 9.8 37.6 47.4 27.2 15.2 7.9 6.0 4.4 18.0 21.3 116.0 21.0
386 Minaya, Justin POR 25 2 23 49.2 38.0 81.9 46.4 11.9 35.2 33.8 18.4 22.8 80.4 11.4 33.0 44.4 23.6 18.6 7.9 5.7 3.5 20.8 17.9 106.2 6.2
392 Banton, Dalano BOS 24 18 6 47.8 38.0 88.5 42.9 11.2 36.0 31.0 17.9 24.0 74.4 12.3 30.7 43.0 24.9 10.9 7.3 5.6 5.9 18.4 19.8 105.0 -5.6
392 Council IV, Ricky PHI 24 9 15 46.3 41.1 84.6 48.6 12.0 34.7 34.6 18.6 22.1 84.5 9.9 33.0 42.8 27.4 14.8 6.6 7.5 5.8 23.1 15.8 112.8 3.4
392 Minott, Josh MIN 24 18 6 42.1 34.4 70.0 49.1 6.3 23.1 27.0 21.9 32.5 67.3 7.5 33.8 41.3 21.9 16.3 6.3 5.6 5.0 18.1 20.0 96.9 -3.1
392 Muscala, Mike WAS 24 4 20 46.8 45.3 90.9 49.8 13.4 35.9 37.5 16.2 20.6 78.5 12.2 37.1 49.3 30.3 12.5 8.4 4.8 3.7 19.4 17.9 120.2 18.6
392 Nwora, Jordan TOR 24 5 19 45.3 42.3 88.4 47.9 11.5 31.8 36.2 16.6 21.1 78.6 13.3 32.2 45.5 24.0 14.1 10.5 6.2 4.9 16.0 18.8 112.7 12.7
392 Rose, Derrick MEM 24 6 18 47.3 39.8 87.3 45.6 12.9 36.0 35.9 15.3 20.1 75.9 10.1 36.1 46.2 26.5 15.3 7.2 6.5 5.6 19.0 18.6 107.8 3.9
392 Rozier, Terry MIA 24 11 13 49.5 41.2 86.4 47.7 14.1 37.2 37.8 15.1 18.9 80.1 8.4 38.2 46.6 27.6 13.4 5.1 4.9 3.5 16.4 16.4 111.6 1.5
392 Umude, Stanley DET 24 4 20 46.6 40.7 87.4 46.5 12.6 34.6 36.4 21.5 28.4 75.9 9.0 31.6 40.5 25.9 10.5 9.6 5.3 4.4 17.6 23.2 115.5 11.4
400 Holmes, Richaun DAL 23 9 14 46.7 41.2 83.0 49.6 11.4 31.6 36.3 17.4 25.6 67.7 10.1 36.3 46.4 23.1 13.6 6.3 4.9 2.4 21.1 20.3 111.2 6.7
400 Livers, Isaiah DET 23 1 22 46.4 45.5 87.3 52.1 12.6 30.6 41.1 22.3 27.2 81.8 10.4 33.4 43.8 26.1 12.5 7.7 5.3 3.7 18.9 21.1 125.8 19.7
400 Young, Thaddeus TOR 23 6 17 49.3 46.1 91.4 50.4 13.5 37.6 36.0 16.9 20.4 82.8 12.7 31.8 44.5 29.9 13.7 6.1 5.9 3.9 18.5 17.6 122.5 4.1
403 Ball, LaMelo CHA 22 7 15 46.7 43.6 85.8 50.8 14.8 35.8 41.3 19.1 24.2 78.8 8.7 33.4 42.1 28.2 13.5 6.4 4.5 3.9 19.7 21.2 121.0 9.1
403 Black, Leaky CHA 22 1 21 48.4 41.6 87.8 47.3 11.8 36.4 32.3 18.7 23.6 79.2 10.4 36.0 46.4 27.6 10.4 7.8 4.9 5.8 16.7 16.7 113.6 8.7
403 Eason, Tari HOU 22 12 10 47.5 35.3 83.9 42.1 8.6 32.8 26.2 24.6 32.0 76.9 10.1 30.7 40.8 19.5 14.3 6.6 5.8 5.6 22.0 23.9 103.9 -8.7
403 Ryan, Matt NOP 22 12 10 46.2 39.9 89.0 44.8 10.7 37.5 28.6 16.9 21.7 78.2 13.1 33.2 46.4 24.3 14.3 7.1 5.0 4.7 20.6 19.1 107.4 -3.3
407 Hield, Buddy PHI 21 9 12 49.6 41.3 85.9 48.1 12.7 33.7 37.6 17.2 21.7 79.4 10.1 36.4 46.6 26.0 15.2 6.8 7.2 5.6 14.5 20.1 112.6 5.6
407 Hood-Schifino, Jalen LAL 21 10 11 46.4 39.1 85.5 45.8 14.0 38.3 36.7 19.6 26.0 75.4 9.4 34.5 43.8 25.1 9.8 7.2 5.1 4.7 18.7 18.7 111.9 23.0
407 Lee, Saben PHX 21 12 9 47.1 38.5 89.4 43.0 13.0 36.9 35.3 11.7 16.4 71.0 10.9 30.0 40.8 22.5 13.0 7.2 5.3 8.5 22.5 15.9 101.6 -4.2
407 Mays, Skylar POR 21 6 15 48.5 43.2 83.7 51.6 11.0 31.1 35.5 18.8 24.7 76.2 9.7 35.3 45.0 27.7 13.9 7.8 5.6 5.0 15.1 19.6 116.2 12.8
407 Pickett, Jalen DEN 21 15 6 48.8 36.5 82.9 44.0 11.3 32.4 34.7 21.6 28.4 76.2 12.2 32.4 44.6 22.5 11.7 8.6 2.7 5.0 13.1 22.1 105.9 3.6
407 Robinson, Mitchell NYK 21 12 9 49.4 43.3 87.9 49.2 14.1 36.3 38.9 13.3 17.8 74.7 9.8 31.2 41.0 26.6 13.9 7.3 5.6 3.1 21.8 16.0 113.9 -2.7
407 Sensabaugh, Brice UTA 21 6 15 47.1 44.4 87.2 51.0 16.0 37.2 42.9 17.2 22.4 77.1 8.5 30.9 39.5 29.9 10.7 7.5 4.8 4.0 17.2 16.1 122.1 10.7
414 Arcidiacono, Ryan NYK 20 15 5 47.5 32.6 91.6 35.6 5.3 38.9 13.5 9.5 14.7 64.3 18.9 32.6 51.6 18.9 15.8 8.4 4.2 3.2 9.5 14.7 80.0 -2.1
414 Banton, Dalano POR 20 4 16 49.1 43.8 87.9 49.8 12.0 31.2 38.4 19.9 24.3 81.8 11.1 31.3 42.4 27.2 13.4 9.9 7.1 4.8 17.6 20.2 119.4 11.8
414 Gillespie, Collin DEN 20 13 7 47.6 40.4 86.0 46.9 10.3 27.4 37.5 17.2 23.2 73.9 10.8 33.8 44.6 21.9 12.9 7.1 3.4 3.7 16.9 18.7 108.2 -2.4
414 Jones, Colby SAC 20 10 10 49.0 37.2 81.8 45.5 12.0 36.1 33.3 19.7 26.6 74.0 10.2 32.5 42.7 23.7 14.2 6.6 4.7 5.5 15.3 20.8 106.2 -0.7
414 Morris, Markieff DAL 20 11 9 46.0 43.8 88.2 49.7 12.6 33.7 37.4 14.8 20.3 73.0 12.1 33.4 45.5 23.8 13.7 6.8 3.0 3.0 22.5 17.0 115.1 11.8
414 Payne, Cameron PHI 20 8 12 49.0 38.7 80.7 47.9 11.9 32.7 36.5 20.9 25.1 83.2 9.3 36.9 46.3 25.2 16.2 6.3 8.0 6.0 16.8 20.4 110.2 2.1
414 Schofield, Admiral ORL 20 13 7 48.3 37.8 89.2 42.4 7.4 39.9 18.6 14.9 20.3 73.3 10.8 35.8 46.6 18.9 14.2 9.5 4.1 4.7 14.2 16.9 98.0 6.1
414 Schroder, Dennis BKN 20 6 14 49.8 43.9 90.5 48.5 13.4 35.0 38.2 15.6 20.0 77.8 11.9 35.6 47.4 26.3 13.8 8.0 4.9 3.7 18.1 18.0 116.8 10.3
414 Smart, Marcus MEM 20 7 13 46.9 38.8 85.7 45.2 13.2 34.7 38.0 19.2 25.1 76.8 9.2 35.2 44.5 23.0 15.7 7.4 5.7 6.0 17.5 21.7 110.0 1.6
414 Tucker, P.J. LAC 20 7 13 49.2 42.7 88.5 48.3 14.6 34.9 41.7 15.2 20.2 75.4 10.1 32.3 42.4 27.0 13.8 8.2 5.1 5.3 20.6 20.5 115.2 6.7
424 Agbaji, Ochai TOR 19 4 15 47.1 45.8 90.4 50.7 12.0 34.8 34.6 16.3 20.7 78.8 11.5 33.9 45.4 28.3 13.4 7.1 5.1 4.1 17.1 17.7 120.0 12.4
424 Badji, Ibou POR 19 5 14 48.4 39.7 83.2 47.7 13.2 35.5 37.3 22.7 31.7 71.6 9.2 34.0 43.3 26.5 14.7 9.2 5.9 7.6 18.7 23.6 115.4 19.4
424 Bagley III, Marvin WAS 19 3 16 45.9 44.9 89.1 50.4 11.4 30.6 37.3 14.3 18.0 79.5 9.6 35.2 44.8 29.3 12.2 6.6 7.4 4.4 17.0 15.7 115.5 6.8
424 Bassey, Charles SAS 19 3 16 45.1 40.9 82.2 49.7 14.9 35.6 42.0 18.5 23.7 77.8 8.6 31.9 40.4 25.1 14.3 9.5 4.4 6.2 15.6 18.0 115.2 10.1
424 Beverley, Patrick MIL 19 13 6 50.0 42.6 90.5 47.1 17.2 41.9 41.0 12.9 17.3 74.4 11.0 35.3 46.4 26.7 14.4 6.7 3.8 5.0 19.5 19.4 115.3 6.5
424 Cain, Jamal MIA 19 9 10 48.5 40.9 84.0 48.7 11.9 34.6 34.5 17.8 23.9 74.6 8.9 31.8 40.7 27.7 14.8 8.3 4.5 2.4 19.4 18.6 111.5 6.1
424 Fournier, Evan DET 19 4 15 46.6 40.1 85.7 46.8 11.1 34.6 32.1 18.1 23.9 75.6 11.0 35.6 46.6 26.1 15.2 10.8 5.3 4.3 13.2 20.4 109.3 9.6
424 Micic, Vasilije CHA 19 7 12 48.7 42.5 89.2 47.6 13.7 39.4 34.8 16.9 20.1 84.1 12.3 33.6 45.8 29.0 13.5 8.0 4.7 4.2 15.7 17.5 115.5 9.0
424 Mills, Patty ATL 19 9 10 46.6 43.0 85.2 50.4 12.5 35.3 35.3 17.8 23.1 77.0 9.9 38.1 48.0 26.6 13.9 6.2 5.1 3.5 17.1 20.3 116.2 9.0
424 O'Neale, Royce PHX 19 11 8 46.9 40.1 89.8 44.6 12.4 36.8 33.6 15.1 20.5 74.0 11.0 30.1 41.1 23.9 12.2 9.4 3.6 6.2 18.9 17.4 107.6 -9.1
424 Olynyk, Kelly TOR 19 4 15 46.6 46.0 90.8 50.7 12.8 35.7 35.7 15.8 19.8 79.7 12.6 35.4 48.0 29.9 13.9 7.6 5.0 3.9 17.7 18.2 120.6 15.6
424 Stevens, Lamar BOS 19 15 4 46.7 36.8 86.6 42.5 9.6 36.4 26.3 18.0 24.1 74.6 13.8 34.5 48.3 23.0 15.3 6.5 4.2 5.4 18.4 19.5 101.1 -3.8
424 Williams, Grant CHA 19 7 12 48.3 40.7 87.1 46.7 11.7 38.4 30.5 15.5 18.7 83.2 10.9 35.2 46.0 27.0 14.6 7.5 4.5 4.1 17.8 16.4 108.7 5.3
424 Williams, Mark CHA 19 7 12 48.1 44.4 90.9 48.9 12.8 35.6 35.9 15.5 20.2 77.0 10.6 33.1 43.8 25.9 13.5 7.1 5.4 4.5 17.9 17.6 117.1 2.0
438 Burks, Alec NYK 18 9 9 51.4 43.1 93.1 46.3 12.3 34.6 35.6 14.8 19.2 77.0 13.8 32.9 46.7 25.8 11.9 9.4 5.6 4.2 18.7 18.8 113.3 10.6
438 Gafford, Daniel DAL 18 12 6 45.8 39.6 87.3 45.3 11.8 35.1 33.7 16.9 21.9 77.3 9.7 32.0 41.7 26.5 13.1 8.7 4.5 6.0 18.0 18.8 107.8 -5.0
438 Garza, Luka MIN 18 13 5 44.0 39.7 74.9 53.0 9.6 24.2 39.6 20.5 26.9 76.3 5.5 34.2 39.7 26.9 13.2 6.4 3.2 1.8 16.4 18.7 109.6 8.2
438 Griffin, AJ ATL 18 8 10 44.5 43.6 81.9 53.3 14.4 34.9 41.3 17.4 21.1 82.5 8.1 32.9 40.9 31.2 16.1 9.1 6.7 4.4 17.8 15.1 119.1 9.4
438 Nwora, Jordan IND 18 8 10 45.0 40.1 79.3 50.6 12.3 28.8 42.7 24.4 29.6 82.5 8.9 31.0 39.9 22.4 15.3 4.7 4.7 4.9 19.0 21.4 117.0 3.9
438 Santos, Gui GSW 18 12 6 46.8 38.7 86.4 44.8 12.4 37.5 33.1 15.8 22.6 69.9 9.0 29.1 38.1 24.1 11.1 7.4 5.6 6.2 18.0 21.1 105.6 -7.4
438 Temple, Garrett TOR 18 4 14 45.5 39.1 83.7 46.7 8.8 31.6 27.9 15.8 18.1 87.2 14.4 30.7 45.1 19.5 17.7 12.6 7.0 2.3 14.4 15.8 102.8 0.0
438 Washington, P.J. DAL 18 12 6 46.8 40.8 87.7 46.5 12.3 34.7 35.4 16.4 20.3 80.6 9.3 32.7 42.0 26.8 13.3 7.0 5.3 6.4 18.3 17.1 110.2 -6.2
446 Anunoby, OG NYK 17 15 2 49.3 36.5 88.0 41.4 10.2 33.4 30.6 15.3 20.4 74.9 10.6 29.7 40.3 25.0 14.0 7.3 4.4 5.4 19.6 18.8 98.4 -24.5
446 Bertans, Davis CHA 17 6 11 48.6 40.7 85.3 47.7 12.3 37.3 32.8 14.2 17.9 79.4 9.3 36.8 46.0 28.2 14.5 8.1 5.4 4.0 19.5 15.7 108.0 6.7
446 Bogdanovic, Bojan NYK 17 9 8 50.8 42.7 89.5 47.7 11.9 32.3 37.0 15.5 21.1 73.6 11.4 33.4 44.8 26.2 13.1 8.0 4.8 4.1 19.1 18.5 112.8 9.5
446 Brown, Moses POR 17 4 13 48.2 43.4 86.5 50.2 12.8 33.2 38.6 17.8 22.4 79.4 10.5 31.9 42.4 26.3 11.8 10.2 7.6 4.9 19.7 15.1 117.4 13.2
446 Dinwiddie, Spencer LAL 17 11 6 47.0 45.2 95.3 47.4 12.4 35.7 34.7 12.9 15.7 81.8 11.6 29.7 41.3 29.4 10.5 6.1 4.3 5.3 18.7 15.2 115.6 -8.4
446 Key, Braxton DEN 17 12 5 47.1 34.5 76.7 44.9 12.9 35.3 36.6 22.4 31.0 72.2 11.2 34.5 45.7 21.6 17.2 4.3 5.2 5.2 15.5 23.3 104.3 6.0
446 Livingston, Chris MIL 17 11 6 46.0 35.3 74.4 47.4 10.3 28.8 35.6 35.9 44.9 80.0 7.7 26.3 34.0 21.8 10.9 9.0 7.1 3.8 9.0 30.8 116.7 7.7
446 Moore Jr., Wendell MIN 17 13 4 41.4 39.2 72.5 54.0 6.7 22.5 29.6 24.2 35.0 69.0 8.3 31.7 40.0 26.7 15.0 8.3 5.8 4.2 11.7 20.8 109.2 17.5
446 Robinson, Jerome GSW 17 12 5 45.0 34.7 79.9 43.5 10.4 34.0 30.6 12.5 20.1 62.1 5.6 30.6 36.1 20.1 12.5 9.0 3.5 9.7 14.6 15.3 92.4 -16.0
455 Fontecchio, Simone DET 16 4 12 46.6 39.3 84.8 46.4 11.1 33.0 33.5 19.1 24.1 79.2 8.1 35.9 44.0 25.2 14.1 9.1 6.6 4.0 15.3 19.8 108.8 3.5
455 Gibson, Taj NYK 16 7 9 47.9 39.1 82.9 47.2 14.8 39.7 37.2 18.0 25.5 70.5 5.8 35.1 40.9 27.2 11.3 4.9 4.9 3.2 16.8 20.6 111.0 7.0
455 Giles III, Harry BKN 16 6 10 47.2 43.0 90.1 47.7 18.0 44.8 40.3 22.7 30.8 73.6 13.4 27.3 40.7 31.4 10.5 6.4 5.8 4.7 19.2 23.3 126.7 4.7
455 Harris, Joe DET 16 4 12 45.8 41.0 85.4 47.9 10.5 26.4 39.8 25.3 29.9 84.7 12.7 30.2 42.9 23.7 11.6 8.4 6.5 6.2 19.7 22.9 117.8 12.9
455 Hayward, Gordon OKC 16 12 4 47.6 42.0 83.6 50.2 13.6 31.6 43.2 17.8 23.5 75.7 8.8 34.4 43.2 27.5 14.3 7.3 6.2 5.7 17.4 18.8 115.4 1.4
455 Lopez, Robin MIL 16 10 6 45.3 39.2 80.4 48.7 11.9 30.1 39.5 21.7 30.8 70.5 9.1 34.3 43.4 23.8 13.3 10.5 4.2 2.8 9.8 20.3 111.9 16.1
455 Mann, Tre CHA 16 6 10 49.3 41.8 89.4 46.8 13.2 39.1 33.8 12.3 15.0 81.5 12.1 35.1 47.1 28.4 15.1 7.8 4.5 4.2 17.3 15.1 109.2 6.4
455 Morris, Monte MIN 16 12 4 48.5 40.5 86.8 46.6 12.5 31.6 39.5 13.8 18.1 76.0 7.8 36.9 44.6 27.6 14.2 5.1 4.0 7.9 17.8 17.0 107.2 -5.9
455 Williams, Nate HOU 16 8 8 46.0 38.1 84.2 45.3 10.4 32.2 32.3 19.8 28.7 69.0 10.9 30.7 41.6 20.8 11.9 4.5 7.9 4.0 18.8 23.3 106.4 -9.9
464 Bertans, Davis OKC 15 11 4 44.2 35.9 73.8 48.7 15.5 36.4 42.7 21.4 30.6 69.8 8.3 30.6 38.8 26.2 14.1 4.9 5.3 3.9 21.4 20.9 108.7 -11.7
464 Bitim, Onuralp CHI 15 7 8 48.2 42.1 87.5 48.1 13.6 38.9 35.1 16.8 23.3 72.1 11.4 32.2 43.6 26.6 13.2 7.8 5.6 3.4 19.9 17.2 114.5 6.7
464 Graham, Devonte' SAS 15 4 11 46.0 37.5 79.9 47.0 10.8 28.6 37.7 16.7 23.4 71.4 7.8 34.9 42.8 27.5 19.3 7.1 5.6 6.7 18.6 15.6 102.6 -15.6
464 Holmes, Richaun WAS 15 3 12 47.0 43.7 88.7 49.2 12.7 34.2 37.0 19.7 25.3 77.7 10.3 32.5 42.8 25.5 12.8 7.5 6.5 4.8 17.0 21.9 119.7 6.5
464 Jemison, Trey MEM 15 3 12 50.4 43.9 88.0 49.9 13.6 37.8 35.9 14.3 19.3 74.4 8.0 30.2 38.2 29.6 14.3 10.6 5.5 4.8 18.2 19.1 115.7 7.1
464 Lewis Jr., Kira NOP 15 9 6 46.3 37.4 88.1 42.5 11.0 40.0 27.4 18.4 26.5 69.5 13.9 36.8 50.6 23.5 14.8 5.8 5.2 3.2 23.2 19.4 104.2 6.1
464 Lofton Jr., Kenneth MEM 15 4 11 45.5 36.9 76.5 48.2 12.4 32.3 38.6 16.6 23.0 72.0 8.8 36.9 45.6 22.6 20.3 7.4 7.4 7.8 19.4 20.7 102.8 -2.3
464 Porter Jr., Otto TOR 15 6 9 46.3 37.8 82.2 46.0 12.8 34.8 36.6 18.1 22.6 80.0 8.8 31.1 39.9 25.0 14.1 6.1 4.0 5.3 19.1 18.6 106.4 -5.9
464 Simmons, Ben BKN 15 7 8 47.3 43.2 89.5 48.3 13.2 34.9 37.7 15.0 18.1 83.2 8.6 36.4 44.9 24.6 13.0 6.1 3.8 4.5 15.0 16.9 114.6 5.0
473 Azubuike, Udoka PHX 14 10 4 47.1 43.9 92.1 47.6 18.0 42.1 42.7 19.7 24.6 80.4 8.8 30.7 39.5 32.0 11.0 7.9 7.9 8.8 20.6 18.9 125.4 16.7
473 Bates-Diop, Keita BKN 14 6 8 50.8 39.1 77.4 50.5 7.5 30.8 24.4 21.8 26.3 82.9 7.5 30.8 38.3 21.8 16.5 5.3 6.8 3.8 19.5 18.8 107.5 9.8
473 Bouknight, James CHA 14 0 14 48.7 41.0 80.1 51.1 13.3 31.3 42.3 19.3 24.7 78.0 10.8 37.3 48.2 26.5 15.7 8.4 9.0 3.6 15.7 18.7 114.5 6.6
473 Flynn, Malachi NYK 14 12 2 46.9 36.4 85.3 42.7 12.4 38.8 32.0 10.1 12.4 81.3 8.5 28.7 37.2 24.8 11.6 6.2 8.5 4.7 14.0 13.2 95.3 3.1
473 Hagans, Ashton POR 14 2 12 50.0 36.3 79.5 45.6 9.9 26.8 37.0 25.9 35.4 73.2 12.7 29.7 42.4 20.3 16.7 8.6 7.8 5.9 19.4 26.2 108.4 1.5
473 Howard, Jett ORL 14 7 7 44.6 36.2 81.0 44.7 10.3 34.5 30.0 14.7 22.4 65.4 9.5 28.4 37.9 19.8 12.9 6.9 3.4 3.4 18.1 16.4 97.4 1.7
473 Huff, Jay DEN 14 11 3 45.7 39.2 78.5 50.0 7.6 26.6 28.6 19.0 30.4 62.5 13.9 35.4 49.4 22.8 16.5 8.9 1.3 2.5 12.7 24.1 105.1 20.3
473 Lowry, Kyle PHI 14 5 9 50.2 38.6 85.0 45.3 13.1 37.0 35.5 19.8 24.6 80.4 11.6 39.2 50.8 26.6 16.3 6.1 5.9 5.4 18.3 21.3 110.0 5.6
473 Sarr, Olivier OKC 14 7 7 47.8 36.9 87.9 42.0 17.2 41.9 41.0 13.6 18.2 75.0 11.1 26.8 37.9 22.7 12.6 8.6 1.5 6.6 15.2 16.2 104.5 -4.5
482 Flynn, Malachi DET 13 2 11 48.9 44.0 89.1 49.3 12.1 29.8 40.5 19.4 26.6 72.7 12.1 34.7 46.8 25.0 12.5 10.9 6.0 4.8 15.3 21.4 119.4 21.4
482 Gallinari, Danilo MIL 13 9 4 51.6 42.3 85.9 49.2 20.7 44.1 47.0 18.5 24.2 76.4 8.4 30.8 39.2 26.9 14.5 8.4 4.4 3.5 12.3 20.3 123.8 19.4
482 Jeffries, DaQuan NYK 13 8 5 48.6 37.1 90.0 41.3 14.3 48.6 29.4 10.0 17.1 58.3 15.7 47.1 62.9 22.9 14.3 2.9 4.3 1.4 10.0 12.9 98.6 11.4
482 Maledon, Theo CHA 13 3 10 46.2 41.6 82.2 50.6 15.9 34.9 45.7 24.7 31.4 78.7 8.5 30.3 38.8 27.9 12.9 7.2 4.8 5.5 22.4 24.5 123.8 13.2
482 Mann, Tre OKC 13 11 2 48.6 37.0 85.8 43.1 13.8 37.4 37.0 18.7 22.8 82.1 11.8 33.7 45.5 24.0 14.6 9.3 3.3 4.9 10.6 15.9 106.5 2.0
482 Mays, Skylar LAL 13 6 7 48.4 36.6 85.5 42.7 10.3 37.9 27.3 30.3 36.6 83.0 16.6 31.7 48.3 25.5 15.2 5.5 5.5 4.1 13.1 24.8 113.8 6.9
482 Muscala, Mike DET 13 4 9 46.6 41.1 87.5 47.0 11.2 34.3 32.5 14.7 19.9 74.0 8.2 30.5 38.7 27.0 10.6 8.4 5.2 4.4 17.7 17.2 108.2 -12.5
482 Queen, Trevelin ORL 13 5 8 49.4 42.4 90.3 47.0 10.6 32.1 33.0 15.5 22.4 68.9 11.5 30.9 42.4 26.7 15.5 7.9 2.4 5.2 19.1 21.8 110.9 2.7
482 Roddy, David PHX 13 7 6 42.5 39.1 87.8 44.6 11.3 33.0 34.2 13.9 16.5 84.2 16.5 33.0 49.6 20.9 15.7 9.6 4.3 7.8 17.4 14.8 103.5 15.7
482 Swider, Cole MIA 13 5 8 48.8 40.6 84.2 48.2 13.3 33.3 40.0 12.1 17.6 69.0 9.7 35.8 45.5 27.3 12.7 9.1 4.8 2.4 15.8 12.7 106.7 4.8
492 Bates, Emoni CLE 12 6 6 48.7 42.1 84.7 49.7 17.3 42.1 41.2 21.3 25.2 84.3 12.9 34.7 47.5 29.2 16.8 8.9 4.0 4.5 15.8 18.3 122.8 29.7
492 Bernard, Jules WAS 12 1 11 46.1 38.9 83.2 46.8 7.0 28.1 25.0 22.2 29.2 75.9 14.6 31.4 45.9 26.5 16.2 9.2 6.5 7.0 20.0 18.4 107.0 -4.3
492 Clowney, Noah BKN 12 4 8 47.5 43.3 82.3 52.5 14.0 35.3 39.5 16.3 20.0 81.4 10.7 33.0 43.7 27.4 15.3 5.6 9.8 3.3 18.1 14.9 116.7 6.5
492 Marjanovic, Boban HOU 12 8 4 45.1 43.4 86.1 50.5 16.4 39.3 41.7 16.4 20.5 80.0 8.2 27.9 36.1 25.4 10.7 6.6 4.1 4.1 16.4 13.9 119.7 21.3
492 Nix, Daishen MIN 12 9 3 43.4 33.3 71.1 46.9 7.8 26.7 29.2 21.1 30.0 70.4 8.9 34.4 43.3 18.9 18.9 2.2 4.4 4.4 17.8 18.9 95.6 -22.2
492 Smith, Terquavion PHI 12 4 8 42.0 43.0 80.6 53.4 15.2 38.2 39.7 14.5 17.6 82.8 10.3 30.3 40.6 31.5 20.0 7.9 3.6 3.0 20.6 15.2 115.8 -2.4
492 Springer, Jaden BOS 12 12 0 49.7 37.0 88.2 42.0 9.4 33.9 27.9 16.5 19.7 84.0 11.8 32.3 44.1 22.8 13.4 3.9 6.3 7.1 11.8 18.9 100.0 -7.1
492 Stevens, Lamar MEM 12 4 8 49.8 38.0 93.5 40.7 13.6 41.5 32.7 14.1 19.7 71.8 15.3 33.7 48.9 23.3 15.7 10.3 5.9 6.5 21.8 17.2 103.8 3.8
492 Williams, Brandon DAL 12 7 5 45.8 46.5 93.0 50.0 14.7 31.8 46.3 7.0 11.6 60.0 10.1 40.3 50.4 25.6 12.4 7.0 5.4 6.2 17.1 12.4 114.7 20.9
501 Brown Jr., Troy DET 11 0 11 46.3 44.7 84.4 53.0 10.6 29.1 36.6 18.8 23.8 78.9 6.3 32.8 39.1 27.2 11.9 10.6 6.6 2.5 14.7 19.1 118.8 16.9
501 Diabate, Moussa LAC 11 7 4 49.4 41.5 92.3 45.0 16.9 43.1 39.3 19.2 29.2 65.8 16.2 23.1 39.2 28.5 14.6 3.8 5.4 3.1 20.0 20.8 119.2 1.5
501 Freeman-Liberty, Javon TOR 11 1 10 46.1 42.0 87.1 48.2 11.9 36.1 33.0 15.0 18.8 80.0 12.5 36.1 48.6 27.6 16.3 11.0 6.0 4.4 16.6 16.9 111.0 10.3
501 Hinton, Nate HOU 11 6 5 43.6 32.6 75.8 43.0 9.1 29.5 30.8 26.5 39.4 67.3 7.6 28.8 36.4 15.9 6.8 6.1 3.8 6.1 18.2 21.2 100.8 -12.1
501 Juzang, Johnny UTA 11 3 8 47.7 41.5 88.9 46.6 16.5 34.8 47.3 15.8 21.5 73.5 10.8 32.0 42.7 26.6 10.4 6.6 2.8 7.0 15.2 18.0 115.2 2.2
501 Samuels Jr., Jermaine HOU 11 6 5 45.3 39.3 76.1 51.7 12.0 32.5 36.8 23.9 33.3 71.8 6.0 29.9 35.9 20.5 8.5 7.7 3.4 4.3 14.5 20.5 114.5 9.4
501 Tillman, Xavier BOS 11 10 1 50.7 45.7 91.7 49.8 9.5 27.6 34.4 10.7 13.9 76.6 10.1 32.6 42.7 25.5 14.8 6.2 4.5 7.7 16.6 14.5 111.6 -11.3
501 Toscano-Anderson, Juan SAC 11 7 4 47.9 36.4 88.2 41.2 14.5 40.9 35.6 20.0 24.5 81.5 10.0 31.8 41.8 19.1 13.6 8.2 2.7 9.1 18.2 23.6 107.3 8.2
501 Tyson, Hunter DEN 11 8 3 45.5 31.4 68.6 45.8 8.6 38.6 22.2 25.7 35.7 72.0 7.1 34.3 41.4 21.4 12.9 7.1 0.0 0.0 5.7 27.1 97.1 -4.3
510 Brooks, Armoni BKN 10 3 7 48.8 41.8 93.0 44.9 16.0 47.9 33.3 15.0 21.1 71.1 15.0 29.6 44.6 26.8 12.2 5.2 5.2 3.3 20.7 18.8 114.6 -13.1
510 Brown, Kendall IND 10 6 4 45.2 30.0 70.0 42.9 8.8 30.0 29.2 25.0 26.3 95.2 11.3 26.3 37.5 18.8 22.5 7.5 5.0 6.3 13.8 18.8 93.8 12.5
510 Krejci, Vit ATL 10 4 6 50.2 42.3 83.7 50.5 13.2 33.9 39.0 18.7 22.0 85.0 8.8 33.3 42.1 28.0 14.5 6.8 9.0 5.1 15.9 17.8 116.5 -6.4
510 Pippen Jr., Scotty MEM 10 2 8 48.0 38.9 85.7 45.4 12.2 35.0 34.9 14.9 18.8 79.1 12.0 36.0 48.0 24.4 17.2 9.1 5.4 6.6 20.1 19.5 105.0 0.6
510 Pokusevski, Aleksej OKC 10 8 2 47.2 45.3 84.4 53.7 17.2 39.1 44.0 17.2 21.9 78.6 8.6 35.2 43.8 26.6 9.4 9.4 3.1 4.7 13.3 16.4 125.0 26.6
510 Rollins, Ryan WAS 10 1 9 44.2 28.9 77.2 37.4 8.7 32.9 26.5 16.1 21.5 75.0 15.4 28.2 43.6 18.1 30.2 11.4 5.4 10.1 21.5 18.8 82.6 -38.3
516 Bufkin, Kobe ATL 9 6 3 46.4 37.0 85.9 43.0 12.0 33.3 35.9 16.1 22.9 70.5 10.9 33.3 44.3 21.9 15.1 8.3 4.7 7.3 18.2 17.7 102.1 -3.6
516 Champagnie, Justin WAS 9 2 7 46.9 41.4 81.0 51.2 12.5 35.0 35.9 26.6 31.2 85.4 10.3 36.1 46.4 25.9 12.9 8.0 6.1 5.3 16.0 22.4 122.1 17.1
516 Goodwin, Jordan MEM 9 4 5 48.9 43.2 90.7 47.6 13.2 36.9 35.8 13.6 19.1 71.1 12.6 34.3 46.9 26.6 15.0 9.7 5.9 6.9 17.4 18.3 113.2 13.2
516 Johnson, Keyontae OKC 9 7 2 47.6 41.0 84.2 48.7 13.7 38.8 35.2 9.4 12.9 72.2 4.3 30.9 35.3 20.9 11.5 12.9 4.3 4.3 12.9 12.9 105.0 5.0
516 Lundy, Seth ATL 9 2 7 46.8 46.8 90.1 52.0 12.6 33.3 37.8 8.1 11.7 69.2 12.6 31.5 44.1 33.3 15.3 9.9 2.7 5.4 18.9 13.5 114.4 11.7
516 McDermott, Doug IND 9 6 3 43.6 39.8 75.3 52.9 11.6 27.5 42.0 22.3 27.1 82.4 5.2 33.9 39.0 25.5 14.3 8.8 3.2 3.2 15.9 17.5 113.5 -3.6
516 Miller, Leonard MIN 9 8 1 43.5 37.7 69.6 54.2 8.7 21.7 40.0 15.9 29.0 55.0 5.8 36.2 42.0 29.0 18.8 7.2 8.7 5.8 4.3 18.8 100.0 10.1
516 Mills, Patty MIA 9 4 5 49.7 36.0 80.7 44.6 13.0 39.3 33.1 12.7 15.7 80.9 6.7 35.7 42.3 29.3 18.0 4.3 5.0 2.3 20.0 16.7 97.7 -15.3
516 Morant, Ja MEM 9 6 3 47.1 40.4 86.7 46.7 11.0 32.3 33.9 17.5 22.8 76.6 10.4 32.9 43.3 24.9 13.3 7.1 5.3 6.7 21.3 18.7 109.3 -1.6
516 Nowell, Jaylen MEM 9 3 6 47.5 39.5 88.4 44.7 12.2 33.4 36.4 17.6 19.8 89.2 10.9 33.7 44.7 26.7 15.2 7.0 4.9 7.0 16.7 18.8 108.8 0.6
516 Smith, Dru MIA 9 7 2 48.3 42.1 90.0 46.7 15.9 39.9 39.8 13.3 18.5 72.0 15.1 38.0 53.1 25.5 19.6 6.6 4.4 4.8 21.4 17.3 113.3 15.9
516 Toppin, Jacob NYK 9 2 7 50.9 42.7 76.0 56.1 17.3 33.3 52.0 17.3 18.7 92.9 4.0 38.7 42.7 32.0 13.3 8.0 5.3 2.7 18.7 17.3 120.0 21.3
528 Brown Jr., Charlie NYK 8 2 6 51.1 38.4 86.3 44.4 16.4 42.5 38.7 19.2 24.7 77.8 6.8 39.7 46.6 26.0 9.6 6.8 1.4 6.8 15.1 20.5 112.3 8.2
528 Curry, Seth CHA 8 4 4 49.1 43.7 91.3 47.8 13.9 40.9 34.1 10.2 12.7 80.5 10.5 34.1 44.6 32.5 13.3 7.1 5.3 4.0 16.1 16.7 111.5 7.7
528 Hampton, R.J. MIA 8 3 5 48.1 40.5 93.7 43.2 12.7 38.6 32.8 11.4 17.1 66.7 10.8 31.6 42.4 25.9 7.6 8.2 5.7 3.8 19.0 16.5 105.1 -13.3
528 Hurt, Matt MEM 8 2 6 48.6 39.1 86.7 45.0 12.4 38.2 32.6 13.3 16.7 79.5 13.7 32.2 45.9 24.9 18.0 9.4 4.3 5.2 22.3 15.9 103.9 5.2
528 Liddell, E.J. NOP 8 3 5 43.6 41.5 83.0 50.0 13.2 37.7 35.0 9.4 11.3 83.3 13.2 30.2 43.4 20.8 18.9 7.5 0.0 5.7 24.5 7.5 105.7 7.5
528 Miller, Jordan LAC 8 5 3 44.7 44.4 96.8 45.9 9.5 30.2 31.6 17.5 27.0 64.7 20.6 28.6 49.2 25.4 11.1 12.7 4.8 4.8 14.3 17.5 115.9 20.6
528 Moon, Xavier LAC 8 5 3 46.3 44.7 86.8 51.5 13.2 38.2 34.5 17.1 25.0 68.4 11.8 36.8 48.7 23.7 7.9 10.5 6.6 3.9 10.5 17.1 119.7 46.1
528 Potter, Micah UTA 8 2 6 49.1 42.9 92.7 46.3 20.3 45.8 44.4 10.7 15.8 67.9 11.9 34.5 46.3 33.3 10.7 7.3 5.6 4.5 20.3 15.3 116.9 9.6
528 Rhoden, Jared DET 8 1 7 46.6 41.6 79.9 52.0 14.3 35.1 40.7 16.2 23.4 69.4 7.8 26.6 34.4 25.3 12.3 7.1 2.6 5.2 22.7 18.2 113.6 0.6
528 Tshiebwe, Oscar IND 8 2 6 44.6 31.9 66.0 48.4 10.6 28.7 37.0 25.5 29.8 85.7 6.4 26.6 33.0 18.1 24.5 7.4 6.4 7.4 19.1 21.3 100.0 -14.9
528 Windler, Dylan LAL 8 4 4 46.9 42.4 93.2 45.5 13.6 45.8 29.6 22.0 28.8 76.5 13.6 25.4 39.0 27.1 10.2 10.2 1.7 1.7 11.9 18.6 120.3 1.7
528 Wright, Delon MIA 8 5 3 51.6 41.9 86.5 48.5 16.1 36.5 44.2 12.6 15.5 81.3 9.0 32.3 41.3 27.4 14.2 6.5 4.8 3.2 20.0 12.6 112.6 -0.6
540 Castleton, Colin LAL 7 3 4 48.6 48.6 90.5 53.7 14.9 40.5 36.7 12.2 18.9 64.3 13.5 32.4 45.9 27.0 10.8 4.1 5.4 4.1 17.6 18.9 124.3 28.4
540 Evbuomwan, Tosan DET 7 0 7 48.0 44.4 82.6 53.7 14.3 35.5 40.2 17.8 27.0 65.7 7.3 33.6 40.9 30.5 14.3 10.4 5.8 2.7 18.5 20.5 120.8 22.8
540 Hodge, D'Moi LAL 7 1 6 46.9 48.9 88.6 55.1 15.9 36.4 43.8 12.5 15.9 78.6 15.9 33.0 48.9 25.0 14.8 9.1 2.3 4.5 18.2 14.8 126.1 39.8
540 Jarreau, DeJon MEM 7 2 5 48.7 41.9 88.6 47.2 15.9 40.7 39.0 9.8 12.6 77.4 8.1 38.6 46.7 32.1 14.6 7.3 6.5 3.3 19.5 15.4 109.3 10.6
540 Johnson, James IND 7 3 4 45.4 39.0 75.3 51.7 14.3 42.9 33.3 20.8 23.4 88.9 13.0 28.6 41.6 16.9 24.7 3.9 3.9 1.3 14.3 14.3 113.0 -2.6
540 Lewis Jr., Kira UTA 7 1 6 48.0 45.3 90.6 50.0 19.8 41.5 47.7 9.4 13.2 71.4 11.3 31.1 42.5 27.4 11.3 7.5 3.8 3.8 23.6 11.3 119.8 10.4
540 Muscala, Mike OKC 7 4 3 44.0 29.1 63.6 45.7 7.3 27.3 26.7 20.0 25.5 78.6 1.8 36.4 38.2 20.0 16.4 5.5 5.5 1.8 12.7 20.0 85.5 0.0
540 Pokusevski, Aleksej CHA 7 2 5 49.7 42.8 90.3 47.3 14.9 43.1 34.5 16.7 19.0 88.2 12.3 33.8 46.1 30.5 16.0 9.7 4.5 2.6 16.4 14.1 117.1 13.8
540 Ramsey, Jahmi'us TOR 7 0 7 46.8 40.9 92.3 44.4 12.7 37.5 34.0 16.6 22.4 74.1 16.6 35.1 51.7 22.8 14.3 9.3 5.4 4.6 18.9 19.3 111.2 10.8
540 Slawson, Jalen SAC 7 5 2 49.8 43.1 87.9 49.0 5.2 22.4 23.1 19.0 31.0 61.1 13.8 27.6 41.4 19.0 12.1 12.1 0.0 5.2 13.8 27.6 110.3 20.7
540 Wainright, Ish POR 7 1 6 44.1 23.1 66.3 34.8 7.7 30.8 25.0 22.1 34.6 63.9 5.8 43.3 49.0 12.5 18.3 6.7 6.7 3.8 16.3 22.1 76.0 0.0
540 Warren, T.J. MIN 7 4 3 45.6 38.0 77.3 49.1 7.4 23.1 32.0 16.7 24.1 69.2 7.4 34.3 41.7 20.4 18.1 7.4 4.2 4.2 18.5 16.7 100.0 -14.4
552 Bailey, Amari CHA 6 0 6 47.4 37.0 85.2 43.5 16.7 50.0 33.3 11.1 16.7 66.7 7.4 27.8 35.2 29.6 14.8 13.0 5.6 1.9 11.1 11.1 101.9 -9.3
552 Biyombo, Bismack OKC 6 3 3 44.6 35.7 73.8 48.4 9.5 28.6 33.3 21.4 25.0 85.7 6.0 35.7 41.7 20.2 20.2 8.3 7.1 4.8 13.1 19.0 102.4 0.0
552 Bouyea, Jamaree POR 6 0 6 46.9 36.9 77.9 47.4 13.9 35.2 39.5 10.7 16.4 65.0 10.7 37.7 48.4 20.5 21.3 8.2 7.4 3.3 18.0 15.6 98.4 18.0
552 Brown III, Greg DAL 6 3 3 42.3 46.8 95.7 48.9 5.3 29.8 17.9 11.7 16.0 73.3 10.6 34.0 44.7 25.5 8.5 12.8 5.3 7.4 19.1 12.8 110.6 9.6
552 Cissoko, Sidy SAS 6 1 5 43.2 28.4 73.0 38.9 8.1 27.0 30.0 18.9 27.0 70.0 8.1 33.8 41.9 17.6 20.3 9.5 5.4 5.4 17.6 14.9 83.8 -20.3
552 Davison, JD BOS 6 6 0 47.7 25.0 83.3 30.0 0.0 29.2 0.0 29.2 33.3 87.5 12.5 25.0 37.5 16.7 12.5 0.0 4.2 4.2 16.7 20.8 79.2 -33.3
552 Dowtin Jr., Jeff PHI 6 1 5 50.8 40.0 93.8 42.7 12.5 40.0 31.3 13.8 15.6 88.0 15.0 31.9 46.9 25.6 13.8 5.0 11.9 6.9 16.3 15.0 106.3 -11.3
552 Ford, Jordan SAC 6 2 4 48.5 35.6 80.0 44.4 13.3 31.1 42.9 13.3 13.3 100 11.1 31.1 42.2 17.8 15.6 2.2 4.4 6.7 11.1 8.9 97.8 -31.1
552 Gallinari, Danilo DET 6 1 5 46.4 45.6 81.3 56.1 9.3 29.0 32.1 15.0 19.7 76.3 3.1 27.5 30.6 25.9 9.8 7.8 4.7 2.6 23.3 15.5 115.5 -13.5
552 Grimes, Quentin DET 6 3 3 49.5 41.6 92.7 44.9 10.3 32.6 31.6 21.5 28.8 74.6 12.9 36.9 49.8 28.8 11.6 9.9 6.4 6.0 10.7 23.6 115.0 18.9
552 Mobley, Isaiah CLE 6 1 5 49.9 42.2 81.4 51.8 17.6 38.2 46.2 13.7 14.7 93.3 4.9 33.3 38.2 27.5 14.7 6.9 4.9 1.0 14.7 13.7 115.7 8.8
552 Morris, Monte DET 6 2 4 47.0 44.1 87.6 50.4 9.7 30.3 31.8 9.0 12.4 72.2 6.2 35.2 41.4 24.8 11.0 9.7 6.2 2.8 17.9 11.0 106.9 1.4
552 Seabron, Dereon NOP 6 3 3 47.1 33.3 91.5 36.4 8.5 39.3 21.7 19.7 26.5 74.2 13.7 29.1 42.7 20.5 12.8 7.7 4.3 5.1 23.9 22.2 94.9 -23.9
552 Walsh, Jordan BOS 6 6 0 51.2 28.2 83.3 33.8 7.7 32.1 24.0 23.1 28.2 81.8 15.4 26.9 42.3 19.2 15.4 3.8 3.8 3.8 9.0 21.8 87.2 -43.6
552 Williams III, Robert POR 6 2 4 47.1 40.9 85.7 47.7 13.1 35.3 37.1 18.7 23.8 78.3 9.5 35.7 45.2 29.0 13.5 7.5 8.3 6.0 19.4 21.8 113.5 11.9
567 Gabriel, Wenyen MEM 5 1 4 49.4 38.4 87.2 44.1 12.8 40.9 31.3 9.1 13.4 68.2 6.7 36.6 43.3 23.2 17.1 11.0 6.7 4.3 17.1 18.9 98.8 9.8
567 Giles III, Harry LAL 5 3 2 47.0 36.0 72.0 50.0 8.0 28.0 28.6 24.0 32.0 75.0 12.0 36.0 48.0 28.0 16.0 8.0 8.0 0.0 4.0 20.0 104.0 64.0
567 Gueye, Mouhamadou TOR 5 0 5 46.1 41.1 106.8 38.5 6.8 37.0 18.5 12.3 16.4 75.0 28.8 37.0 65.8 17.8 15.1 12.3 8.2 11.0 15.1 13.7 101.4 35.6
567 Ntilikina, Frank CHA 5 0 5 48.2 44.9 88.8 50.6 12.4 36.0 34.4 20.2 27.0 75.0 9.0 41.6 50.6 22.5 9.0 4.5 4.5 5.6 19.1 20.2 122.5 1.1
567 Vincent, Gabe LAL 5 2 3 47.4 38.7 84.4 45.8 13.4 37.2 36.0 12.3 16.0 76.7 8.2 35.3 43.5 20.4 16.4 7.8 4.1 4.1 22.3 17.8 103.0 0.7
567 Washington Jr., TyTy MIL 5 3 2 43.1 16.7 52.1 32.0 6.3 33.3 18.8 41.7 52.1 80.0 4.2 41.7 45.8 14.6 16.7 14.6 0.0 2.1 16.7 27.1 81.3 6.3
567 Watanabe, Yuta MEM 5 1 4 49.5 42.8 88.6 48.3 16.3 39.2 41.5 12.7 17.5 72.4 13.9 31.3 45.2 28.3 13.3 9.0 6.6 4.2 22.3 16.9 114.5 18.1
567 Young, Thaddeus PHX 5 2 3 43.4 34.4 80.0 43.1 7.8 33.3 23.3 25.6 32.2 79.3 13.3 25.6 38.9 23.3 16.7 14.4 6.7 6.7 14.4 17.8 102.2 -3.3
575 Carton, D.J. TOR 4 2 2 43.9 45.7 102.5 44.6 12.3 34.6 35.7 16.0 22.2 72.2 25.9 35.8 61.7 18.5 11.1 12.3 4.9 7.4 14.8 21.0 119.8 38.3
575 Dennis, Dexter DAL 4 1 3 40.9 41.1 87.7 46.9 6.8 31.5 21.7 12.3 19.2 64.3 12.3 45.2 57.5 23.3 15.1 11.0 1.4 5.5 24.7 12.3 101.4 12.3
575 Evbuomwan, Tosan MEM 4 0 4 51.0 46.2 94.5 48.9 15.2 42.8 35.5 18.6 24.8 75.0 13.8 39.3 53.1 26.2 10.3 8.3 4.8 4.1 11.7 17.9 126.2 19.3
575 Fudge, Alex LAL 4 1 3 43.8 42.4 81.8 51.9 18.2 42.4 42.9 18.2 21.2 85.7 18.2 27.3 45.5 33.3 15.2 9.1 3.0 0.0 18.2 18.2 121.2 60.6
575 Johnson, Keon BKN 4 0 4 49.6 53.4 89.3 59.8 21.4 46.6 45.8 17.5 20.4 85.7 10.7 29.1 39.8 41.7 13.6 7.8 7.8 1.0 21.4 16.5 145.6 22.3
575 Maledon, Theo PHX 4 2 2 43.7 33.3 90.0 37.0 13.3 46.7 28.6 13.3 20.0 66.7 16.7 56.7 73.3 20.0 13.3 3.3 10.0 6.7 23.3 23.3 93.3 26.7
575 Milton, Shake DET 4 0 4 44.1 39.9 78.3 50.9 9.8 27.3 35.9 24.5 28.7 85.4 7.7 38.5 46.2 25.9 16.1 8.4 8.4 4.2 19.6 21.7 114.0 18.9
575 Morris Sr., Marcus CLE 4 1 3 50.3 41.3 89.2 46.3 12.0 32.3 37.0 15.0 19.8 75.8 11.4 36.5 47.9 28.1 10.8 9.0 2.4 3.6 20.4 21.0 109.6 14.4
575 Preston, Jason UTA 4 1 3 47.5 35.9 87.5 41.1 14.1 28.1 50.0 10.9 17.2 63.6 9.4 29.7 39.1 25.0 12.5 6.3 6.3 7.8 10.9 17.2 96.9 -26.6
575 Sanogo, Adama CHI 4 1 3 45.2 3.8 57.7 6.7 0.0 19.2 0.0 0.0 0.0 0.0 0.0 30.8 30.8 3.8 42.3 15.4 3.8 15.4 19.2 0.0 7.7 -80.8
585 Batum, Nicolas LAC 3 2 1 47.1 38.3 91.3 41.9 14.8 33.9 43.6 14.8 16.5 89.5 12.2 31.3 43.5 23.5 13.9 5.2 5.2 7.8 21.7 20.9 106.1 0.0
585 Bazley, Darius PHI 3 0 3 51.5 52.6 84.2 62.5 15.8 31.6 50.0 5.3 5.3 100 5.3 21.1 26.3 21.1 10.5 15.8 5.3 5.3 15.8 10.5 126.3 5.3
585 Boeheim, Buddy DET 3 0 3 47.5 40.0 83.3 48.0 13.3 36.7 36.4 21.7 33.3 65.0 8.3 31.7 40.0 28.3 8.3 10.0 3.3 6.7 21.7 23.3 115.0 -6.7
585 Covington, Robert LAC 3 2 1 47.5 34.2 84.9 40.3 8.9 37.7 23.6 15.1 19.2 78.6 11.6 27.4 39.0 20.5 23.3 11.0 3.4 6.8 20.5 20.5 92.5 -30.8
585 Diakite, Mamadi SAS 3 2 1 48.3 30.3 81.8 37.0 6.1 39.4 15.4 18.2 21.2 85.7 15.2 42.4 57.6 21.2 21.2 6.1 3.0 6.1 24.2 15.2 84.8 -15.2
585 Fournier, Evan NYK 3 2 1 47.7 38.3 71.6 53.4 13.6 32.1 42.3 19.8 23.5 84.2 4.9 35.8 40.7 29.6 21.0 2.5 8.6 1.2 18.5 27.2 109.9 13.6
585 Garuba, Usman GSW 3 2 1 39.0 35.0 70.0 50.0 15.0 25.0 60.0 25.0 35.0 71.4 10.0 35.0 45.0 20.0 10.0 5.0 15.0 5.0 25.0 20.0 110.0 25.0
585 Harrison, Shaquille MEM 3 1 2 45.9 46.2 76.9 60.0 15.4 38.5 40.0 23.1 38.5 60.0 0.0 46.2 46.2 23.1 7.7 7.7 7.7 7.7 0.0 23.1 130.8 84.6
585 Metu, Chimezie DET 3 0 3 47.4 42.9 82.9 51.8 10.6 34.1 31.0 15.3 23.5 65.0 7.1 29.4 36.5 29.4 11.8 10.6 5.9 1.8 17.1 18.8 111.8 10.0
585 Moore, Taze POR 3 1 2 36.4 25.0 50.0 50.0 7.1 21.4 33.3 46.4 50.0 92.9 3.6 21.4 25.0 14.3 28.6 10.7 3.6 10.7 21.4 25.0 103.6 -17.9
585 Nance, Pete CLE 3 1 2 53.0 14.3 50.0 28.6 7.1 35.7 20.0 14.3 14.3 100 0.0 35.7 35.7 14.3 28.6 0.0 7.1 0.0 14.3 7.1 50.0 -14.3
585 Spencer, Pat GSW 3 1 2 49.4 25.0 83.3 30.0 0.0 25.0 0.0 33.3 33.3 100 33.3 50.0 83.3 16.7 16.7 0.0 8.3 0.0 16.7 16.7 83.3 0.0
585 Tucker, P.J. PHI 3 2 1 47.7 37.4 87.8 42.6 7.2 23.7 30.3 13.7 20.9 65.5 10.1 30.9 41.0 22.3 13.7 10.1 5.0 9.4 20.1 18.7 95.7 -20.1
585 Wainright, Ish PHX 3 1 2 41.5 29.7 67.6 44.0 18.9 43.2 43.8 24.3 27.0 90.0 13.5 27.0 40.5 16.2 21.6 8.1 2.7 5.4 8.1 24.3 102.7 16.2
585 Wigginton, Lindell MIL 3 3 0 44.9 47.1 105.9 44.4 11.8 41.2 28.6 17.6 17.6 100 23.5 41.2 64.7 41.2 5.9 11.8 0.0 5.9 5.9 11.8 123.5 58.8
585 Windler, Dylan NYK 3 2 1 46.5 12.5 87.5 14.3 0.0 62.5 0.0 6.3 25.0 25.0 12.5 50.0 62.5 6.3 12.5 6.3 0.0 0.0 6.3 18.8 31.3 -50.0
601 Bolden, Marques CHA 2 0 2 41.9 40.0 83.3 48.0 13.3 33.3 40.0 6.7 16.7 40.0 10.0 36.7 46.7 30.0 13.3 3.3 3.3 3.3 23.3 13.3 100.0 -6.7
601 Bolden, Marques MIL 2 2 0 37.0 12.5 87.5 14.3 12.5 37.5 33.3 25.0 25.0 100 25.0 0.0 25.0 12.5 12.5 0.0 0.0 0.0 0.0 12.5 62.5 -100.0
601 Diallo, Hamidou WAS 2 1 1 43.2 18.2 45.5 40.0 0.0 18.2 0.0 9.1 36.4 25.0 0.0 54.5 54.5 18.2 18.2 9.1 9.1 0.0 9.1 18.2 45.5 -36.4
601 Funk, Andrew CHI 2 1 1 51.0 0.0 60.0 0.0 0.0 20.0 0.0 0.0 0.0 0.0 0.0 0.0 0.0 0.0 20.0 0.0 20.0 0.0 0.0 0.0 0.0 -160.0
601 Green, Danny PHI 2 1 1 45.0 41.5 82.9 50.0 12.2 31.7 38.5 19.5 26.8 72.7 9.8 22.0 31.7 26.8 12.2 7.3 7.3 2.4 17.1 19.5 114.6 0.0
601 Gueye, Mouhamed ATL 2 2 0 43.8 50.0 60.0 83.3 20.0 20.0 100 20.0 20.0 100 0.0 40.0 40.0 30.0 30.0 10.0 10.0 0.0 10.0 20.0 140.0 130.0
601 Harris, Kevon ORL 2 1 1 43.2 50.0 92.9 53.8 14.3 28.6 50.0 28.6 50.0 57.1 14.3 14.3 28.6 28.6 0.0 0.0 0.0 0.0 14.3 28.6 142.9 0.0
601 Jackson, Justin MIN 2 2 0 35.0 0.0 100.0 0.0 0.0 50.0 0.0 0.0 0.0 0.0 0.0 0.0 0.0 0.0 0.0 0.0 0.0 0.0 0.0 0.0 0.0 0.0
601 Jemison, Trey WAS 2 0 2 37.2 0.0 50.0 0.0 0.0 25.0 0.0 0.0 0.0 0.0 0.0 25.0 25.0 0.0 25.0 25.0 0.0 0.0 0.0 0.0 0.0 -75.0
601 Jerome, Ty CLE 2 1 1 49.4 56.7 83.3 68.0 3.3 6.7 50.0 36.7 46.7 78.6 10.0 36.7 46.7 23.3 6.7 10.0 10.0 0.0 10.0 33.3 153.3 46.7
601 Lofton Jr., Kenneth PHI 2 1 1 44.1 50.0 105.0 47.6 15.0 50.0 30.0 40.0 40.0 100 20.0 30.0 50.0 25.0 0.0 15.0 10.0 5.0 20.0 20.0 155.0 70.0
601 Martin, KJ LAC 2 2 0 47.5 37.9 87.9 43.1 13.6 31.8 42.9 10.6 15.2 70.0 7.6 33.3 40.9 21.2 15.2 6.1 9.1 4.5 21.2 13.6 100.0 6.1
601 Milton, Shake NYK 2 2 0 54.2 30.0 80.0 37.5 0.0 30.0 0.0 30.0 40.0 75.0 20.0 40.0 60.0 10.0 10.0 0.0 20.0 0.0 20.0 20.0 90.0 10.0
601 Pereira, Maozinha MEM 2 1 1 44.3 25.6 74.4 34.4 2.3 23.3 10.0 16.3 25.6 63.6 4.7 46.5 51.2 20.9 18.6 4.7 7.0 2.3 23.3 25.6 69.8 -4.7
601 Petrusev, Filip SAC 2 1 1 51.0 30.8 84.6 36.4 7.7 38.5 20.0 15.4 15.4 100 15.4 30.8 46.2 30.8 15.4 7.7 0.0 0.0 30.8 15.4 84.6 -23.1
601 Primo, Joshua LAC 2 2 0 42.8 41.7 100.0 41.7 4.2 37.5 11.1 8.3 16.7 50.0 8.3 25.0 33.3 20.8 8.3 16.7 4.2 8.3 8.3 12.5 95.8 4.2
601 Skapintsev, Dmytro NYK 2 0 2 53.3 25.0 75.0 33.3 0.0 0.0 0.0 25.0 25.0 100 0.0 75.0 75.0 25.0 0.0 0.0 0.0 0.0 0.0 25.0 75.0 0.0
601 Whitehead, Dariq BKN 2 1 1 43.6 56.4 89.1 63.3 25.5 49.1 51.9 12.7 18.2 70.0 12.7 32.7 45.5 43.6 9.1 5.5 12.7 3.6 14.5 12.7 150.9 40.0
601 Williams, Alondes MIA 2 2 0 40.9 30.4 69.6 43.8 4.3 30.4 14.3 21.7 26.1 83.3 4.3 34.8 39.1 26.1 13.0 21.7 4.3 0.0 8.7 17.4 87.0 34.8
601 Windler, Dylan ATL 2 1 1 51.1 46.8 100.0 46.8 10.6 42.6 25.0 2.1 4.3 50.0 14.9 36.2 51.1 29.8 14.9 2.1 2.1 6.4 12.8 14.9 106.4 -19.1
621 Brockington, Izaiah NOP 1 1 0 42.3 50.0 125.0 40.0 0.0 25.0 0.0 12.5 12.5 100 37.5 37.5 75.0 25.0 0.0 0.0 12.5 12.5 12.5 12.5 112.5 -37.5
621 Cazalon, Malcolm DET 1 0 1 43.1 50.0 66.7 75.0 0.0 0.0 0.0 0.0 0.0 0.0 16.7 16.7 33.3 16.7 33.3 0.0 0.0 0.0 50.0 0.0 100.0 -83.3
621 Crutcher, Jalen NOP 1 1 0 53.0 40.0 100.0 40.0 0.0 60.0 0.0 20.0 20.0 100 0.0 20.0 20.0 40.0 0.0 0.0 20.0 0.0 0.0 20.0 100.0 -20.0
621 Drell, Henri CHI 1 0 1 48.1 33.3 66.7 50.0 16.7 33.3 50.0 16.7 33.3 50.0 0.0 16.7 16.7 16.7 16.7 0.0 0.0 0.0 0.0 16.7 100.0 -50.0
621 Flagler, Adam OKC 1 1 0 42.3 46.2 84.6 54.5 7.7 38.5 20.0 0.0 0.0 0.0 0.0 30.8 30.8 30.8 15.4 15.4 0.0 7.7 15.4 7.7 100.0 0.0
621 Gates, Kaiser NOP 1 0 1 46.5 37.5 100.0 37.5 12.5 31.3 40.0 6.3 12.5 50.0 31.3 50.0 81.3 6.3 25.0 6.3 18.8 0.0 12.5 6.3 93.8 12.5
621 Gibson, Taj DET 1 0 1 45.6 41.7 83.3 50.0 20.8 41.7 50.0 8.3 12.5 66.7 4.2 37.5 41.7 25.0 8.3 4.2 4.2 4.2 8.3 16.7 112.5 12.5
621 Harper Jr., Ron TOR 1 1 0 45.6 62.5 100.0 62.5 0.0 12.5 0.0 87.5 112.5 77.8 12.5 25.0 37.5 50.0 0.0 12.5 0.0 12.5 0.0 75.0 212.5 112.5
621 Jackson, Quenton IND 1 1 0 36.3 40.0 80.0 50.0 0.0 20.0 0.0 40.0 40.0 100 0.0 40.0 40.0 20.0 0.0 20.0 0.0 20.0 0.0 20.0 120.0 120.0
621 Jones, Mason SAC 1 0 1 50.0 26.9 84.6 31.8 11.5 38.5 30.0 0.0 0.0 0.0 7.7 34.6 42.3 11.5 26.9 7.7 11.5 7.7 19.2 11.5 65.4 -38.5
621 Lewis Jr., Kira TOR 1 0 1 51.7 66.7 133.3 50.0 0.0 33.3 0.0 0.0 0.0 0.0 66.7 33.3 100.0 33.3 0.0 0.0 0.0 0.0 0.0 33.3 133.3 133.3
621 Nowell, Markquis TOR 1 0 1 50.2 28.6 71.4 40.0 14.3 42.9 33.3 0.0 0.0 0.0 0.0 28.6 28.6 14.3 28.6 14.3 28.6 0.0 28.6 14.3 71.4 -57.1
621 Peterson, Drew BOS 1 1 0 51.0 40.0 100.0 40.0 0.0 40.0 0.0 40.0 40.0 100 20.0 20.0 40.0 0.0 0.0 0.0 0.0 0.0 0.0 20.0 120.0 -40.0
621 Petrusev, Filip PHI 1 1 0 38.3 28.6 100.0 28.6 14.3 42.9 33.3 0.0 0.0 0.0 14.3 14.3 28.6 28.6 0.0 14.3 0.0 14.3 14.3 0.0 71.4 -42.9
621 Smart, Javonte PHI 1 1 0 66.7 100.0 300.0 33.3 100.0 200.0 50.0 0.0 0.0 0.0 200.0 0.0 200.0 100.0 0.0 0.0 0.0 0.0 0.0 0.0 300.0 300.0
621 Theis, Daniel IND 1 1 0 44.4 36.8 73.7 50.0 10.5 31.6 33.3 21.1 21.1 100 5.3 52.6 57.9 15.8 15.8 5.3 15.8 5.3 10.5 15.8 105.3 0.0
621 Thomas, Isaiah PHX 1 1 0 36.0 20.0 100.0 20.0 0.0 20.0 0.0 40.0 40.0 100 80.0 40.0 120.0 20.0 40.0 0.0 20.0 40.0 0.0 40.0 80.0 20.0
621 Vukcevic, Tristan WAS 1 1 0 42.9 42.9 100.0 42.9 0.0 14.3 0.0 0.0 0.0 0.0 0.0 14.3 14.3 28.6 0.0 14.3 14.3 14.3 14.3 0.0 85.7 28.6
621 Wilson, D.J. PHI 1 1 0 50.6 66.7 66.7 100 0.0 0.0 0.0 0.0 0.0 0.0 0.0 33.3 33.3 33.3 33.3 0.0 0.0 0.0 0.0 0.0 133.3 66.7