PLAYER TEAM AGE GP W L MIN USG% %FGM %FGA %3PM %3PA %FTM %FTA %OREB %DREB %REB %AST %TOV %STL %BLK %BLKA %PF %PFD %PTS
1 Lindell Wigginton MIL 25 3 3 0 8.0 41.2 50.0 45.5 0.0 40.0 100 100 0.0 0.0 0.0 0.0 50.0 0.0 0.0 0.0 50.0 100 54.5
2 Joel Embiid PHI 30 34 26 8 1157.0 38.6 39.4 35.9 15.0 14.9 57.9 56.0 38.2 35.5 36.1 29.2 45.2 19.8 43.8 36.6 21.9 51.9 41.0
3 Izaiah Brockington NOP 24 1 1 0 3.0 38.5 40.0 38.5 0.0 25.0 0.0 0.0 25.0 33.3 28.6 0.0 0.0 0.0 0.0 100 0.0 0.0 33.3
4 Luka Doncic DAL 25 61 38 23 2283.0 35.5 33.7 34.0 33.6 33.2 50.3 48.6 11.2 32.0 27.4 49.6 41.8 27.2 13.9 25.6 14.5 42.6 36.2
5 Giannis Antetokounmpo MIL 29 66 43 23 2308.0 32.0 35.6 29.0 4.9 6.3 48.6 54.8 37.8 34.1 34.9 32.0 37.5 23.9 27.0 40.9 20.8 54.3 34.2
6 Shai Gilgeous-Alexander OKC 25 69 49 20 2371.0 31.8 33.4 30.9 13.4 14.3 53.8 52.4 13.8 20.2 18.9 33.4 27.7 34.2 19.0 27.8 18.0 46.2 34.4
7 Anthony Edwards MIN 22 68 47 21 2397.0 31.6 30.2 32.0 26.7 28.3 40.6 38.4 8.9 19.4 17.2 26.7 30.1 22.6 12.8 23.8 13.4 30.2 31.4
8 LaMelo Ball CHA 22 22 7 15 711.0 31.5 29.1 31.3 40.9 39.0 33.0 30.0 16.5 17.9 17.5 47.2 41.5 33.3 6.8 20.3 24.5 30.0 30.9
9 Victor Wembanyama SAS 20 63 14 49 1828.0 30.8 29.8 29.8 22.4 23.5 43.0 42.5 36.2 38.8 38.2 19.0 37.0 27.2 70.2 14.9 23.3 44.5 30.8
10 Donovan Mitchell CLE 27 49 33 16 1732.0 30.6 29.7 30.7 34.2 32.9 41.3 38.2 11.4 17.5 16.1 30.7 30.5 29.6 13.4 26.3 17.2 31.1 31.9
11 Stephen Curry GSW 36 64 35 29 2092.0 30.4 29.4 31.5 45.8 44.2 36.9 32.2 6.8 16.8 14.3 24.2 28.7 17.0 12.4 21.5 12.2 29.6 32.6
12 De'Aaron Fox SAC 26 62 37 25 2213.0 30.3 29.5 30.6 25.9 26.7 35.3 36.4 12.1 14.2 13.7 27.4 28.5 34.7 13.1 26.4 18.0 32.7 29.9
13 Jalen Brunson NYK 27 65 41 24 2284.0 30.1 31.4 31.3 27.9 25.9 38.2 35.5 5.9 12.7 10.8 36.5 26.4 17.3 6.9 22.7 14.6 39.3 32.1
14 Jaren Jackson Jr. MEM 24 61 20 41 1966.0 30.1 30.7 30.0 20.5 21.7 43.2 41.6 19.7 20.3 20.2 13.9 26.5 20.4 37.2 39.9 27.9 43.1 31.5
15 Kyle Kuzma WAS 28 67 13 54 2162.0 29.7 29.7 30.4 27.8 29.0 27.8 27.3 15.9 26.9 24.5 21.4 30.8 10.7 19.0 19.7 16.7 24.7 29.2
16 Jayson Tatum BOS 26 66 53 13 2360.0 29.6 28.0 29.2 25.6 26.4 44.2 43.6 11.9 27.7 24.2 24.8 29.6 20.4 12.6 34.6 16.8 34.9 29.9
17 Ja Morant MEM 24 9 6 3 318.0 29.6 29.6 29.8 16.1 20.4 42.6 40.0 10.3 20.3 18.2 42.9 27.6 15.2 11.1 44.4 15.1 33.3 30.2
18 Cam Thomas BKN 22 56 18 38 1711.0 29.4 29.2 30.5 25.7 25.6 39.9 36.4 6.3 13.8 11.9 16.8 22.8 16.4 6.8 38.7 17.3 34.2 30.3
19 Cade Cunningham DET 22 59 8 51 1975.0 29.3 28.1 29.9 26.4 26.2 32.9 29.4 6.5 16.4 13.9 41.5 31.0 19.8 10.6 32.4 16.3 24.6 28.7
20 Trae Young ATL 25 51 22 29 1862.0 29.2 24.7 27.1 31.2 30.1 42.5 40.0 4.3 9.6 8.1 53.3 42.3 23.3 5.9 25.6 14.5 39.6 28.4
21 Devin Booker PHX 27 57 36 21 2037.0 29.1 29.2 29.9 22.5 24.5 40.0 36.5 11.3 15.6 14.6 33.2 24.2 17.5 9.6 26.9 22.3 34.0 30.2
22 Paolo Banchero ORL 21 69 41 28 2403.0 29.0 27.6 28.2 19.1 18.8 36.2 37.9 13.6 25.1 22.2 30.4 29.1 16.0 14.9 34.0 13.9 30.9 28.2
23 Nikola Jokic DEN 29 68 48 20 2342.0 28.7 31.0 27.7 12.1 13.3 38.8 37.0 38.4 38.5 38.5 39.6 33.9 24.1 26.9 24.4 21.4 40.5 30.2
24 Julius Randle NYK 29 46 29 17 1630.0 28.7 27.3 27.6 16.2 20.1 35.6 35.7 23.3 28.6 27.2 27.5 33.7 9.9 9.0 36.6 20.6 30.9 27.4
25 Henri Drell CHI 23 1 0 1 3.0 28.6 25.0 33.3 0.0 50.0 0.0 0.0 100 0.0 50.0 66.7 0.0 0.0 0.0 0.0 0.0 0.0 22.2
25 Kevon Harris ORL 26 2 1 1 6.0 28.6 28.6 30.0 0.0 0.0 0.0 0.0 0.0 40.0 40.0 20.0 100 0.0 0.0 0.0 75.0 0.0 20.0
27 LeBron James LAL 39 62 34 28 2182.0 28.5 29.3 28.1 25.4 23.9 30.6 32.1 13.9 25.0 22.9 37.7 33.8 22.1 14.0 24.8 10.7 28.5 29.1
28 Kevin Durant PHX 35 64 37 27 2380.0 28.5 29.7 28.7 22.4 21.6 34.8 33.1 7.0 23.0 19.5 24.2 28.3 15.9 29.0 18.4 13.0 33.3 29.7
29 Jaylen Brown BOS 27 63 49 14 2105.0 28.3 29.5 29.1 19.4 21.2 25.8 29.0 18.1 17.6 17.7 19.3 27.2 25.2 9.9 41.6 23.1 27.5 27.7
30 Zion Williamson NOP 23 60 37 23 1854.0 27.9 31.4 26.5 1.1 1.2 43.7 46.8 26.2 18.6 20.4 28.3 30.5 17.3 18.0 47.0 19.1 42.5 30.2
31 Dexter Dennis DAL 25 4 1 3 30.0 27.8 47.6 34.5 33.3 40.0 5.0 10.7 16.7 32.0 29.0 30.8 27.3 0.0 25.0 0.0 11.1 16.7 33.8
32 Anfernee Simons POR 24 46 11 35 1582.0 27.6 27.4 28.6 38.3 36.4 31.5 27.5 5.5 14.8 12.1 32.8 27.0 9.5 4.2 25.5 15.2 23.5 29.3
33 Kyrie Irving DAL 32 48 30 18 1652.0 27.5 30.0 29.8 27.2 25.1 26.8 22.7 11.0 18.5 16.7 27.5 20.8 25.7 12.6 22.8 14.0 21.9 29.2
34 Desmond Bane MEM 25 40 14 26 1371.0 27.5 30.2 29.0 33.9 30.7 30.0 26.8 11.5 15.2 14.3 30.0 24.9 19.3 13.1 28.5 19.5 22.5 30.6
35 Damian Lillard MIL 33 66 46 20 2316.0 27.3 23.2 26.9 28.3 29.9 42.2 35.9 7.5 14.8 13.3 36.4 28.4 20.6 6.0 37.3 13.2 32.5 27.0
36 Tyrese Maxey PHI 23 62 38 24 2315.0 27.1 27.0 28.7 31.7 31.4 31.0 30.3 6.6 12.7 11.2 31.2 19.5 15.8 9.7 28.7 13.8 28.7 28.2
37 Alperen Sengun HOU 21 63 29 34 2046.0 27.0 29.6 25.7 6.3 7.6 33.2 36.5 41.2 28.1 31.2 27.9 31.6 24.1 27.7 30.2 25.7 39.6 27.6
38 Brandon Ingram NOP 26 63 38 25 2079.0 27.0 26.2 26.7 16.9 18.1 33.7 32.2 9.8 18.8 16.7 30.1 27.9 14.9 18.9 21.5 17.9 31.0 26.4
39 Karl-Anthony Towns MIN 28 60 41 19 1969.0 26.9 27.4 27.0 25.9 24.6 33.4 30.3 25.3 29.5 28.7 16.1 29.0 15.2 18.3 35.4 25.6 30.9 28.2
40 Jalen Green HOU 22 70 35 35 2189.0 26.9 24.7 27.3 28.7 30.8 30.2 29.2 7.2 20.2 17.3 20.1 27.0 16.9 12.6 35.6 10.1 26.6 26.0
41 Tyler Herro MIA 24 36 19 17 1209.0 26.9 27.7 29.4 35.2 34.2 16.0 15.5 7.2 20.8 17.6 23.4 23.3 15.4 3.4 33.1 12.2 15.1 26.9
42 Jamal Murray DEN 27 54 40 14 1733.0 26.9 26.3 28.4 30.5 28.1 27.4 25.3 10.2 15.4 14.2 34.3 25.1 20.0 15.0 28.4 16.3 23.3 26.9
43 Luka Garza MIN 25 18 13 5 96.0 26.7 28.9 28.5 36.0 34.1 41.9 43.9 44.8 15.9 24.5 6.4 17.2 14.3 25.0 57.1 43.9 44.4 31.5
44 Collin Sexton UTA 25 71 29 42 1855.0 26.4 27.1 26.3 22.6 20.6 37.3 36.3 12.9 9.6 10.5 30.9 25.1 21.5 6.8 36.8 18.7 34.8 28.3
45 Paul George LAC 33 64 41 23 2182.0 26.2 25.6 27.7 34.1 34.7 25.8 23.6 7.5 20.4 17.6 18.9 23.0 26.7 13.4 22.4 21.9 21.5 26.6
46 Kawhi Leonard LAC 32 64 41 23 2182.0 26.0 29.2 27.6 23.5 21.7 29.2 27.3 17.5 20.4 19.8 19.3 19.0 27.1 22.7 14.0 11.0 32.4 28.6
47 Joshua Primo LAC 21 2 2 0 10.0 25.9 11.1 17.6 0.0 12.5 0.0 0.0 50.0 0.0 9.1 0.0 66.7 0.0 50.0 100 0.0 0.0 9.1
48 Anthony Davis LAL 31 67 38 29 2386.0 25.8 28.7 25.9 4.1 5.5 37.6 37.0 52.3 36.5 39.5 16.8 20.4 21.4 54.1 32.0 21.3 36.1 27.8
49 Cam Whitmore HOU 19 38 16 22 678.0 25.8 28.7 27.6 38.4 33.5 23.6 25.3 16.8 23.2 21.4 5.2 18.2 17.8 14.5 30.4 15.4 21.5 28.9
50 Jordan Clarkson UTA 31 54 22 32 1649.0 25.7 23.5 26.3 21.3 24.6 26.0 24.1 11.6 12.2 12.0 29.1 27.3 16.4 3.1 23.0 12.3 19.7 23.7
51 Scoot Henderson POR 20 52 16 36 1415.0 25.5 20.6 24.0 17.3 20.5 28.4 27.9 12.8 13.7 13.5 39.1 35.3 15.7 8.6 22.1 26.1 30.2 21.5
52 Jerami Grant POR 30 54 17 37 1830.0 25.5 25.8 25.7 26.7 24.0 38.8 38.7 9.1 13.7 12.5 17.8 20.9 16.4 19.3 27.6 15.5 30.7 28.0
53 Dejounte Murray ATL 27 67 29 38 2368.0 25.4 26.7 26.5 25.7 25.4 19.9 19.7 7.3 19.3 15.7 32.0 25.5 26.3 8.9 19.5 12.4 17.7 25.5
54 Jordan Poole WAS 24 69 13 56 2023.0 25.3 22.5 25.9 29.8 31.6 26.3 23.7 7.2 11.3 10.4 23.1 28.5 25.2 10.9 29.0 25.9 24.3 23.8
55 Darius Garland CLE 24 47 26 21 1560.0 25.3 23.6 25.4 26.1 26.6 24.8 22.8 8.1 8.8 8.7 32.4 31.4 24.0 3.3 21.3 13.9 22.0 24.1
56 Terry Rozier MIA 30 54 18 36 1831.0 25.3 25.5 26.6 26.1 27.5 28.1 26.5 9.6 16.2 14.7 33.5 21.2 20.2 11.1 29.1 13.8 25.6 25.9
57 RJ Barrett TOR 23 53 24 29 1676.0 25.2 25.6 25.1 20.4 20.5 30.5 32.8 12.1 20.9 18.7 18.3 24.6 10.5 13.1 39.9 17.6 27.9 25.8
58 Franz Wagner ORL 22 63 39 24 2060.0 25.2 26.5 26.6 20.4 23.9 28.8 25.5 13.6 20.0 18.4 23.6 20.9 19.0 11.7 31.2 17.7 25.5 26.3
59 Dmytro Skapintsev NYK 25 2 0 2 2.0 25.0 0.0 25.0 0.0 0.0 0.0 0.0 0.0 0.0 0.0 0.0 0.0 0.0 0.0 0.0 0.0 0.0 0.0
60 Bam Adebayo MIA 26 60 33 27 2060.0 25.0 27.1 24.0 1.5 1.6 34.9 37.4 35.9 35.4 35.5 22.0 26.0 19.4 37.4 22.1 19.1 37.9 25.7
61 Kristaps Porzingis BOS 28 49 38 11 1446.0 24.9 24.8 24.3 21.5 22.4 40.7 38.9 30.1 22.9 24.2 11.6 20.8 17.6 39.0 14.6 28.4 42.5 26.8
62 Pascal Siakam IND 29 70 31 39 2361.0 24.8 27.2 25.3 13.5 14.9 30.5 31.0 23.6 23.2 23.3 21.4 20.8 17.7 9.2 16.0 17.9 30.8 26.3
63 Malik Monk SAC 26 69 41 28 1817.0 24.8 23.7 25.5 28.7 28.6 24.1 21.8 6.6 14.4 12.4 34.8 28.2 16.9 23.2 29.2 18.7 21.3 24.4
64 Mikal Bridges BKN 27 71 26 45 2501.0 24.5 24.2 25.0 26.7 26.0 30.3 28.3 10.8 16.4 15.0 19.2 22.8 20.0 9.4 18.5 11.0 25.4 25.4
65 Miles Bridges CHA 26 59 14 45 2217.0 24.4 26.5 26.1 24.1 24.5 22.9 22.4 14.7 26.5 23.8 17.1 19.7 19.3 15.4 24.7 13.0 19.4 25.8
66 DeMar DeRozan CHI 34 69 33 36 2593.0 24.3 24.5 24.2 10.5 11.4 47.3 44.0 7.2 15.1 13.1 27.8 16.7 18.5 16.1 24.7 14.5 35.6 26.7
67 Jalen Hood-Schifino LAL 20 21 10 11 109.0 24.2 13.9 25.0 11.1 21.7 25.5 31.7 9.5 13.6 12.7 17.4 21.4 27.3 18.2 41.7 29.5 22.7 16.3
68 Tyrese Haliburton IND 24 59 33 26 1904.0 24.1 23.3 24.6 28.1 29.0 24.3 22.4 8.5 15.3 13.8 52.9 28.0 24.0 16.0 24.4 7.2 20.0 24.0
69 Jimmy Butler MIA 34 50 26 24 1703.0 24.1 24.0 22.7 11.0 10.1 47.8 46.1 28.4 15.2 18.1 26.4 20.4 25.4 13.5 32.5 9.4 38.6 26.8
70 James Bouknight CHA 23 14 0 14 81.0 24.0 27.3 28.7 44.8 44.1 5.6 7.4 8.3 18.6 16.4 17.6 8.3 10.0 16.7 13.3 9.7 11.5 27.9
71 Jonathan Kuminga GSW 21 69 35 34 1812.0 24.0 26.0 23.8 9.7 11.3 35.0 36.6 20.8 18.4 18.9 13.2 22.5 18.5 19.9 35.8 21.0 29.8 25.3
72 Scottie Barnes TOR 22 60 22 38 2094.0 24.0 23.7 23.9 20.0 20.9 28.1 27.1 28.8 25.1 26.1 28.2 28.8 22.8 38.1 19.8 15.2 27.5 24.0
73 Jaden Ivey DET 22 67 12 55 1914.0 24.0 21.4 23.3 23.0 25.4 28.2 29.4 18.1 11.3 12.9 23.5 27.2 22.3 19.9 29.3 21.6 26.9 22.7
74 Lauri Markkanen UTA 26 53 22 31 1744.0 24.0 25.9 25.7 31.9 30.7 33.5 31.4 24.1 26.1 25.5 9.9 13.1 19.7 13.4 17.1 14.4 32.0 27.8
75 Bojan Bogdanovic NYK 34 45 12 33 1278.0 24.0 23.8 25.1 37.0 33.0 24.0 23.5 6.4 13.9 12.0 13.4 22.4 19.0 4.8 27.5 15.9 21.1 25.2
76 Terquavion Smith PHI 21 12 4 8 69.0 23.8 23.2 28.8 57.1 52.5 5.6 6.1 0.0 4.8 3.4 23.3 18.2 38.9 0.0 50.0 16.0 8.8 23.6
77 Zach LaVine CHI 29 25 10 15 872.0 23.8 23.0 23.7 27.8 27.8 33.1 31.4 5.4 20.9 17.7 22.5 24.3 16.5 10.3 27.0 16.5 22.1 24.9
78 Lonnie Walker IV BKN 25 50 20 30 874.0 23.7 24.5 26.5 34.4 32.9 14.1 14.6 5.1 15.9 13.2 13.3 17.4 19.6 18.5 25.0 17.3 12.8 24.4
79 Harry Giles III LAL 25 21 9 12 93.0 23.7 26.4 25.0 21.4 18.8 21.9 30.2 28.6 28.1 28.3 11.1 18.2 9.1 37.5 8.3 33.3 29.4 25.5
80 Alec Burks NYK 32 61 16 45 1168.0 23.6 22.0 26.2 39.4 38.5 31.2 28.3 8.7 15.8 13.9 14.9 12.5 18.2 9.8 13.6 15.2 26.3 25.6
81 Russell Westbrook LAC 35 58 38 20 1313.0 23.6 21.7 23.4 10.9 15.9 16.6 19.9 27.9 23.7 24.7 36.1 33.4 28.0 15.6 26.8 17.8 19.2 19.7
82 Nikola Vucevic CHI 33 66 32 34 2276.0 23.6 26.3 25.7 13.4 17.3 12.2 12.1 41.6 33.8 35.5 18.0 19.0 13.7 24.4 20.7 19.5 15.4 22.9
83 Jaden Hardy DAL 21 62 36 26 859.0 23.5 23.4 26.3 28.6 28.8 15.5 15.2 8.3 16.2 14.2 21.6 18.7 14.8 5.3 28.2 18.2 18.9 22.8
84 CJ McCollum NOP 32 55 37 18 1734.0 23.5 23.8 25.7 41.1 37.6 15.1 14.6 7.9 16.4 14.5 24.4 19.0 18.9 19.0 16.6 16.3 14.3 24.4
85 GG Jackson MEM 19 37 11 26 873.0 23.4 25.8 25.2 31.4 29.7 26.0 26.2 21.8 16.9 18.2 8.3 14.9 11.1 18.3 23.6 15.0 21.1 26.5
86 Bones Hyland LAC 23 31 18 13 433.0 23.3 19.4 25.0 30.3 33.5 9.6 9.5 4.5 10.7 9.2 35.5 26.9 28.6 6.5 32.7 22.7 17.0 19.1
87 Daishen Nix MIN 22 12 9 3 39.0 23.3 21.1 26.0 41.7 42.4 5.6 16.7 0.0 4.5 3.2 9.5 28.6 40.0 0.0 50.0 5.9 12.5 20.8
88 Myles Turner IND 28 68 38 30 1857.0 23.3 23.3 22.7 18.4 19.9 34.3 35.5 31.0 28.7 29.2 7.4 21.1 13.6 51.6 18.6 27.9 33.4 24.2
89 Ryan Rollins MIL 21 10 1 9 66.0 23.2 19.1 20.0 16.7 9.7 40.6 40.5 15.4 20.9 19.6 29.7 31.8 36.4 20.0 25.0 25.0 43.8 22.8
90 Khris Middleton MIL 32 46 29 17 1215.0 23.2 22.7 23.3 22.5 22.5 18.6 16.9 12.1 19.1 17.5 32.9 31.3 25.6 10.8 19.0 23.1 19.3 22.0
91 Brandon Miller CHA 21 63 15 48 2011.0 23.2 23.3 24.7 30.8 29.1 18.9 18.4 12.7 16.2 15.4 14.4 18.9 20.1 17.6 19.1 20.6 22.6 23.5
92 Bradley Beal PHX 30 42 26 16 1387.0 23.1 23.3 23.7 19.2 20.3 20.3 20.0 13.7 14.1 14.0 26.5 25.1 18.2 10.3 20.3 20.6 17.0 22.4
93 Jalen Williams OKC 22 63 44 19 1989.0 23.0 25.1 23.7 18.2 16.1 23.4 23.6 10.1 15.8 14.7 24.7 21.9 20.0 13.1 21.3 20.4 21.3 24.2
94 Klay Thompson GSW 34 67 33 34 1982.0 23.0 22.8 25.6 36.0 36.0 17.1 14.6 6.5 14.2 12.2 12.3 16.8 15.5 17.9 10.7 14.3 11.0 23.8
95 Talen Horton-Tucker UTA 23 45 12 33 876.0 23.0 20.6 24.1 19.8 22.7 23.1 23.5 8.5 15.0 13.2 34.6 21.1 31.3 13.9 19.3 21.5 20.8 20.9
96 Cole Anthony ORL 23 70 42 28 1608.0 23.0 21.5 23.5 21.9 23.0 25.7 24.2 16.5 21.3 20.0 26.3 23.5 21.3 17.5 16.4 23.0 21.6 22.3
97 Dalano Banton POR 24 44 22 22 693.0 23.0 21.6 23.8 21.1 22.4 26.1 26.2 17.0 18.8 18.3 20.8 20.4 18.7 18.1 23.2 18.5 22.5 22.2
98 Immanuel Quickley TOR 24 62 26 36 1793.0 22.9 22.0 24.2 34.2 31.3 26.4 24.1 3.8 17.4 14.0 29.0 17.9 15.3 5.3 20.4 14.7 22.8 24.0
99 Devin Vassell SAS 23 65 14 51 2129.0 22.7 25.3 24.8 28.8 26.9 22.1 21.9 6.2 15.1 13.1 19.3 14.9 19.9 8.0 16.3 9.3 18.6 25.2
100 Malcolm Brogdon POR 31 39 15 24 1121.0 22.6 23.4 24.2 29.3 26.8 21.8 22.0 10.5 16.7 15.0 40.2 18.1 15.7 7.0 20.7 12.6 21.6 23.8
101 Bennedict Mathurin IND 21 59 33 26 1538.0 22.6 20.7 22.7 20.8 20.2 31.6 30.4 17.5 17.8 17.8 13.1 21.5 13.9 8.4 36.3 16.4 26.2 22.4
102 Caris LeVert CLE 29 59 34 25 1685.0 22.5 20.4 23.5 19.0 21.9 21.7 22.4 9.9 17.6 15.8 32.2 20.9 25.6 15.8 26.2 15.7 19.2 20.4
103 Marcus Smart MEM 30 20 7 13 605.0 22.5 20.0 21.1 22.8 26.1 21.9 22.2 5.5 10.5 9.5 27.2 33.7 37.6 6.5 6.8 18.9 25.7 20.7
104 Cole Swider MIA 24 13 5 8 81.0 22.4 25.0 24.3 41.7 38.0 8.3 6.5 5.0 10.9 9.3 9.5 25.9 11.1 25.0 0.0 9.5 3.8 25.0
105 Brandon Boston Jr. LAC 22 26 15 11 221.0 22.4 22.5 24.1 19.1 19.1 22.1 24.4 17.2 14.0 15.0 6.7 16.4 15.4 24.1 28.0 32.5 20.5 22.1
106 Coby White CHI 24 68 32 36 2490.0 22.4 21.4 22.7 29.9 28.7 22.6 21.7 7.1 16.8 14.5 27.3 24.1 13.4 7.0 23.1 16.9 28.0 22.5
107 D'Angelo Russell LAL 28 65 38 27 2088.0 22.3 21.7 23.5 34.6 31.6 17.4 16.8 7.6 11.3 10.6 32.0 23.2 17.2 12.1 13.7 19.8 18.1 22.4
108 Tim Hardaway Jr. DAL 32 67 40 27 1850.0 22.3 21.4 25.1 33.0 33.6 18.2 16.6 5.6 16.6 14.1 11.6 13.2 13.6 3.1 19.6 12.8 17.3 22.3
109 Ricky Council IV PHI 22 24 9 15 216.0 22.2 23.8 22.3 14.0 15.9 48.4 45.8 22.6 18.9 19.9 8.0 7.0 5.9 3.7 14.3 14.9 35.2 27.2
110 Kaiser Gates NOP 27 1 0 1 7.0 22.2 0.0 28.6 0.0 33.3 0.0 0.0 0.0 20.0 14.3 0.0 0.0 0.0 0.0 33.3 0.0 0.0 0.0
110 Keon Johnson BKN 22 4 0 4 51.0 22.2 16.3 19.8 33.3 28.1 34.5 29.4 15.8 9.5 12.5 10.0 36.4 60.0 100 12.5 23.5 31.8 22.0
110 Mamadi Diakite SAS 27 3 2 1 16.0 22.2 33.3 18.5 0.0 0.0 66.7 66.7 33.3 16.7 20.0 28.6 0.0 0.0 50.0 0.0 20.0 37.5 36.4
110 Markquis Nowell TOR 24 1 0 1 4.0 22.2 0.0 16.7 0.0 0.0 50.0 50.0 100 0.0 40.0 100 0.0 50.0 0.0 50.0 0.0 50.0 22.2
114 Keyonte George UTA 20 64 25 39 1681.0 22.2 19.2 22.2 29.9 29.5 23.4 22.9 3.4 14.5 11.6 31.3 25.7 15.3 3.2 21.0 11.9 25.0 21.1
115 Derrick Rose MEM 35 24 6 18 399.0 22.2 23.2 22.7 16.5 14.7 18.5 15.3 9.9 13.3 12.6 35.8 27.7 13.1 4.3 27.3 13.4 19.4 21.8
116 Bobby Portis MIL 29 71 46 25 1725.0 22.1 24.8 24.3 16.7 16.0 14.7 14.7 33.2 33.8 33.6 8.9 17.2 22.1 16.0 16.9 22.6 13.7 22.4
117 T.J. McConnell IND 32 61 33 28 1091.0 22.1 24.2 22.6 4.5 4.8 12.6 12.6 14.1 19.4 18.0 47.7 31.5 34.9 5.9 22.4 11.9 21.8 20.8
118 Shaedon Sharpe POR 20 32 8 24 1059.0 22.0 20.6 22.0 24.5 24.3 27.1 26.3 16.3 18.6 17.9 19.4 22.8 15.9 12.4 23.2 19.1 27.3 22.0
119 Lamar Stevens MEM 26 31 19 12 382.0 22.0 26.6 23.9 11.2 9.3 19.1 19.2 28.3 23.4 24.6 9.0 18.4 18.8 33.3 23.8 25.5 17.3 23.6
120 Zach Collins SAS 26 58 12 46 1308.0 21.9 22.3 21.1 15.5 16.9 24.7 25.6 34.7 22.9 25.8 21.1 26.8 18.2 34.1 25.0 34.5 27.9 21.9
121 Josh Giddey OKC 21 69 49 20 1696.0 21.9 20.1 22.1 14.8 18.0 12.5 12.5 29.9 28.1 28.5 29.9 30.8 17.2 14.5 31.8 14.4 11.3 18.5
122 Moritz Wagner ORL 26 69 41 28 1237.0 21.9 27.2 22.0 11.9 12.8 28.9 27.6 36.6 26.1 28.8 12.2 22.4 15.8 16.0 29.6 25.3 30.4 26.0
123 Domantas Sabonis SAC 27 70 41 29 2516.0 21.8 24.3 19.5 4.2 3.8 31.6 33.2 46.1 41.7 42.7 37.7 33.4 15.4 21.6 29.7 21.2 33.3 22.8
124 Bogdan Bogdanovic ATL 31 67 30 37 1987.0 21.8 21.9 24.1 34.5 34.4 14.5 13.1 8.5 13.5 12.1 18.7 17.0 25.4 11.6 19.6 21.1 12.2 22.3
125 Naz Reid MIN 24 70 49 21 1655.0 21.6 24.3 23.7 32.5 29.6 14.8 15.1 20.4 24.3 23.5 9.5 18.8 17.0 26.1 29.7 21.9 13.9 23.7
126 Jordan Nwora TOR 25 42 13 29 513.0 21.5 23.2 23.5 29.4 28.9 18.2 16.8 17.0 24.5 22.7 14.4 20.3 20.8 14.3 17.2 19.6 17.5 23.0
127 Kelly Oubre Jr. PHI 28 58 32 26 1724.0 21.5 21.5 22.5 20.1 23.4 21.5 23.4 20.9 17.4 18.3 9.4 16.8 22.2 17.1 29.3 21.6 22.6 21.4
128 Adam Flagler OKC 24 1 1 0 6.0 21.4 0.0 33.3 0.0 50.0 0.0 0.0 0.0 0.0 0.0 33.3 0.0 0.0 0.0 0.0 0.0 0.0 0.0
129 Keldon Johnson SAS 24 66 15 51 1949.0 21.4 22.4 22.5 25.0 24.6 24.3 24.1 21.4 20.1 20.4 15.7 16.3 17.4 8.2 27.7 18.2 21.6 23.0
130 Eugene Omoruyi WAS 27 36 4 32 283.0 21.4 25.9 22.7 10.5 14.7 27.6 29.1 42.6 26.1 31.0 18.8 16.7 33.3 7.4 23.3 39.8 32.5 24.7
131 Jett Howard ORL 20 14 7 7 52.0 21.3 21.6 27.1 33.3 36.7 9.1 12.9 10.0 10.0 10.0 11.1 9.1 0.0 25.0 0.0 15.8 9.5 20.7
132 Donte DiVincenzo NYK 27 69 42 27 1878.0 21.2 21.8 23.3 43.0 39.1 10.4 11.1 11.0 14.6 13.6 18.4 17.3 29.2 16.0 14.7 20.7 13.1 22.6
133 Boban Marjanovic HOU 35 12 8 4 55.0 21.2 22.0 24.0 0.0 7.1 42.9 47.4 40.0 43.6 42.6 19.0 9.1 0.0 20.0 20.0 29.4 50.0 23.3
134 JaVale McGee SAC 36 41 25 16 320.0 21.2 26.3 20.2 1.1 2.0 22.5 27.2 48.8 34.1 38.0 8.4 30.5 27.3 47.6 21.7 30.0 30.4 22.9
135 Alex Fudge DAL 20 4 1 3 14.0 21.1 20.0 30.0 0.0 18.2 22.2 16.7 66.7 0.0 20.0 0.0 12.5 0.0 0.0 100 16.7 16.7 20.0
136 Kenneth Lofton Jr. UTA 21 17 5 12 108.0 21.0 17.6 20.8 7.7 11.1 22.2 30.0 8.3 23.9 19.8 23.0 25.0 18.8 16.7 38.9 30.6 23.9 16.7
137 Chet Holmgren OKC 21 70 49 21 2106.0 20.8 22.2 21.1 21.4 21.7 23.2 24.1 30.8 30.2 30.3 15.0 20.6 13.9 51.5 22.5 20.1 24.7 22.2
138 Mouhamadou Gueye TOR 25 5 0 5 34.0 20.7 16.7 20.4 0.0 0.0 11.1 30.8 50.0 14.3 24.1 0.0 23.5 20.0 87.5 33.3 50.0 36.4 14.6
138 Xavier Moon LAC 29 8 5 3 35.0 20.7 21.7 20.7 0.0 17.4 20.0 20.0 33.3 13.0 17.2 38.5 25.0 100 33.3 0.0 30.8 37.5 19.6
140 Jules Bernard WAS 24 12 1 11 85.0 20.7 23.1 23.3 29.2 28.6 11.5 15.4 20.0 9.6 13.8 22.9 13.8 9.1 7.7 8.3 23.5 27.0 22.3
141 Reggie Jackson DEN 33 71 50 21 1546.0 20.7 20.3 22.3 22.6 23.5 12.5 12.0 7.0 10.0 9.3 28.6 20.9 17.4 5.8 19.5 19.1 14.1 19.5
142 Buddy Boeheim DET 24 3 0 3 28.0 20.6 21.7 24.5 40.0 34.5 29.4 25.0 14.3 13.6 13.8 16.7 0.0 0.0 0.0 0.0 7.1 15.4 26.0
143 DaQuan Jeffries NYK 26 13 8 5 34.0 20.5 20.0 21.2 11.1 18.9 0.0 25.0 0.0 18.5 16.7 12.5 50.0 0.0 0.0 33.3 22.2 14.3 18.0
143 Oscar Tshiebwe IND 24 8 2 6 42.0 20.5 24.4 23.3 0.0 0.0 33.3 29.6 40.0 32.0 35.6 7.7 0.0 16.7 14.3 66.7 15.0 27.8 24.1
145 Scotty Pippen Jr. MEM 23 10 2 8 232.0 20.5 21.3 18.5 22.4 14.7 24.7 29.0 20.4 15.2 16.4 41.7 29.2 31.8 15.6 11.5 26.6 30.9 22.0
146 Marvin Bagley III WAS 25 45 5 40 949.0 20.4 24.9 20.3 2.6 3.0 28.3 30.5 54.2 24.8 32.5 9.9 18.3 12.8 34.9 25.4 20.9 28.2 23.1
147 Craig Porter Jr. CLE 24 46 28 18 616.0 20.4 20.9 20.2 6.3 7.1 26.6 26.7 17.4 19.7 19.2 30.6 23.4 27.0 23.2 30.0 17.9 22.1 19.7
148 Tobias Harris PHI 31 62 36 26 2108.0 20.3 22.3 21.4 14.1 15.6 19.1 18.4 14.3 22.8 20.6 18.0 17.1 18.2 12.8 24.6 11.8 18.7 20.9
149 Kobe Bufkin ATL 20 9 6 3 89.0 20.3 17.8 23.4 23.8 25.0 5.6 9.1 14.3 19.0 18.2 31.3 17.9 23.1 7.1 44.4 17.6 5.7 16.3
150 James Harden LAC 34 63 40 23 2186.0 20.3 16.6 18.8 28.3 27.8 30.1 28.7 7.0 19.5 16.7 44.6 28.4 18.7 23.7 20.4 14.7 23.9 20.2
151 Kevin Love MIA 35 47 26 21 822.0 20.3 19.8 20.5 32.7 33.6 22.3 23.3 27.8 43.1 39.4 23.2 19.7 14.4 22.5 8.3 27.3 26.2 21.8
152 Duop Reath POR 27 57 15 42 1023.0 20.2 23.5 21.6 25.8 25.1 16.7 18.3 29.6 21.2 23.8 11.7 16.0 16.7 38.6 22.3 30.7 20.0 22.8
153 Jonas Valanciunas NOP 31 71 44 27 1724.0 20.2 22.5 20.1 8.3 9.7 23.8 23.3 45.4 38.0 39.7 15.0 20.4 10.5 34.5 24.1 29.9 25.5 21.2
154 Andre Drummond CHI 30 71 34 37 1208.0 20.2 22.9 19.2 0.0 0.4 23.7 30.8 63.2 48.1 53.0 6.0 23.0 31.8 32.3 26.8 26.6 29.8 21.0
155 De'Andre Hunter ATL 26 46 21 25 1309.0 20.1 20.4 20.8 24.5 23.5 25.9 24.6 7.1 16.8 14.1 8.8 16.9 16.3 11.7 15.4 23.5 29.0 21.8
156 Evan Mobley CLE 22 39 24 15 1204.0 20.1 24.2 19.9 4.6 4.6 23.4 25.8 38.0 34.1 34.9 17.0 21.6 19.0 43.7 23.8 24.6 23.6 22.1
157 Michael Porter Jr. DEN 25 70 50 20 2228.0 20.1 21.8 22.2 36.4 33.7 10.8 10.2 17.8 25.3 23.4 7.3 14.4 10.8 21.3 13.8 17.0 9.9 21.7
158 Luka Samanic UTA 24 34 13 21 241.0 20.0 17.1 21.6 17.5 23.0 19.8 19.1 21.4 25.7 24.8 7.3 17.6 6.3 16.7 30.8 24.7 19.2 17.7
159 Brandon Williams DAL 24 12 7 5 59.0 20.0 17.8 20.2 13.3 16.7 37.5 39.3 20.0 9.1 11.9 42.9 16.7 14.3 12.5 28.6 12.5 50.0 19.8
159 Drew Peterson BOS 24 1 1 0 3.0 20.0 33.3 25.0 50.0 33.3 0.0 0.0 0.0 0.0 0.0 33.3 0.0 0.0 0.0 0.0 100 0.0 37.5
159 Isaiah Thomas PHX 35 1 1 0 2.0 20.0 0.0 25.0 0.0 0.0 0.0 0.0 0.0 0.0 0.0 100 0.0 0.0 0.0 0.0 0.0 0.0 0.0
159 Jamaree Bouyea SAS 24 6 0 6 57.0 20.0 13.9 19.4 0.0 17.8 0.0 0.0 11.1 25.0 20.0 30.8 33.3 0.0 0.0 22.2 15.8 4.5 10.2
163 Deandre Ayton POR 25 47 12 35 1518.0 19.9 27.0 21.5 0.3 0.3 11.3 11.5 41.8 38.0 39.0 10.3 17.8 18.8 27.9 18.1 17.4 12.4 22.2
164 Dennis Schroder BKN 30 71 24 47 2185.0 19.9 18.5 20.2 22.1 21.4 20.9 18.7 6.2 11.5 10.2 33.0 23.2 18.7 7.7 23.1 17.3 18.6 19.2
165 Andrew Wiggins GSW 29 61 29 32 1631.0 19.9 20.3 21.0 13.9 15.2 21.1 22.8 25.0 15.0 17.6 10.5 14.3 17.9 21.9 23.6 19.0 21.1 19.5
166 Jared Butler WAS 23 29 4 25 316.0 19.8 20.7 19.7 17.1 18.9 15.9 13.8 5.6 11.9 10.3 39.5 30.9 28.3 10.7 14.3 25.2 20.0 19.6
167 Austin Reaves LAL 25 71 39 32 2258.0 19.8 19.4 19.7 25.0 24.9 22.8 20.7 12.6 15.7 15.1 29.3 24.6 18.0 6.5 18.3 17.7 21.7 20.5
168 John Collins UTA 26 65 27 38 1817.0 19.7 23.3 20.5 15.7 15.6 19.3 20.5 31.4 32.2 32.0 7.1 16.8 14.9 30.6 26.1 25.3 20.5 21.8
169 Trendon Watford BKN 23 52 19 33 577.0 19.6 22.2 20.3 11.9 11.4 24.9 21.5 25.1 22.8 23.5 18.8 18.2 20.5 29.8 23.5 32.6 22.0 21.6
170 Nick Smith Jr. CHA 19 44 8 36 638.0 19.6 19.6 21.2 30.3 25.0 6.2 5.6 14.8 10.8 11.7 18.5 19.4 8.9 12.5 13.3 21.2 6.0 19.2
171 Norman Powell LAC 30 66 41 25 1712.0 19.5 21.6 21.5 30.2 27.6 17.3 17.0 4.3 13.6 11.5 7.9 13.0 14.0 10.1 17.0 16.6 17.5 21.9
172 Jalen Suggs ORL 22 64 38 26 1712.0 19.4 19.2 20.1 31.8 30.1 14.8 14.6 10.9 14.2 13.4 18.5 21.4 30.1 21.4 12.8 24.8 19.4 19.9
173 Jake LaRavia MEM 22 26 5 21 514.0 19.4 18.5 20.6 21.6 25.3 26.5 25.4 26.0 15.3 18.5 15.5 11.7 26.7 12.3 17.3 23.1 21.5 20.5
174 Deni Avdija WAS 23 65 13 52 1898.0 19.4 19.9 18.8 15.5 14.2 25.7 27.1 21.9 29.6 28.0 21.4 23.3 17.3 14.0 26.2 20.8 28.3 20.2
175 Adama Sanogo CHI 22 4 1 3 12.0 19.4 44.4 19.0 0.0 0.0 50.0 60.0 60.0 40.0 46.7 0.0 16.7 0.0 0.0 0.0 0.0 40.0 43.5
176 Brice Sensabaugh UTA 20 21 6 15 331.0 19.3 15.8 19.3 17.3 25.2 13.6 13.5 11.0 22.0 19.1 16.9 28.3 16.7 7.1 14.7 18.6 12.4 15.6
177 Corey Kispert WAS 25 69 13 56 1648.0 19.3 21.9 20.9 34.3 32.0 16.1 17.0 6.7 14.1 12.4 12.9 15.3 13.2 9.5 19.5 17.1 15.1 22.4
178 Ziaire Williams MEM 22 51 20 31 1038.0 19.2 19.1 20.1 21.3 23.2 17.0 15.8 15.1 21.5 19.8 14.6 20.1 19.7 7.2 19.1 21.2 16.9 19.0
179 Vasilije Micic CHA 30 49 30 19 866.0 19.2 16.7 18.4 13.6 18.0 19.9 18.8 7.5 9.4 9.0 37.6 27.9 15.0 6.9 26.8 15.2 16.7 16.7
180 Jordan Hawkins NOP 21 60 36 24 1100.0 19.1 17.8 21.5 34.2 35.0 15.2 13.7 10.7 15.6 14.3 11.3 12.7 10.3 6.5 12.3 16.1 9.7 19.3
181 Jusuf Nurkic PHX 29 67 42 25 1829.0 19.1 17.2 17.0 4.1 7.0 22.2 27.3 49.4 39.9 42.1 21.9 27.6 23.7 34.8 29.7 33.8 27.6 16.5
182 Malaki Branham SAS 20 66 13 53 1353.0 19.1 19.5 20.9 20.5 22.2 11.9 10.0 8.7 11.6 10.9 17.5 17.2 13.3 4.2 25.2 16.9 11.0 18.6
183 Cameron Johnson BKN 28 55 19 36 1530.0 19.1 20.7 20.6 30.1 27.7 16.7 16.2 14.2 18.6 17.4 16.0 14.2 22.0 7.9 20.3 17.5 15.9 21.3
184 Jarrett Allen CLE 25 66 41 25 2088.0 19.1 23.4 18.2 0.0 0.3 29.8 31.9 48.9 33.7 37.2 14.3 19.0 13.9 37.8 27.4 18.3 35.3 21.6
185 Amari Bailey CHA 20 6 0 6 26.0 19.0 12.5 20.8 0.0 22.7 25.0 28.6 40.0 0.0 8.3 25.0 12.5 25.0 0.0 0.0 0.0 16.7 11.7
186 Saben Lee PHX 24 21 12 9 178.0 18.9 13.4 18.1 5.9 14.8 29.9 32.8 23.7 17.1 18.6 35.7 14.3 30.4 9.4 35.0 21.7 30.6 16.8
187 Trey Murphy III NOP 23 46 30 16 1274.0 18.9 19.1 21.3 36.2 38.2 19.0 18.7 11.3 18.8 17.1 13.2 7.8 16.0 18.1 8.3 11.6 16.0 21.1
188 Josh Minott MIN 21 24 18 6 67.0 18.9 21.8 22.1 13.3 14.8 34.3 32.6 23.1 22.7 22.8 10.8 8.3 21.4 50.0 22.2 21.9 27.6 23.8
189 Dario Saric GSW 29 62 33 29 1080.0 18.9 18.9 18.8 22.7 21.3 20.7 18.9 25.6 27.8 27.2 22.6 22.6 19.2 11.8 22.0 24.8 21.6 19.6
190 Gary Trent Jr. TOR 25 63 22 41 1743.0 18.9 19.4 21.8 33.8 31.4 11.2 10.9 5.9 12.3 10.6 9.0 8.3 24.1 5.7 12.3 12.6 10.5 20.0
191 Cameron Payne PHI 29 67 38 29 1096.0 18.9 18.8 20.2 29.3 27.3 15.2 13.3 5.8 11.0 9.7 28.8 19.6 19.5 7.8 16.9 20.6 14.0 19.5
192 Armoni Brooks BKN 25 10 3 7 104.0 18.8 15.2 22.2 40.7 42.1 2.1 3.2 17.5 15.3 16.1 7.9 13.6 7.7 14.3 36.4 7.5 2.3 15.4
193 Fred VanVleet HOU 30 63 34 29 2308.0 18.8 17.7 19.8 30.9 29.0 18.7 17.1 4.9 12.8 10.9 42.1 18.6 21.9 24.1 10.5 14.6 16.3 19.4
194 Tari Eason HOU 22 22 12 10 480.0 18.8 22.1 21.1 14.8 14.8 9.6 11.7 34.8 29.8 31.2 12.1 15.3 36.9 33.3 28.8 21.1 10.8 18.9
195 Evan Fournier DET 31 22 6 16 374.0 18.8 16.9 21.1 30.5 33.6 16.3 15.4 5.9 14.2 12.5 18.3 13.0 28.0 9.4 11.1 21.3 9.1 18.2
196 Hamidou Diallo WAS 25 2 1 1 5.0 18.8 25.0 14.3 0.0 0.0 0.0 0.0 50.0 0.0 22.2 50.0 100 100 0.0 0.0 50.0 0.0 22.2
196 Taze Moore POR 25 3 1 2 10.0 18.8 25.0 22.7 0.0 18.2 0.0 0.0 0.0 0.0 0.0 16.7 25.0 25.0 0.0 0.0 28.6 16.7 17.6
198 Julian Strawther DEN 21 41 28 13 497.0 18.7 17.8 21.2 31.4 34.1 12.4 12.9 3.3 14.2 11.4 15.4 12.1 25.4 12.1 13.6 21.6 17.8 18.6
199 Duncan Robinson MIA 29 63 35 28 1796.0 18.7 19.8 20.2 39.2 36.0 11.8 10.7 4.2 12.1 10.4 19.5 18.8 15.5 10.9 14.0 21.5 10.5 20.7
200 Marcus Sasser DET 23 62 10 52 1069.0 18.6 19.1 19.9 25.9 23.9 9.0 8.5 3.5 13.7 11.3 34.2 20.6 26.1 9.0 15.6 18.6 12.8 18.2
201 Derrick White BOS 29 66 54 12 2151.0 18.6 17.9 19.2 23.8 24.2 16.3 14.9 10.7 14.7 13.9 28.3 20.2 22.7 27.7 17.3 19.1 17.6 18.5
202 P.J. Washington DAL 25 62 21 41 1858.0 18.6 17.9 19.6 22.6 25.5 14.3 15.6 18.4 21.3 20.6 11.8 17.6 20.2 23.6 19.3 20.0 14.4 17.9
203 Jeremy Sochan SAS 20 71 15 56 2105.0 18.6 17.7 18.8 12.5 13.9 15.8 16.4 29.0 21.8 23.5 19.0 19.8 17.9 13.4 32.2 22.6 16.8 16.9
204 Buddy Hield PHI 31 73 38 35 1922.0 18.5 18.2 20.3 34.3 32.8 6.8 6.2 11.2 15.3 14.2 18.4 17.6 20.9 16.5 13.5 17.8 4.8 18.7
205 Emoni Bates CLE 20 12 6 6 98.0 18.5 16.9 22.2 32.1 36.4 5.6 12.1 5.9 18.5 15.5 13.2 6.3 7.1 22.2 25.0 13.5 15.6 18.1
206 Jalen Smith IND 24 51 29 22 899.0 18.4 22.8 18.8 22.0 18.8 23.8 26.3 40.7 34.3 36.1 9.5 15.3 7.9 34.8 8.6 26.2 25.3 22.8
207 Jordan Ford SAC 25 6 2 4 22.0 18.4 19.0 17.9 22.2 14.3 28.6 25.0 0.0 14.3 11.1 18.2 33.3 0.0 0.0 0.0 0.0 20.0 20.7
208 Day'Ron Sharpe BKN 22 53 20 33 826.0 18.3 21.3 17.1 1.9 2.1 23.0 28.0 56.7 35.6 42.0 18.3 23.6 17.8 46.0 27.3 33.0 29.0 19.5
209 Santi Aldama MEM 23 58 22 36 1537.0 18.2 20.0 19.9 24.0 23.1 11.1 13.7 20.7 26.9 25.3 16.4 14.8 17.4 23.4 13.0 14.3 14.9 19.2
210 Jaime Jaquez Jr. MIA 23 64 37 27 1873.0 18.2 19.6 18.7 12.2 14.0 16.7 16.8 20.1 13.8 15.2 16.6 20.0 25.3 10.4 30.0 21.1 15.1 18.3
211 Rui Hachimura LAL 26 57 32 25 1472.0 18.2 20.9 20.2 20.5 19.9 14.5 15.4 18.1 16.4 16.7 6.8 10.3 16.4 11.4 21.9 19.2 12.8 19.9
212 Jalen Johnson ATL 22 51 25 26 1733.0 18.2 21.3 19.2 14.5 14.5 13.5 15.1 14.4 31.2 26.5 18.7 18.6 20.9 25.6 22.7 20.7 16.0 19.2
213 Justin Champagnie WAS 22 9 2 7 123.0 18.2 17.5 17.7 25.0 23.8 21.1 15.4 34.4 21.4 25.5 13.6 23.7 42.9 35.7 18.8 13.6 11.9 18.8
214 Jerome Robinson GSW 27 17 12 5 65.0 18.1 13.8 20.0 10.5 23.3 28.6 37.0 4.8 7.5 6.8 12.8 4.5 0.0 21.4 0.0 18.2 28.6 15.4
215 Landry Shamet WAS 27 46 6 40 726.0 18.1 18.6 20.0 26.1 27.7 15.6 14.7 10.5 9.7 9.9 12.6 14.5 22.9 17.2 22.6 23.9 16.0 19.0
216 Skylar Mays LAL 26 34 12 22 426.0 18.1 18.1 19.7 16.8 18.8 10.7 10.2 9.4 13.6 12.4 39.1 16.1 29.4 9.3 20.4 14.4 13.8 17.0
217 TyTy Washington Jr. MIL 22 5 3 2 21.0 18.0 9.1 21.2 20.0 15.8 0.0 0.0 0.0 6.3 5.6 12.5 18.2 40.0 0.0 0.0 0.0 12.5 8.3
218 Jahmi'us Ramsey TOR 22 7 0 7 121.0 18.0 18.8 19.4 25.0 27.2 11.4 10.3 19.0 23.1 22.2 12.9 17.9 28.0 0.0 14.3 20.0 10.2 18.1
219 Gordon Hayward OKC 34 41 19 22 1073.0 17.9 16.7 17.6 11.4 11.2 23.1 23.8 14.3 17.9 17.0 25.5 19.2 19.5 9.8 13.7 14.5 21.7 17.0
220 Tre Mann CHA 23 29 17 12 615.0 17.8 18.8 18.8 20.0 17.7 15.8 17.6 15.3 22.4 21.0 31.7 17.6 29.1 0.0 22.6 16.2 23.0 18.6
221 Kira Lewis Jr. UTA 22 23 10 13 196.0 17.8 15.8 19.2 9.1 18.2 15.8 14.0 13.2 9.9 10.8 33.7 18.9 24.0 7.1 20.0 13.7 13.4 15.2
222 David Roddy PHX 22 61 22 39 1163.0 17.8 17.6 19.1 16.2 18.0 12.0 13.5 22.7 20.3 20.8 13.0 16.0 15.9 7.7 20.4 14.5 12.6 16.6
223 Greg Brown III DAL 22 6 3 3 40.0 17.8 14.7 14.9 12.5 15.0 21.1 32.1 23.1 17.1 18.8 18.2 23.5 0.0 57.1 20.0 41.7 27.8 15.8
224 A.J. Lawson DAL 23 33 20 13 246.0 17.7 19.7 19.7 17.6 21.5 13.5 15.1 16.2 12.9 13.9 11.1 13.9 25.0 10.7 27.3 20.6 11.8 18.5
225 Moses Moody GSW 21 54 28 26 924.0 17.7 19.5 19.3 20.2 21.8 16.6 16.0 20.7 15.9 17.3 7.5 12.9 27.4 25.8 21.6 17.2 17.7 19.1
226 Markelle Fultz ORL 25 33 20 13 711.0 17.7 19.1 19.6 0.6 2.5 7.1 8.2 26.5 13.7 16.9 26.1 17.3 23.8 17.9 29.2 18.7 10.9 15.6
227 DeJon Jarreau MEM 26 7 2 5 120.0 17.7 12.4 17.6 11.5 10.8 12.8 13.1 15.8 35.9 30.0 43.1 21.6 27.3 12.5 6.3 31.6 10.4 12.3
228 Jalen McDaniels TOR 26 41 10 31 390.0 17.7 15.8 19.5 11.8 20.9 11.8 13.7 13.4 18.1 16.8 12.6 16.4 26.2 9.3 21.3 24.4 11.4 14.7
229 Anthony Gill WAS 31 40 7 33 253.0 17.7 16.0 16.9 8.6 12.0 20.2 19.0 34.4 21.0 24.8 14.8 22.9 19.0 22.6 18.2 21.9 12.7 15.8
230 Jalen Duren DET 20 54 12 42 1602.0 17.7 22.3 16.9 0.0 0.3 23.0 22.6 46.9 39.8 41.6 15.2 21.5 13.8 25.6 20.2 24.7 23.0 20.2
231 Hunter Tyson DEN 23 11 8 3 32.0 17.6 11.1 19.6 13.3 23.1 0.0 0.0 50.0 38.1 39.1 5.3 20.0 0.0 0.0 0.0 36.8 0.0 11.3
232 De'Anthony Melton PHI 25 36 23 13 1002.0 17.6 14.9 18.5 27.6 29.0 13.6 14.1 12.1 16.4 15.3 19.9 16.0 30.3 12.2 16.9 21.2 13.8 16.0
233 Jordan Goodwin MEM 25 49 27 22 807.0 17.5 16.1 19.3 19.7 21.9 9.5 10.3 25.0 19.7 21.1 30.4 17.3 27.6 15.0 25.0 18.8 10.1 15.2
234 Colby Jones SAC 21 20 10 10 134.0 17.5 16.5 19.6 3.2 15.0 4.5 9.4 22.9 18.2 19.9 18.5 15.8 19.0 6.7 23.1 31.6 11.9 13.3
235 Dillon Brooks HOU 28 61 31 30 1883.0 17.5 17.3 18.5 23.4 22.8 15.1 14.4 10.9 12.5 12.2 10.1 15.0 19.5 4.2 10.3 24.5 13.7 17.7
236 Shake Milton NYK 27 44 29 15 559.0 17.5 16.3 18.4 14.9 18.1 17.3 16.6 11.7 13.7 13.2 20.2 18.8 20.5 8.6 20.0 20.9 17.2 16.4
237 Aaron Gordon DEN 28 65 45 20 2049.0 17.5 18.6 17.0 6.9 9.1 21.8 26.2 32.7 18.5 22.1 17.2 17.8 16.3 19.5 29.1 18.2 24.8 17.9
238 Keegan Murray SAC 23 65 38 27 2154.0 17.4 18.4 19.4 22.4 23.5 13.6 12.2 18.2 18.2 18.2 8.1 9.7 18.7 27.7 16.3 20.8 11.1 18.3
239 Amen Thompson HOU 21 51 24 27 1050.0 17.4 19.2 16.6 3.1 7.0 19.5 21.7 32.7 27.1 28.7 22.6 24.7 28.9 28.6 18.3 25.2 23.8 17.6
240 Dennis Smith Jr. BKN 26 55 19 36 1055.0 17.4 16.6 17.6 11.6 14.1 12.9 13.4 20.1 16.7 17.6 35.1 22.6 37.6 13.3 19.8 26.7 12.9 15.5
241 Theo Maledon PHX 22 17 5 12 213.0 17.3 11.0 17.2 10.4 21.9 15.7 12.2 6.1 14.1 11.5 25.9 28.1 23.3 0.0 29.2 18.6 19.2 11.8
242 Malachi Flynn DET 25 58 26 32 656.0 17.3 16.4 17.7 24.6 23.2 15.0 15.5 9.3 16.9 14.6 27.5 21.0 23.6 8.8 19.2 20.1 17.9 17.1
243 Thomas Bryant MIA 26 34 19 15 378.0 17.3 20.6 17.1 2.7 6.0 30.0 29.5 41.9 32.4 34.6 10.0 15.0 15.4 40.0 19.0 31.1 22.0 19.6
244 Christian Wood LAL 28 50 28 22 872.0 17.3 16.5 17.6 19.3 21.4 18.3 19.7 26.5 33.0 31.8 10.4 18.2 13.1 30.0 17.1 23.2 20.3 17.1
245 Wendell Carter Jr. ORL 24 44 25 19 1147.0 17.3 19.0 17.4 18.2 17.9 21.3 22.5 38.6 28.4 30.8 12.9 15.7 12.1 26.1 16.7 21.9 25.5 19.2
246 Kevin Huerter SAC 25 64 37 27 1562.0 17.3 17.1 19.1 25.9 26.7 7.4 7.2 13.0 17.4 16.5 16.9 13.5 17.7 18.3 11.8 21.3 7.9 17.0
247 OG Anunoby NYK 26 44 26 18 1498.0 17.3 18.3 18.4 22.9 22.5 12.6 12.7 11.8 13.5 13.1 11.0 16.1 23.6 20.1 22.5 17.8 12.4 18.0
248 Bruno Fernando ATL 25 33 15 18 436.0 17.3 19.3 16.1 0.0 1.3 25.2 28.9 53.5 33.6 38.3 10.2 20.8 27.4 52.4 35.9 37.1 24.4 18.1
249 Jabari Smith Jr. HOU 20 65 34 31 2048.0 17.3 17.9 18.1 21.5 21.0 16.4 15.7 27.0 29.2 28.7 8.9 15.5 16.8 26.7 18.9 20.0 13.8 18.1
250 Georges Niang CLE 30 71 43 28 1595.0 17.2 17.6 19.1 25.9 26.3 9.7 8.6 7.3 20.8 18.0 9.6 14.6 11.1 10.4 8.7 26.0 8.3 17.6
251 D'Moi Hodge LAL 25 7 1 6 41.0 17.2 18.5 22.4 60.0 40.0 5.9 8.3 0.0 0.0 0.0 27.8 7.1 14.3 25.0 0.0 30.8 6.3 18.4
252 Jaden Springer BOS 21 44 29 15 440.0 17.1 14.6 17.0 7.5 14.3 16.1 14.9 28.0 12.7 17.3 18.9 23.8 29.3 27.1 23.4 30.2 17.8 14.1
253 Sasha Vezenkov SAC 28 35 18 17 440.0 17.1 18.7 20.0 25.5 24.8 8.0 7.5 31.9 19.4 22.5 5.8 8.0 31.4 15.2 24.3 16.9 9.0 18.4
254 Moussa Diabate LAC 22 11 7 4 64.0 17.1 18.2 16.4 0.0 0.0 31.0 36.8 53.6 25.0 37.5 12.1 10.0 50.0 25.0 42.9 14.8 38.5 19.0
255 Jose Alvarado NOP 25 50 34 16 892.0 17.0 15.7 18.6 26.6 27.1 9.4 10.6 9.6 14.8 13.4 20.7 16.0 29.5 17.6 21.2 21.3 11.7 15.9
256 Caleb Martin MIA 28 54 30 24 1474.0 17.0 17.1 17.9 19.6 19.8 12.6 13.0 21.6 18.6 19.3 14.5 17.9 19.2 23.7 18.6 21.1 15.3 16.6
257 Sam Merrill CLE 27 53 33 20 928.0 17.0 18.1 20.4 41.8 37.2 7.6 5.8 10.7 13.2 12.7 18.1 6.8 14.0 5.0 14.6 17.6 12.0 20.0
258 Isaiah Jackson IND 22 52 31 21 693.0 17.0 21.4 16.3 0.0 0.9 29.1 31.3 50.3 31.2 36.4 10.8 15.9 25.8 54.3 28.8 37.1 31.1 20.5
259 Jonathan Isaac ORL 26 49 31 18 742.0 16.9 20.0 18.7 22.9 19.5 16.8 18.1 33.3 30.3 31.1 5.8 11.3 25.0 54.2 19.8 16.6 18.2 19.7
260 Ish Wainright PHX 29 10 2 8 61.0 16.9 17.5 20.9 50.0 37.7 11.8 6.9 18.8 23.9 22.6 4.3 10.5 33.3 16.7 0.0 25.0 10.0 20.7
261 Nate Williams HOU 25 16 8 8 93.0 16.9 18.5 18.2 5.6 6.3 21.2 21.7 29.4 8.2 15.0 13.3 9.5 20.0 0.0 37.5 21.3 18.4 17.9
262 Miles McBride NYK 23 57 35 22 952.0 16.8 20.6 19.3 30.9 24.7 11.9 10.7 8.0 7.4 7.6 17.5 8.6 25.3 7.2 13.3 23.8 15.4 20.7
263 Danilo Gallinari MIL 35 45 15 30 592.0 16.8 16.0 17.3 16.7 19.5 33.3 31.1 20.2 22.2 21.8 18.0 10.3 15.8 16.7 11.9 20.2 31.1 19.0
264 Kelly Olynyk TOR 32 69 29 40 1495.0 16.8 17.7 15.3 14.5 12.2 21.3 21.0 26.8 25.8 26.1 33.3 25.1 27.2 16.0 10.5 32.2 26.2 17.9
265 Seth Lundy ATL 23 9 2 7 52.0 16.8 10.5 21.3 25.0 28.9 11.5 12.9 14.3 18.8 17.9 0.0 5.9 0.0 0.0 66.7 40.0 14.3 12.3
266 Admiral Schofield ORL 26 20 13 7 71.0 16.8 17.8 20.6 15.4 19.1 0.0 6.5 18.2 24.4 23.2 16.1 12.5 14.3 0.0 50.0 32.0 14.3 14.7
267 Clint Capela ATL 29 62 28 34 1568.0 16.7 20.7 16.8 0.0 0.1 19.7 23.8 57.2 33.3 41.0 8.1 13.5 13.8 56.9 31.6 25.2 24.0 18.2
268 Chris Boucher TOR 31 50 16 34 705.0 16.7 17.5 16.4 16.9 17.7 28.9 27.8 32.3 30.9 31.3 5.5 14.9 12.5 34.3 19.7 24.0 30.2 19.1
269 Ayo Dosunmu CHI 24 69 34 35 1967.0 16.7 18.8 17.7 22.8 20.4 11.1 11.0 10.5 11.0 10.9 20.6 17.9 20.4 15.6 24.7 18.8 10.0 18.1
270 Jevon Carter CHI 28 65 32 33 896.0 16.7 16.0 18.9 33.8 34.2 1.4 1.9 3.6 8.0 6.8 17.2 15.1 18.2 15.2 5.6 18.8 3.7 15.7
271 Spencer Dinwiddie LAL 30 65 30 35 1883.0 16.7 13.8 16.6 18.4 22.0 21.6 21.0 6.7 11.3 10.2 32.3 17.4 20.3 7.0 10.7 17.0 17.7 15.5
272 Chimezie Metu DET 27 40 22 18 528.0 16.7 17.3 16.7 13.3 17.2 21.1 19.9 29.0 27.2 27.6 9.4 18.5 26.8 19.6 20.0 24.0 15.7 17.6
273 Alondes Williams MIA 24 2 2 0 9.0 16.7 0.0 23.1 0.0 40.0 0.0 0.0 0.0 12.5 11.1 0.0 14.3 0.0 0.0 100 0.0 0.0 0.0
273 Jalen Crutcher NOP 24 1 1 0 3.0 16.7 0.0 25.0 0.0 0.0 0.0 0.0 0.0 0.0 0.0 0.0 0.0 0.0 0.0 0.0 0.0 0.0 0.0
275 Max Strus CLE 27 60 39 21 1932.0 16.7 15.3 17.8 28.1 29.0 9.4 9.4 12.0 16.7 15.6 20.6 16.9 16.4 14.3 17.0 22.0 12.9 15.9
276 Davis Bertans CHA 31 32 17 15 432.0 16.6 16.1 19.1 41.9 36.8 17.4 15.1 8.5 11.9 11.2 11.8 7.9 24.2 22.2 12.2 22.9 10.5 19.4
277 Wenyen Gabriel MEM 26 5 1 4 81.0 16.6 16.0 15.8 6.3 11.1 0.0 11.9 35.0 30.0 31.3 8.6 22.9 12.5 28.6 18.2 32.3 21.4 11.6
278 Andrew Nembhard IND 24 58 34 24 1419.0 16.6 16.7 16.6 12.9 13.7 9.0 8.4 11.2 9.3 9.7 27.4 23.5 22.4 2.8 10.6 19.5 14.6 15.4
279 Collin Gillespie DEN 24 20 13 7 180.0 16.6 17.3 16.7 30.2 23.0 9.4 11.4 2.4 10.9 8.8 17.2 28.6 33.3 0.0 23.1 29.6 14.1 17.4
280 Luke Kennard MEM 27 36 13 23 906.0 16.5 18.2 18.0 35.4 28.7 12.7 11.1 6.9 16.4 14.2 23.2 15.7 12.8 0.9 9.9 10.7 7.8 19.7
281 Nikola Jovic MIA 20 35 17 18 635.0 16.5 14.7 16.1 23.8 22.8 9.9 12.9 17.6 25.8 24.2 16.7 23.3 15.5 23.5 10.0 29.1 17.8 15.2
282 Jay Huff DEN 26 14 11 3 36.0 16.5 30.4 21.4 37.5 25.0 15.4 12.5 33.3 40.9 40.0 6.3 7.1 16.7 0.0 0.0 36.8 10.0 28.4
283 Omer Yurtseven UTA 25 38 15 23 359.0 16.4 20.9 16.4 5.4 7.0 10.9 13.7 46.6 36.7 39.6 9.3 21.0 13.2 43.6 15.0 29.9 18.5 17.6
284 Eric Gordon PHX 35 58 35 23 1677.0 16.4 16.9 18.8 31.4 30.7 6.9 7.1 5.1 8.4 7.7 13.6 12.5 21.0 11.8 24.7 11.1 7.8 16.8
285 Bol Bol PHX 24 33 22 11 373.0 16.4 24.2 18.8 21.3 17.6 9.2 9.8 28.6 28.8 28.7 6.9 12.8 13.6 35.6 6.1 26.4 6.8 21.5
286 Patrick Williams CHI 22 43 19 24 1174.0 16.3 15.6 16.7 19.7 18.9 12.9 13.1 16.5 15.2 15.5 11.4 19.0 22.3 29.7 20.4 18.9 12.2 15.7
287 Naji Marshall NOP 26 59 39 20 1128.0 16.3 16.0 16.8 18.4 18.4 14.1 13.9 20.3 21.2 21.0 19.0 20.3 21.4 10.9 14.3 18.1 13.8 15.9
288 Jarace Walker IND 20 27 13 14 273.0 16.3 13.8 18.1 30.5 28.7 8.0 6.9 15.5 23.1 20.9 16.3 16.9 21.7 32.4 5.6 20.5 10.1 14.4
289 Jalen Pickett DEN 24 21 15 6 108.0 16.3 14.1 16.8 25.0 27.2 10.3 10.3 6.3 13.3 12.1 22.4 22.9 30.0 0.0 16.7 22.4 10.3 15.0
290 Peyton Watson DEN 21 69 49 20 1258.0 16.3 16.5 17.1 14.3 17.5 16.9 18.5 17.3 18.1 17.9 9.6 14.4 21.6 36.7 19.1 21.4 14.7 16.3
291 Sandro Mamukelashvili SAS 24 38 8 30 243.0 16.3 18.4 17.8 12.5 17.4 12.8 13.7 51.0 25.3 31.3 22.4 13.0 15.0 34.8 22.9 29.3 13.6 16.8
292 Lester Quinones GSW 23 31 18 13 362.0 16.3 15.3 17.2 27.8 25.0 15.0 17.0 17.1 17.9 17.7 15.6 14.4 14.3 4.4 17.5 27.9 24.1 16.7
293 Saddiq Bey ATL 24 63 28 35 2062.0 16.3 15.4 17.4 19.5 22.4 19.8 19.1 27.7 17.9 20.9 8.2 9.5 17.3 5.7 19.3 11.0 16.2 16.6
294 Jaylen Nowell MEM 24 9 3 6 156.0 16.2 16.7 18.6 9.1 18.5 6.3 5.5 8.6 10.8 10.2 20.8 10.6 10.3 0.0 0.0 21.0 7.3 14.3
295 Marcus Morris Sr. CLE 34 41 23 18 721.0 16.2 17.7 17.9 26.3 21.6 10.9 10.7 11.4 22.7 19.7 10.0 13.9 12.6 17.1 7.7 19.5 11.4 17.2
296 Mark Williams CHA 22 19 7 12 508.0 16.2 20.8 15.5 0.0 0.0 31.5 33.9 54.3 31.1 37.8 7.4 11.9 20.8 42.6 31.6 26.9 28.0 19.9
297 Jamal Cain MIA 25 19 9 10 239.0 16.2 16.6 17.5 17.0 17.2 22.0 21.5 25.9 12.9 16.4 5.8 9.1 29.4 33.3 13.6 19.6 15.6 17.5
298 Ivica Zubac LAC 27 58 35 23 1522.0 16.2 20.8 15.7 0.0 0.0 18.3 21.9 52.8 33.2 37.7 9.5 16.2 7.4 45.5 27.8 31.3 20.7 18.1
299 Jared Rhoden DET 24 8 1 7 72.0 16.2 20.0 18.3 16.7 18.8 5.6 4.8 10.0 27.3 24.1 11.1 20.0 20.0 50.0 25.0 32.1 5.7 16.7
300 Jrue Holiday BOS 33 61 48 13 2017.0 16.1 16.3 16.5 18.1 16.1 8.3 8.2 18.4 16.9 17.2 27.2 22.5 20.7 17.7 17.9 14.7 11.1 15.4
301 Ausar Thompson DET 21 63 10 53 1583.0 16.1 17.3 16.4 6.4 11.1 12.2 16.2 32.3 25.2 27.1 14.4 16.7 31.8 33.1 18.1 24.7 19.8 15.5
302 Bruce Brown TOR 27 59 25 34 1672.0 16.1 15.6 16.7 10.3 12.3 18.4 17.3 14.4 19.4 18.2 16.2 14.8 19.9 8.7 18.8 18.2 14.8 15.4
303 Nate Hinton HOU 24 11 6 5 58.0 16.1 17.9 18.2 58.3 26.2 16.0 14.3 18.8 17.0 17.4 22.2 12.5 28.6 25.0 40.0 35.7 12.5 20.8
304 Precious Achiuwa NYK 24 63 33 30 1431.0 16.1 18.0 16.1 6.7 8.4 12.9 16.2 42.5 26.7 31.3 12.2 18.6 18.9 40.0 21.2 24.3 14.1 15.9
305 Tyus Jones WAS 27 66 11 55 1933.0 16.1 18.2 17.8 21.5 18.3 5.6 5.4 5.6 12.9 11.3 40.1 12.3 23.4 7.9 10.8 6.2 7.3 17.0
306 Monte Morris MIN 28 22 14 8 325.0 16.1 16.2 18.7 17.3 18.9 7.1 8.3 8.1 12.2 11.3 28.9 6.7 23.2 8.7 20.0 6.6 10.8 15.2
307 Ousmane Dieng OKC 20 31 19 12 342.0 16.0 15.1 16.7 20.4 23.1 12.3 11.9 14.5 17.1 16.5 17.9 17.3 10.2 7.7 8.6 17.9 10.8 15.4
308 Aaron Nesmith IND 24 63 35 28 1731.0 16.0 16.6 17.0 26.4 23.1 16.3 16.5 16.6 15.7 15.9 8.5 12.2 21.8 20.9 23.0 27.8 19.5 17.6
309 Leonard Miller MIN 20 9 8 1 30.0 16.0 28.0 20.0 12.5 13.0 0.0 0.0 66.7 52.6 54.5 27.8 7.7 10.0 25.0 16.7 30.8 0.0 24.2
310 Payton Pritchard BOS 26 71 57 14 1528.0 16.0 16.7 17.6 23.3 23.0 7.5 7.1 15.0 15.6 15.4 26.3 13.3 15.3 3.1 14.8 16.7 9.1 16.4
311 Jabari Walker POR 21 62 16 46 1387.0 16.0 17.5 16.2 10.5 12.4 20.3 21.3 33.2 34.8 34.3 8.7 13.4 18.3 15.6 26.3 24.1 21.0 17.3
312 Trayce Jackson-Davis GSW 24 57 30 27 852.0 16.0 23.2 15.5 0.0 0.0 23.6 31.2 40.9 25.6 30.2 12.3 15.4 16.7 55.8 32.6 28.1 24.4 20.6
313 AJ Green MIL 24 47 32 15 484.0 16.0 17.4 19.6 36.1 35.7 9.1 7.8 9.9 14.3 13.4 10.3 5.8 6.9 5.6 7.7 19.4 9.3 18.9
314 Jakob Poeltl TOR 28 50 21 29 1319.0 16.0 20.4 15.3 0.0 0.0 13.9 18.3 48.0 30.9 35.1 15.4 21.2 16.7 53.1 24.8 33.1 19.9 17.7
315 Lindy Waters III OKC 26 31 21 10 199.0 16.0 18.1 19.3 38.5 33.7 1.8 1.5 10.5 18.8 17.0 15.2 9.2 6.5 26.3 8.3 22.4 1.7 19.1
316 Moses Brown POR 24 17 4 13 147.0 15.9 18.6 15.9 0.0 0.0 7.8 23.4 60.4 38.8 45.9 8.2 14.6 11.1 40.0 39.1 43.5 28.3 14.5
317 Simone Fontecchio DET 28 66 29 37 1644.0 15.9 17.3 17.5 29.5 25.8 8.7 8.8 16.1 15.4 15.6 10.2 13.6 17.1 12.8 14.9 16.9 9.4 17.4
318 Gradey Dick TOR 20 50 16 34 964.0 15.9 16.9 17.8 28.6 25.6 9.8 8.2 9.6 13.0 12.1 11.3 12.5 16.3 2.7 15.9 18.8 10.2 17.1
319 Seth Curry CHA 33 44 25 19 615.0 15.9 15.4 18.1 20.7 21.4 12.9 10.8 14.5 12.0 12.5 13.4 11.7 20.6 9.7 15.3 16.5 10.3 15.7
320 Dante Exum DAL 28 44 27 17 848.0 15.9 16.9 15.6 15.4 12.1 16.7 16.5 13.5 16.2 15.6 25.5 21.5 18.2 6.4 21.7 20.9 18.5 16.7
321 Colin Castleton LAL 23 7 3 4 36.0 15.9 28.0 17.5 0.0 0.0 22.2 17.4 66.7 25.0 34.6 17.6 9.1 0.0 0.0 0.0 50.0 15.4 25.4
321 Josh Richardson MIA 30 43 24 19 1103.0 15.9 17.4 18.0 24.3 24.4 11.9 10.3 9.4 14.0 13.1 17.9 11.6 15.1 21.5 8.4 17.3 11.4 17.2
323 Patrick Baldwin Jr. WAS 21 28 5 23 276.0 15.8 13.6 17.0 24.0 24.9 15.7 15.8 19.4 30.8 28.1 12.3 14.0 14.3 28.6 8.1 25.6 15.6 15.1
324 James Wiseman DET 22 52 7 45 820.0 15.8 22.2 15.6 0.0 0.4 16.6 19.3 51.7 31.4 36.4 10.0 18.9 8.7 38.1 13.5 31.4 18.1 19.0
325 Svi Mykhailiuk BOS 26 32 26 6 283.0 15.7 13.5 18.0 28.9 30.7 4.5 6.1 9.6 13.7 12.5 11.7 10.7 21.3 0.0 13.0 11.8 9.7 14.3
326 Cody Martin CHA 28 28 7 21 753.0 15.7 13.1 15.6 13.9 16.0 10.2 13.0 12.8 17.9 16.8 26.7 21.0 29.9 25.4 20.2 17.5 16.3 12.9
327 Isaiah Joe OKC 24 66 46 20 1200.0 15.7 17.1 18.2 35.7 31.8 6.5 6.4 11.3 15.4 14.4 12.0 12.1 16.2 12.6 12.7 14.8 13.6 17.2
328 Jaden McDaniels MIN 23 61 41 20 1786.0 15.7 17.0 17.1 16.9 18.7 7.6 8.4 14.4 11.1 11.8 8.6 14.9 20.5 18.3 14.5 27.3 11.1 15.6
329 Obi Toppin IND 26 72 40 32 1549.0 15.7 18.5 16.8 20.3 18.9 12.5 13.2 22.4 20.5 21.0 10.5 14.1 14.8 17.9 16.0 17.7 12.5 17.9
330 Kevin Knox II DET 24 31 4 27 560.0 15.7 17.7 17.7 24.4 24.5 9.1 7.6 13.6 15.2 14.8 7.3 13.5 17.1 17.1 16.9 21.1 9.7 16.9
331 Aaron Holiday HOU 27 67 34 33 1101.0 15.6 17.2 17.3 25.5 23.1 10.8 9.1 6.3 11.2 10.0 22.9 16.1 18.8 5.7 12.0 20.6 12.0 17.1
332 Devonte' Graham SAS 29 15 4 11 124.0 15.6 13.9 16.9 25.0 28.6 14.6 14.1 6.3 22.2 17.7 27.6 13.8 22.7 5.6 6.7 14.3 12.0 15.4
333 AJ Griffin ATL 20 18 8 10 132.0 15.6 11.9 18.7 19.6 28.9 3.2 2.6 9.1 14.5 13.3 6.5 15.0 4.0 7.7 10.0 13.3 1.9 11.3
334 Nic Claxton BKN 24 61 21 40 1804.0 15.6 21.6 15.4 0.2 0.4 18.1 23.1 43.1 35.9 37.6 12.9 15.3 15.6 59.0 20.9 22.5 30.3 18.6
335 Markieff Morris DAL 34 20 11 9 168.0 15.6 14.2 16.9 25.0 24.1 4.9 4.8 11.8 23.6 20.8 13.4 20.4 20.0 9.1 18.2 17.7 8.5 14.1
336 Quentin Grimes DET 23 51 32 19 1025.0 15.5 14.9 17.3 28.7 31.0 10.5 10.5 5.9 11.9 10.3 13.7 10.2 24.0 8.0 11.0 18.5 8.9 16.0
337 Vince Williams Jr. MEM 23 52 18 34 1437.0 15.5 14.6 14.6 19.4 18.0 21.1 19.6 18.8 24.9 23.4 23.1 20.5 18.9 16.9 12.9 23.8 21.6 16.2
338 Jontay Porter TOR 24 26 6 20 360.0 15.5 13.1 15.8 19.8 21.7 13.3 12.6 35.1 23.4 26.2 29.0 17.5 31.7 51.3 6.5 24.0 9.6 14.0
339 T.J. Warren MIN 30 7 4 3 98.0 15.5 14.0 16.8 6.7 14.5 3.2 5.3 18.5 15.5 16.3 13.0 16.0 15.8 11.1 11.1 27.8 2.5 11.7
340 Aaron Wiggins OKC 25 67 48 19 972.0 15.4 18.1 15.8 19.3 15.5 12.7 13.3 27.2 15.6 18.2 11.2 18.0 22.3 10.6 20.4 20.1 12.3 17.5
341 Zeke Nnaji DEN 23 53 37 16 522.0 15.4 14.6 14.2 4.5 6.0 30.9 31.2 49.6 16.2 24.9 11.8 18.4 16.5 38.1 35.0 28.6 37.7 15.6
342 Shaquille Harrison MEM 30 3 1 2 6.0 15.4 33.3 20.0 0.0 0.0 0.0 0.0 0.0 50.0 50.0 0.0 0.0 0.0 100 0.0 0.0 0.0 33.3
343 Paul Reed PHI 24 71 39 32 1358.0 15.4 18.3 16.0 5.9 5.8 10.7 12.0 49.7 29.1 35.1 14.2 16.4 21.2 41.6 17.3 29.4 16.7 15.9
344 Brook Lopez MIL 35 68 45 23 2085.0 15.4 16.7 16.9 20.3 20.9 10.3 9.9 24.9 16.0 17.8 10.2 11.6 15.2 68.6 9.0 21.7 11.3 16.1
345 Christian Braun DEN 22 71 50 21 1375.0 15.3 15.5 15.8 16.8 15.5 20.3 21.3 17.8 20.3 19.6 13.3 12.7 18.4 16.0 21.5 20.1 14.6 16.2
346 Jordan Miller LAC 24 8 5 3 28.0 15.3 21.7 17.6 16.7 11.8 25.0 18.2 37.5 11.8 20.0 0.0 9.1 0.0 0.0 66.7 18.2 11.1 21.7
347 Draymond Green GSW 34 45 25 20 1216.0 15.2 13.7 13.6 11.0 11.1 12.5 13.2 22.1 29.2 27.5 34.9 30.3 20.9 35.1 12.9 27.7 22.9 13.2
348 Braxton Key DEN 27 17 12 5 55.0 15.2 14.3 17.0 8.3 9.1 22.2 24.0 50.0 30.6 33.3 28.6 7.7 22.2 16.7 33.3 18.5 22.2 14.9
349 Rudy Gobert MIN 31 65 46 19 2212.0 15.2 18.0 13.7 0.0 0.2 26.0 31.0 52.7 36.6 40.2 6.7 15.0 12.5 50.5 24.0 24.3 34.8 17.2
350 Mike Conley MIN 36 66 47 19 1911.0 15.2 15.3 16.6 29.5 27.1 12.3 10.8 8.3 11.9 11.1 37.8 12.9 25.4 6.0 6.9 15.2 12.2 16.4
351 Grant Williams CHA 25 66 31 35 1810.0 15.1 14.3 15.2 20.3 19.4 14.7 14.2 21.2 16.2 17.3 13.9 19.6 14.8 20.5 16.9 27.4 17.4 15.2
352 Brandin Podziemski GSW 21 62 31 31 1667.0 15.1 14.7 15.8 15.4 15.5 8.9 10.8 21.9 21.3 21.4 23.4 17.5 23.2 8.6 15.5 16.2 17.2 14.1
353 Harrison Barnes SAC 31 70 41 29 2051.0 15.1 16.3 16.0 22.9 20.6 19.6 18.4 12.9 10.6 11.2 6.5 9.0 13.9 7.9 10.8 11.1 17.7 17.5
354 Javon Freeman-Liberty TOR 24 11 1 10 147.0 15.0 11.6 14.3 5.0 12.9 35.9 27.8 11.4 22.2 19.2 18.8 14.3 9.1 14.3 10.5 20.4 20.8 13.7
355 Jeff Green HOU 37 66 33 33 1099.0 15.0 15.4 14.9 14.2 14.5 23.0 22.0 15.0 14.2 14.4 11.3 14.1 6.9 22.5 9.8 18.0 19.2 16.7
356 DeAndre Jordan DEN 35 31 21 10 356.0 15.0 18.0 12.9 0.0 0.0 26.6 36.1 50.0 37.8 41.3 12.9 20.0 15.8 33.3 25.0 30.4 37.6 17.1
357 Filip Petrusev SAC 23 3 2 1 9.0 15.0 11.1 14.3 0.0 0.0 50.0 40.0 0.0 11.1 11.1 0.0 0.0 0.0 0.0 0.0 50.0 20.0 13.6
358 Chris Paul GSW 38 46 23 23 1221.0 15.0 15.2 16.1 18.2 16.9 10.0 9.2 5.9 19.5 15.9 43.9 15.7 28.6 3.2 7.9 16.3 10.6 14.9
359 Stanley Umude DET 24 24 4 20 307.0 15.0 15.0 15.8 33.8 28.5 23.6 20.9 14.3 18.8 17.9 6.7 12.1 22.9 24.1 11.4 26.1 18.1 18.5
360 Troy Brown Jr. DET 24 48 28 20 558.0 14.9 14.5 16.5 26.4 27.5 11.2 10.3 14.3 20.4 19.0 15.5 12.5 12.2 3.4 11.9 13.6 10.0 15.3
361 Patty Mills MIA 35 28 13 15 351.0 14.9 12.6 16.2 22.6 26.0 3.7 3.0 10.3 10.2 10.2 17.3 17.5 27.9 4.5 8.1 21.0 9.7 12.6
362 Matt Ryan NOP 26 22 12 10 363.0 14.9 15.5 16.2 39.8 32.6 9.7 7.9 7.0 13.1 11.6 8.6 14.8 10.2 2.7 2.6 20.0 10.5 17.5
363 Daniel Theis LAC 31 55 37 18 915.0 14.8 16.7 15.3 8.5 9.0 10.5 11.8 43.5 23.0 27.7 11.8 16.7 13.0 39.7 27.0 28.4 14.9 14.8
364 Luguentz Dort OKC 24 68 47 21 1926.0 14.8 13.6 15.5 25.8 25.2 14.1 13.9 19.8 13.6 14.9 8.6 12.5 18.5 15.8 14.5 26.1 17.6 15.0
365 Alex Caruso CHI 30 62 30 32 1734.0 14.8 15.0 15.1 27.7 24.7 10.3 11.1 15.6 15.4 15.4 22.3 18.6 34.0 34.6 12.3 25.3 17.1 15.5
366 Tre Jones SAS 24 66 14 52 1775.0 14.8 16.0 14.8 10.8 11.3 16.0 14.4 12.4 14.4 14.0 35.6 17.5 23.1 2.8 15.2 12.7 17.0 15.4
367 Aleksej Pokusevski CHA 22 17 10 7 194.0 14.8 11.8 15.2 10.5 15.4 20.9 18.0 25.0 21.8 22.5 20.0 15.4 33.3 46.2 12.5 20.3 11.5 12.6
368 E.J. Liddell NOP 23 8 3 5 23.0 14.8 6.3 16.2 0.0 27.8 11.8 9.5 0.0 35.7 26.3 16.7 25.0 33.3 66.7 0.0 50.0 7.7 7.7
369 Mo Bamba PHI 25 49 25 24 637.0 14.8 15.9 14.2 13.8 11.2 11.9 14.8 41.8 32.2 34.8 11.7 22.0 18.8 58.1 16.0 30.6 16.9 15.0
370 Ty Jerome CLE 26 2 1 1 15.0 14.7 15.4 14.8 0.0 9.1 0.0 0.0 33.3 0.0 10.0 42.9 25.0 0.0 0.0 0.0 20.0 0.0 12.5
371 Doug McDermott IND 32 55 16 39 809.0 14.7 15.0 16.3 38.3 31.6 4.6 6.0 5.6 8.3 7.7 12.7 11.6 12.5 2.1 9.4 18.0 4.4 16.4
372 Killian Hayes DET 22 42 7 35 1008.0 14.7 13.3 15.3 10.1 11.9 10.8 12.4 5.6 15.8 13.6 34.7 15.7 28.8 18.9 9.8 17.2 14.5 12.6
373 Damian Jones CLE 28 32 21 11 241.0 14.6 19.8 15.1 3.6 6.1 30.4 23.3 39.1 24.5 27.8 11.9 15.9 26.9 60.0 15.8 29.4 23.5 19.2
374 Cedi Osman SAS 28 67 14 53 1160.0 14.6 16.6 15.9 24.8 22.6 9.1 10.4 9.5 18.7 16.5 15.6 12.8 19.8 7.8 14.0 20.0 15.0 16.5
375 Mason Plumlee LAC 34 36 22 14 530.0 14.5 15.0 12.3 0.0 0.3 28.0 31.6 49.5 39.1 41.4 14.4 17.8 13.3 24.5 16.4 25.1 30.8 15.4
376 Neemias Queta BOS 24 26 22 4 296.0 14.5 18.1 14.6 0.0 0.0 17.5 19.4 48.4 28.9 35.0 8.4 13.7 25.6 48.4 34.6 39.0 19.6 15.4
377 Orlando Robinson MIA 23 31 17 14 297.0 14.5 14.8 14.1 9.0 7.3 16.7 18.0 42.2 27.9 31.3 21.1 16.8 17.9 47.1 20.6 28.7 19.5 14.4
378 Derrick Jones Jr. DAL 27 65 38 27 1528.0 14.5 15.3 14.8 16.6 16.4 15.3 16.5 22.7 14.2 16.2 7.7 13.9 20.9 24.8 15.8 17.6 16.4 15.5
379 Daniel Gafford DAL 25 63 21 42 1560.0 14.5 19.8 13.6 0.0 0.0 24.1 26.5 55.7 29.9 35.8 9.5 14.7 23.2 57.4 18.8 31.2 25.8 18.4
380 Charlie Brown Jr. NYK 27 8 2 6 37.0 14.5 6.9 14.9 20.0 23.3 0.0 0.0 10.0 3.8 5.6 0.0 16.7 0.0 40.0 100 33.3 9.1 7.9
381 Xavier Tillman BOS 25 45 24 21 871.0 14.4 14.9 15.3 5.8 9.2 7.7 13.5 32.8 22.5 25.2 14.6 12.5 28.3 33.9 21.0 20.6 12.4 12.6
382 Isaiah Stewart DET 22 46 9 37 1423.0 14.3 15.0 14.8 21.5 19.7 12.9 13.6 22.4 22.8 22.7 9.2 13.9 9.6 24.7 9.6 15.8 16.1 15.3
383 Johnny Juzang UTA 23 11 3 8 151.0 14.3 16.3 16.7 31.8 27.7 0.0 0.0 5.9 12.0 10.6 6.3 10.0 0.0 0.0 22.2 21.1 4.2 16.2
384 Olivier-Maxence Prosper DAL 21 34 20 14 261.0 14.3 12.0 14.8 11.8 16.6 24.7 24.1 23.7 23.5 23.6 14.5 7.1 14.7 15.8 17.9 17.9 19.3 14.0
385 Andrew Funk CHI 24 2 1 1 3.0 14.3 0.0 16.7 0.0 0.0 0.0 0.0 0.0 0.0 0.0 0.0 0.0 0.0 0.0 100 0.0 0.0 0.0
385 JD Davison BOS 21 6 6 0 11.0 14.3 22.2 17.6 50.0 30.0 40.0 25.0 25.0 20.0 21.4 14.3 0.0 0.0 0.0 0.0 20.0 25.0 29.6
385 Pete Nance CLE 24 3 1 2 7.0 14.3 0.0 22.2 0.0 0.0 0.0 0.0 0.0 20.0 20.0 0.0 0.0 0.0 0.0 0.0 0.0 0.0 0.0
388 Patrick Beverley MIL 35 66 40 26 1291.0 14.2 13.1 14.4 18.1 18.6 12.2 12.3 14.3 18.5 17.5 31.3 19.1 17.0 19.5 8.1 21.1 15.6 13.4
389 Dominick Barlow SAS 20 31 5 26 399.0 14.2 15.9 14.4 2.9 3.1 20.1 23.1 41.9 24.8 29.8 15.8 7.4 19.7 31.8 14.6 30.2 20.9 15.1
390 Chris Duarte SAC 26 50 30 20 655.0 14.2 13.2 15.3 21.6 20.7 13.1 12.0 14.5 16.9 16.3 12.0 11.8 25.0 13.0 14.9 27.5 18.0 14.2
391 Rayan Rupert POR 19 28 5 23 285.0 14.1 12.2 14.3 14.5 14.7 15.5 14.5 18.4 19.5 19.2 20.4 15.5 10.2 4.5 17.8 19.7 11.9 12.9
392 Herbert Jones NOP 25 65 41 24 1931.0 14.1 14.5 14.1 20.9 18.6 16.3 14.7 16.7 11.9 13.0 14.8 15.4 26.7 25.6 17.3 24.3 16.0 15.4
393 Richaun Holmes WAS 30 38 12 26 511.0 14.1 16.9 13.9 0.9 0.6 18.1 18.3 48.9 29.1 34.7 8.6 14.8 13.3 45.0 23.8 30.3 16.0 15.5
394 Blake Wesley SAS 21 50 12 38 669.0 14.1 14.2 13.0 4.8 8.0 18.0 20.3 9.8 11.3 10.9 32.7 20.7 24.8 11.3 13.9 27.3 15.8 13.8
395 Ashton Hagans POR 24 14 2 12 237.0 14.0 10.6 11.8 10.6 11.1 11.9 11.4 12.5 17.7 16.0 36.6 27.7 25.7 32.1 18.9 26.6 14.1 10.8
396 Malik Beasley MIL 27 68 43 25 2014.0 14.0 14.9 16.2 31.4 28.0 2.8 3.2 10.3 14.5 13.6 8.3 9.3 19.4 3.0 14.5 18.5 4.5 15.1
397 Garrett Temple TOR 37 18 4 14 98.0 14.0 13.4 14.2 20.8 17.8 21.2 19.5 22.7 21.3 21.7 18.2 12.8 22.7 20.0 13.3 26.5 22.6 15.4
398 Davion Mitchell SAC 25 60 36 24 827.0 14.0 14.5 15.2 17.1 17.2 8.2 8.3 7.1 9.7 9.1 21.5 14.6 11.6 4.8 14.0 19.9 11.6 14.0
399 Gui Santos GSW 21 18 12 6 151.0 14.0 13.9 13.5 18.4 14.6 26.4 22.1 30.6 22.7 24.9 12.8 14.3 16.7 10.0 22.2 26.5 17.2 16.2
400 Grayson Allen PHX 28 65 39 26 2189.0 13.9 14.7 14.6 30.8 25.6 12.9 11.7 8.8 13.3 12.3 15.9 13.2 18.5 16.2 9.9 17.1 13.4 16.2
401 Bilal Coulibaly WAS 19 63 11 52 1715.0 13.9 12.8 13.6 15.0 14.9 15.7 16.8 17.4 18.8 18.5 11.4 16.8 19.1 25.7 21.5 19.1 15.3 13.4
402 Robin Lopez MIL 35 16 10 6 65.0 13.9 13.2 16.2 9.5 13.6 20.0 13.3 23.1 5.0 9.4 13.8 8.3 10.0 75.0 16.7 24.1 28.6 13.1
403 Jeremiah Robinson-Earl NOP 23 32 18 14 303.0 13.9 16.5 15.5 18.2 17.1 10.3 9.5 24.4 21.3 22.2 13.1 11.4 23.3 17.4 11.5 18.7 10.2 15.6
404 Sam Hauser BOS 26 68 55 13 1453.0 13.9 15.9 16.1 30.6 27.1 3.1 2.8 10.9 17.9 16.2 8.0 8.4 16.1 10.5 8.2 16.6 3.0 16.4
405 MarJon Beauchamp MIL 23 46 30 16 593.0 13.8 14.2 14.6 16.9 16.7 8.4 9.6 20.4 18.3 18.7 9.7 15.3 12.5 10.5 22.9 19.1 8.8 13.6
406 Kyle Anderson MIN 30 68 48 20 1554.0 13.8 13.6 13.6 2.4 4.0 13.5 15.0 18.3 17.4 17.6 34.7 17.6 21.3 17.5 11.7 16.9 13.1 12.4
407 Trevelin Queen ORL 27 13 5 8 163.0 13.8 11.5 14.9 5.7 13.3 15.0 14.1 11.1 15.2 14.4 21.4 12.7 23.3 29.4 0.0 20.8 17.5 11.2
408 Bryce McGowens CHA 21 50 9 41 789.0 13.8 13.9 13.9 16.0 16.9 20.1 21.6 11.5 15.2 14.4 12.1 11.5 19.4 9.5 17.7 22.8 21.8 15.1
409 Nickeil Alexander-Walker MIN 25 71 49 22 1678.0 13.8 13.6 15.3 22.6 23.6 7.1 7.0 10.4 9.6 9.8 19.5 13.6 20.8 17.1 16.0 18.4 10.8 13.7
410 Isaac Okoro CLE 23 62 37 25 1711.0 13.8 14.7 14.3 15.9 14.8 15.8 17.3 17.5 10.8 12.3 12.3 11.4 21.3 18.8 19.8 20.4 16.1 15.0
411 Taylor Hendricks UTA 20 29 11 18 561.0 13.7 14.2 15.2 21.4 22.5 8.8 9.3 24.8 23.0 23.5 5.2 10.4 21.5 35.5 11.9 26.1 7.2 14.2
412 Julian Champagnie SAS 22 63 12 51 1119.0 13.7 12.0 14.5 25.8 25.8 14.0 14.0 13.9 16.4 15.8 11.1 11.9 20.4 19.4 14.3 17.3 11.6 13.9
413 Trey Jemison MEM 24 17 3 14 329.0 13.7 17.6 13.5 0.0 0.0 12.6 11.6 43.2 16.8 24.1 8.2 16.3 11.3 48.4 25.0 37.9 16.9 14.7
414 Trey Lyles SAC 28 49 29 20 968.0 13.7 13.4 14.6 22.6 22.9 12.7 13.5 22.4 24.7 24.2 9.9 11.1 10.7 14.7 9.7 18.2 14.3 14.5
415 Kris Murray POR 23 51 10 41 970.0 13.6 13.5 14.5 15.0 18.6 7.7 9.4 19.3 17.2 17.9 13.3 12.2 27.4 17.0 17.1 16.4 10.8 12.8
416 Mike Muscala OKC 32 44 12 32 533.0 13.6 11.4 14.6 16.9 20.8 10.2 11.0 30.8 21.0 23.3 11.5 11.8 11.3 27.3 17.5 22.7 13.2 12.0
417 Jock Landale HOU 28 44 22 22 486.0 13.5 14.0 13.8 3.6 7.0 18.5 16.6 44.1 14.3 22.8 17.8 12.6 13.8 43.3 24.6 24.3 17.3 13.5
418 Chris Livingston MIL 20 17 11 6 72.0 13.5 12.1 14.4 4.5 7.8 12.5 9.5 16.7 26.5 24.6 12.8 17.4 25.0 0.0 27.3 22.9 7.1 11.2
419 Royce O'Neale PHX 30 68 31 37 1695.0 13.5 12.7 15.0 26.8 27.2 3.4 3.9 12.6 23.0 20.3 20.4 13.2 18.1 19.6 9.4 22.1 6.3 13.1
420 Jalen Wilson BKN 23 32 8 24 440.0 13.5 13.1 14.3 14.0 14.7 18.6 16.0 26.3 19.0 21.5 14.3 10.9 12.1 2.8 13.7 21.3 12.1 13.9
421 Matt Hurt MEM 23 8 2 6 113.0 13.4 15.6 17.4 20.0 23.5 5.9 4.3 25.7 10.0 15.2 9.8 4.4 16.7 25.0 10.0 21.6 9.6 13.9
422 Drew Eubanks PHX 27 65 36 29 1013.0 13.4 17.1 12.7 1.4 0.5 15.7 17.2 41.4 27.5 30.8 10.8 17.4 16.9 37.8 20.6 25.9 18.2 15.4
423 Onyeka Okongwu ATL 23 55 23 32 1405.0 13.4 17.7 13.7 5.5 6.0 14.6 15.2 44.8 25.2 30.3 9.6 11.7 11.6 50.4 16.7 29.2 14.7 15.7
424 Dorian Finney-Smith BKN 30 61 23 38 1730.0 13.3 13.6 14.7 21.4 22.2 5.3 5.3 26.0 15.7 18.2 10.4 11.8 20.5 19.6 11.2 21.8 6.5 13.5
425 Onuralp Bitim CHI 24 15 7 8 215.0 13.3 15.1 15.3 19.6 22.5 4.1 4.3 10.7 15.8 14.4 9.2 10.9 9.4 13.3 16.0 23.4 7.9 13.9
426 Toumani Camara POR 23 68 19 49 1674.0 13.3 13.7 13.4 13.4 14.2 12.4 13.0 27.8 18.4 21.3 10.6 14.4 22.6 21.7 11.1 24.0 17.4 13.5
427 Kendall Brown IND 20 10 6 4 36.0 13.3 19.2 13.8 0.0 5.3 36.4 37.5 11.8 4.2 7.3 23.5 5.6 0.0 0.0 0.0 26.7 36.4 21.5
428 Josh Hart NYK 29 69 41 28 2249.0 13.3 12.6 13.7 11.8 13.9 8.8 9.0 16.3 29.4 25.5 23.0 15.1 17.9 11.1 16.7 17.6 11.4 11.9
429 Jacob Toppin NYK 23 9 2 7 38.0 13.3 19.2 14.1 10.0 14.8 16.7 14.3 60.0 20.0 28.0 20.0 8.3 0.0 50.0 25.0 23.1 7.1 17.6
430 Ochai Agbaji TOR 23 70 29 41 1422.0 13.2 13.1 14.7 16.7 19.0 5.5 6.6 18.8 12.9 14.4 8.7 11.8 22.0 20.6 20.8 18.0 7.1 12.3
431 Noah Clowney BKN 19 12 4 8 102.0 13.2 15.3 12.9 6.9 11.8 15.8 14.0 29.2 24.1 25.6 15.5 16.7 11.8 14.3 9.5 18.8 17.9 14.3
432 Terance Mann LAC 27 63 40 23 1610.0 13.2 14.4 14.5 14.7 16.1 10.5 10.5 21.9 12.3 14.5 12.5 8.8 15.7 9.9 18.5 20.4 11.0 13.8
433 Kris Dunn UTA 30 62 25 37 1154.0 13.2 12.5 12.9 11.4 11.2 4.5 5.6 15.1 15.5 15.4 33.3 20.7 35.2 21.2 10.8 25.5 6.9 11.3
434 Taurean Prince LAL 30 67 36 31 1878.0 13.1 13.2 14.6 26.8 26.5 5.6 6.0 5.0 13.8 12.1 9.7 11.6 18.6 15.3 10.9 21.7 7.4 13.4
435 Nick Richards CHA 26 60 12 48 1600.0 13.1 17.7 11.8 0.0 0.1 26.0 27.7 49.8 33.2 37.2 6.4 13.8 10.3 45.2 19.1 27.3 24.7 17.0
436 Delon Wright MIA 31 41 11 30 616.0 13.1 11.9 14.3 11.1 12.0 14.6 14.0 12.9 14.3 14.0 29.6 6.9 41.2 17.0 12.2 11.2 15.3 12.2
437 Tosan Evbuomwan DET 23 11 0 11 198.0 13.1 14.6 13.5 15.6 14.9 14.5 16.5 24.4 20.6 21.6 8.0 9.5 8.7 15.4 13.6 17.7 18.5 14.7
438 Kyle Lowry PHI 38 51 26 25 1443.0 13.0 12.2 13.1 21.6 21.1 9.7 9.4 10.3 15.3 14.0 28.7 17.9 23.2 15.3 9.9 21.2 15.6 12.9
439 Oshae Brissett BOS 25 47 40 7 550.0 13.0 12.1 12.4 7.5 9.9 23.8 27.7 32.1 21.4 24.4 11.6 10.2 20.0 8.5 13.0 22.4 22.5 13.0
440 Kessler Edwards SAC 23 44 27 17 216.0 12.9 15.7 16.5 28.6 24.5 6.2 6.5 12.1 19.5 17.4 10.3 3.0 18.9 18.2 23.8 25.6 13.8 15.7
441 Jaylin Williams OKC 21 57 40 17 707.0 12.9 11.6 14.1 19.3 21.3 8.5 8.8 21.8 31.9 29.7 19.4 11.0 18.0 29.6 12.3 27.4 15.4 12.1
442 Yuta Watanabe MEM 29 34 18 16 464.0 12.9 10.9 14.0 21.2 25.4 5.9 7.9 11.2 14.1 13.4 6.6 12.7 16.7 11.3 10.7 21.8 7.3 11.2
443 Max Christie LAL 21 57 31 26 890.0 12.9 12.2 14.0 18.6 19.4 9.5 9.4 9.6 17.4 16.1 11.0 13.0 14.3 15.2 22.7 18.2 7.4 12.4
444 Olivier Sarr OKC 25 14 7 7 95.0 12.9 14.3 11.7 6.5 8.0 32.3 39.5 43.5 33.3 35.7 4.7 8.6 0.0 53.8 0.0 56.3 33.3 15.7
445 Tristan Thompson CLE 33 41 25 16 510.0 12.9 16.0 11.8 0.0 0.2 8.6 18.1 53.1 25.3 32.5 16.5 18.0 16.9 37.8 23.7 25.8 23.2 12.8
446 Dylan Windler ATL 27 13 7 6 59.0 12.9 12.7 15.2 35.3 31.1 0.0 0.0 11.1 18.2 17.0 23.1 6.7 11.1 0.0 0.0 23.8 7.1 14.1
447 Dalen Terry CHI 21 48 22 26 502.0 12.9 10.8 12.4 14.0 18.9 11.9 13.9 14.6 19.9 18.3 24.5 17.6 23.1 17.3 8.0 26.6 12.8 11.2
448 Josh Green DAL 23 54 31 23 1436.0 12.9 13.4 13.4 15.6 15.2 7.4 8.3 13.8 14.2 14.1 15.9 15.3 21.7 7.0 24.0 17.7 11.7 12.8
449 Thaddeus Young PHX 35 28 8 20 389.0 12.9 17.1 13.9 1.0 2.5 3.6 7.6 42.2 21.4 27.2 22.2 13.1 30.3 14.7 20.8 29.8 9.0 13.5
450 Chuma Okeke ORL 25 42 21 21 413.0 12.8 13.4 15.1 20.7 23.4 1.4 2.5 17.3 21.1 20.1 10.7 11.0 15.8 16.3 6.3 11.0 2.0 12.3
451 Keyontae Johnson OKC 23 9 7 2 66.0 12.8 9.6 14.0 6.7 6.8 0.0 0.0 28.6 11.8 15.4 12.9 13.8 10.0 0.0 33.3 27.8 0.0 7.9
452 Keita Bates-Diop BKN 28 53 29 24 665.0 12.8 13.7 14.8 14.2 16.6 10.8 11.3 21.7 18.1 19.0 11.3 7.2 27.5 22.4 21.3 14.0 9.1 13.2
453 Dru Smith MIA 26 9 7 2 131.0 12.8 16.7 14.1 25.9 18.5 3.5 3.2 20.7 9.9 12.7 28.0 13.5 34.6 23.1 8.3 25.5 10.3 14.8
454 Walker Kessler UTA 22 59 26 33 1395.0 12.7 18.3 13.0 1.2 1.9 9.4 13.0 45.0 30.2 34.0 7.1 13.1 14.4 72.9 16.8 25.4 14.2 15.0
455 KJ Martin PHI 23 54 28 26 638.0 12.7 14.8 13.1 5.4 6.0 9.2 12.5 20.7 19.9 20.1 12.8 14.1 16.9 11.1 24.7 30.4 11.1 13.0
456 Goga Bitadze ORL 24 56 31 25 924.0 12.7 15.7 12.0 1.0 2.2 15.2 17.1 45.7 26.6 31.8 17.8 14.4 20.4 54.2 15.6 26.2 18.8 14.2
457 Cam Reddish LAL 24 42 24 18 928.0 12.6 10.7 13.3 17.0 18.1 11.6 11.7 13.8 10.7 11.3 8.9 10.9 26.9 11.3 20.0 19.1 11.6 11.5
458 Ben Simmons BKN 27 15 7 8 359.0 12.6 13.3 10.6 0.0 0.0 7.5 13.8 37.8 33.5 34.5 38.9 29.3 22.2 26.5 10.3 28.1 18.4 11.1
459 Gary Payton II GSW 31 35 19 16 531.0 12.6 15.5 13.7 9.7 9.9 5.4 6.9 27.6 15.2 18.9 12.9 13.5 27.2 20.8 17.2 25.7 9.8 13.2
460 Dereck Lively II DAL 20 51 31 20 1217.0 12.6 18.3 12.3 0.0 0.2 9.6 14.1 52.0 25.9 31.9 8.2 16.6 19.8 50.7 17.1 32.5 14.7 14.8
461 Furkan Korkmaz PHI 26 35 22 13 300.0 12.6 11.5 14.2 19.4 19.8 8.4 9.4 5.6 14.2 11.8 15.8 10.5 21.2 10.7 6.9 12.5 10.5 11.6
462 Kenrich Williams OKC 29 57 41 16 814.0 12.5 13.4 14.7 19.4 20.1 1.6 3.1 28.3 21.7 23.3 16.8 9.3 20.6 6.4 15.6 23.9 8.8 12.2
463 Kentavious Caldwell-Pope DEN 31 65 47 18 2070.0 12.5 11.4 13.2 20.0 19.8 13.3 11.1 5.8 8.8 8.1 11.5 12.3 28.3 16.7 7.2 17.9 11.1 12.5
464 Cason Wallace OKC 20 70 49 21 1443.0 12.5 14.2 14.2 21.0 19.9 5.2 5.5 17.8 12.1 13.4 12.7 9.0 21.1 15.4 11.7 19.0 6.6 13.7
465 Nassir Little PHX 24 39 24 15 438.0 12.5 14.7 14.5 21.3 22.5 9.9 9.3 13.1 19.0 17.4 9.8 8.8 13.5 14.1 13.0 20.5 11.0 14.4
466 D.J. Carton TOR 23 4 2 2 36.0 12.5 13.0 12.9 20.0 15.4 26.7 31.3 33.3 9.5 14.8 21.4 7.7 20.0 0.0 0.0 17.6 25.0 16.7
466 Isaiah Mobley CLE 24 6 1 5 51.0 12.5 11.9 14.8 11.1 16.7 0.0 0.0 0.0 18.8 14.6 22.2 7.1 16.7 0.0 0.0 35.7 0.0 11.0
468 Josh Okogie PHX 25 55 34 21 935.0 12.4 10.7 12.3 12.1 14.4 16.6 18.1 32.1 12.2 17.5 13.3 10.9 28.7 19.1 16.8 18.1 21.8 12.0
469 Ben Sheppard IND 22 47 25 22 614.0 12.4 11.5 14.1 23.8 26.4 9.2 8.4 7.0 14.6 12.6 10.2 6.8 21.2 2.9 13.4 23.9 7.1 12.4
470 Torrey Craig CHI 33 42 17 25 873.0 12.4 12.6 13.0 25.9 22.4 8.3 8.9 28.6 21.4 23.4 11.3 13.5 16.9 24.3 9.3 27.0 8.8 13.3
471 Johnny Davis WAS 22 40 6 34 432.0 12.4 11.2 14.0 6.1 8.9 6.7 8.4 15.8 13.7 14.3 8.7 6.6 17.8 15.6 11.0 20.0 9.1 10.1
472 Caleb Houstan ORL 21 54 29 25 756.0 12.3 12.1 14.4 34.4 31.4 7.5 6.9 14.2 10.3 11.4 7.6 7.3 13.8 3.9 1.7 18.5 5.5 14.0
473 Thanasis Antetokounmpo MIL 31 29 19 10 136.0 12.3 12.0 11.6 0.0 0.9 0.0 5.1 28.6 6.5 10.6 19.7 20.7 21.7 30.8 23.1 37.7 15.6 9.0
474 Alex Len SAC 30 36 19 17 324.0 12.3 13.3 10.6 0.0 1.1 15.5 19.7 43.4 26.1 30.6 17.3 23.5 20.4 56.1 25.7 30.1 17.7 11.8
475 Dyson Daniels NOP 21 52 30 22 1139.0 12.3 11.1 12.4 11.1 14.4 7.0 8.5 19.0 18.2 18.4 21.9 17.5 34.4 19.1 10.6 18.6 8.1 10.4
476 Anthony Black ORL 20 63 36 27 1107.0 12.3 11.9 12.1 14.4 13.1 11.1 13.4 13.3 14.2 14.0 16.0 13.7 18.7 14.1 13.8 23.3 16.0 12.0
477 Maozinha Pereira MEM 23 2 1 1 19.0 12.2 10.0 13.9 0.0 15.4 0.0 0.0 0.0 14.3 11.5 0.0 16.7 14.3 0.0 33.3 18.2 0.0 6.3
477 Robert Williams III POR 26 6 2 4 119.0 12.2 18.1 11.6 0.0 0.0 15.6 15.0 32.4 34.6 33.9 10.0 21.2 31.8 46.7 19.0 30.9 16.3 16.0
479 Jaxson Hayes LAL 23 60 34 26 701.0 12.2 16.2 11.5 0.0 1.7 18.7 21.6 47.1 22.1 26.9 6.5 14.2 26.5 39.0 20.6 38.5 25.6 14.7
480 Dereon Seabron NOP 23 6 3 3 55.0 12.2 8.5 14.1 6.3 6.9 17.2 18.2 10.0 12.5 12.1 16.7 0.0 33.3 16.7 20.0 15.4 14.3 10.1
481 Isaiah Livers WAS 25 23 1 22 469.0 12.2 10.2 13.6 19.1 22.8 6.8 7.6 15.2 11.5 12.5 10.2 10.5 19.1 13.5 14.8 20.2 7.9 10.6
482 Jeff Dowtin Jr. PHI 26 6 1 5 81.0 12.2 15.5 12.5 31.8 23.3 8.3 6.1 4.2 17.0 13.0 34.0 16.7 36.4 9.1 5.3 0.0 7.7 16.5
483 Jordan McLaughlin MIN 27 45 28 17 464.0 12.1 13.2 13.2 24.8 19.8 6.6 7.0 17.5 13.5 14.3 29.8 12.5 32.3 13.2 11.1 13.8 12.4 13.9
484 Mason Jones SAC 25 1 0 1 13.0 12.1 0.0 11.5 0.0 22.2 33.3 40.0 20.0 27.3 25.0 66.7 0.0 0.0 0.0 33.3 0.0 40.0 3.7
485 Haywood Highsmith MIA 27 55 32 23 1066.0 12.1 13.0 13.7 21.6 20.2 5.3 6.0 22.4 14.3 16.1 9.9 8.9 24.9 31.6 11.9 25.5 8.1 12.6
486 Julian Phillips CHI 20 40 20 20 323.0 12.1 11.3 12.9 15.6 18.6 11.2 11.5 13.5 11.3 11.9 7.5 11.6 12.3 16.7 15.9 26.3 14.3 11.8
487 Gary Harris ORL 29 46 31 15 1057.0 12.0 12.9 13.8 26.7 25.1 7.1 7.4 9.9 7.7 8.2 13.2 8.3 22.0 11.7 4.8 16.5 7.0 13.2
488 Udoka Azubuike PHX 24 14 10 4 107.0 11.9 17.4 11.7 0.0 0.0 6.7 16.2 39.3 29.2 32.0 7.3 12.5 8.3 30.0 16.7 39.5 17.0 14.1
489 Ish Smith CHA 35 43 6 37 741.0 11.9 10.9 11.5 2.6 1.7 1.5 1.5 7.5 13.8 12.3 38.0 23.0 18.9 5.4 8.3 17.4 5.4 8.8
490 Cody Zeller NOP 31 40 24 16 304.0 11.8 9.1 10.1 1.2 1.3 17.3 21.3 49.0 29.7 35.7 21.6 18.3 14.5 31.3 25.0 32.1 28.7 9.7
491 Al Horford BOS 37 58 46 12 1568.0 11.7 13.3 12.9 17.2 16.4 4.6 4.2 24.2 25.6 25.3 18.0 11.1 16.9 26.3 8.7 16.9 4.6 12.6
492 Trent Forrest ATL 25 32 15 17 352.0 11.6 9.7 11.7 2.4 3.6 10.8 10.9 10.7 15.9 14.5 38.9 15.5 18.5 5.6 8.3 21.2 11.7 9.0
493 Danuel House Jr. PHI 30 34 21 13 509.0 11.6 11.2 11.2 16.5 17.3 13.6 15.1 13.3 12.2 12.5 12.6 14.6 13.8 10.6 11.1 18.4 16.7 12.2
494 Keon Ellis SAC 24 45 28 17 656.0 11.6 11.3 12.2 20.6 20.4 6.3 7.7 13.2 12.3 12.5 14.9 13.2 32.5 31.9 6.1 27.8 12.8 11.8
495 Gabe Vincent LAL 27 5 2 3 127.0 11.5 12.1 14.3 8.7 20.0 1.9 2.9 8.7 3.2 4.3 24.2 4.9 25.0 0.0 9.1 25.0 5.0 9.8
496 Jacob Gilyard BKN 25 37 10 27 654.0 11.5 12.0 12.2 23.9 20.7 1.0 0.8 6.1 9.3 8.4 35.9 15.6 27.0 7.5 5.1 13.5 6.3 12.2
497 Amir Coffey LAC 26 58 39 19 1132.0 11.4 12.9 12.5 17.2 16.0 10.7 10.1 8.3 12.4 11.4 10.1 8.4 18.3 7.1 10.7 17.8 9.7 13.0
498 Jae'Sean Tate HOU 28 60 29 31 988.0 11.3 12.4 12.0 8.2 9.7 6.8 7.8 25.1 18.4 20.0 12.9 12.0 21.4 15.7 14.3 30.0 13.4 11.0
499 Jason Preston UTA 24 4 1 3 30.0 11.3 6.5 10.2 0.0 0.0 0.0 0.0 42.9 16.7 22.6 35.0 28.6 20.0 0.0 0.0 9.1 0.0 5.1
500 James Johnson IND 37 7 3 4 35.0 11.2 5.7 8.7 0.0 4.3 18.2 13.3 9.1 21.4 16.0 25.0 33.3 35.7 100 33.3 63.6 9.1 6.7
501 Joe Ingles ORL 36 57 37 20 972.0 11.2 9.6 11.4 26.4 23.1 5.8 5.4 9.5 16.9 15.1 30.2 18.2 23.0 4.0 5.8 18.4 5.7 10.5
502 Wesley Matthews ATL 37 30 8 22 337.0 11.2 9.8 11.8 20.4 19.1 11.2 12.1 6.3 17.3 14.8 10.7 8.0 23.6 25.6 8.7 23.3 12.9 11.4
503 Jarred Vanderbilt LAL 24 29 14 15 581.0 11.1 11.2 10.8 5.3 7.2 10.9 12.5 35.3 24.1 26.6 10.4 15.2 29.5 8.1 18.8 22.2 16.9 10.5
504 JT Thor CHA 21 52 12 40 645.0 11.1 11.0 12.8 12.5 14.3 3.2 4.8 25.0 17.8 19.7 6.6 7.0 10.4 36.2 21.4 18.9 5.2 10.0
505 Frank Ntilikina CHA 25 5 0 5 43.0 11.1 2.6 11.0 5.6 18.2 14.3 9.1 14.3 15.6 15.4 13.3 12.5 0.0 0.0 0.0 22.2 5.9 4.6
506 Isaiah Hartenstein NYK 25 64 40 24 1598.0 11.0 13.2 10.0 0.2 0.3 14.6 16.1 50.4 29.2 34.9 16.5 16.7 26.8 47.7 13.7 29.3 17.6 12.0
507 Terry Taylor CHI 24 28 11 17 175.0 11.0 12.2 11.5 6.3 8.6 3.8 4.1 41.7 16.4 22.2 9.5 17.1 13.8 11.8 9.1 25.8 3.2 10.6
508 Charles Bassey SAS 23 19 3 16 205.0 11.0 15.8 10.0 0.0 0.6 9.6 9.0 46.0 39.6 41.3 17.4 21.4 25.0 60.7 5.0 37.8 14.1 13.2
509 Jae Crowder MIL 33 40 23 17 953.0 11.0 11.8 12.4 16.3 16.7 5.0 5.3 13.2 17.0 16.2 11.1 7.8 23.1 8.1 9.0 19.1 7.5 11.3
510 Larry Nance Jr. NOP 31 52 31 21 1004.0 11.0 13.5 10.9 8.1 7.3 10.3 10.8 38.1 27.5 29.9 15.5 13.9 27.8 20.2 11.9 21.3 16.4 12.4
511 Luke Kornet BOS 28 53 42 11 828.0 10.9 16.0 10.9 0.0 0.0 16.9 15.9 45.4 20.0 27.0 12.8 9.9 18.6 54.5 14.5 27.7 22.3 13.8
512 Cory Joseph GSW 32 26 10 16 296.0 10.8 8.7 11.5 13.5 17.9 4.0 5.1 7.5 11.7 10.5 24.6 13.5 10.0 10.0 5.1 18.7 7.4 8.7
513 Jordan Walsh BOS 20 6 6 0 40.0 10.8 7.5 10.5 0.0 11.4 0.0 0.0 21.4 29.4 27.1 14.8 18.2 22.2 33.3 0.0 35.3 0.0 5.9
514 Kevon Looney GSW 28 63 34 29 1056.0 10.6 13.0 10.1 0.0 0.1 12.6 15.0 43.0 32.1 35.2 19.9 13.7 18.5 27.5 22.7 32.2 15.2 11.2
515 Juan Toscano-Anderson SAC 30 11 7 4 53.0 10.6 7.5 12.9 7.7 10.0 0.0 0.0 22.2 22.7 22.6 14.3 9.1 16.7 10.0 66.7 42.3 0.0 6.4
516 Matisse Thybulle POR 27 64 18 46 1480.0 10.5 10.4 11.7 21.9 22.2 4.2 4.6 9.3 12.1 11.3 12.3 8.9 40.1 32.7 6.1 14.6 7.3 10.7
517 Bismack Biyombo OKC 31 36 17 19 756.0 10.5 10.4 8.8 0.0 0.0 11.3 17.2 36.1 25.8 28.3 13.2 17.9 11.5 36.5 12.9 27.6 16.1 9.2
518 Sidy Cissoko SAS 19 6 1 5 32.0 10.5 3.7 9.4 0.0 13.8 25.0 19.0 0.0 22.2 16.2 0.0 11.1 37.5 0.0 25.0 18.2 15.4 7.8
519 Joe Harris DET 32 16 4 12 170.0 10.4 9.9 12.6 23.8 25.4 1.5 2.3 7.5 9.6 9.0 11.4 7.3 13.6 8.7 16.7 22.4 5.5 10.0
520 Robert Covington PHI 33 29 20 9 488.0 10.4 10.3 11.2 15.6 17.6 11.1 11.1 26.5 19.8 21.5 9.6 7.7 36.8 32.7 11.5 26.2 10.2 11.0
521 Pat Connaughton MIL 31 65 42 23 1413.0 10.3 10.6 11.2 17.8 17.9 5.6 5.7 16.0 16.9 16.7 16.0 11.0 16.3 12.5 5.7 14.1 8.0 10.6
522 Kobe Brown LAC 24 37 25 12 297.0 10.1 10.4 11.9 16.2 19.6 1.0 1.6 11.9 20.9 18.0 11.6 8.2 17.1 10.0 10.5 30.4 2.7 9.6
523 Dean Wade CLE 27 54 36 18 1108.0 10.1 10.3 11.6 24.8 23.2 5.1 5.0 15.0 22.3 20.6 6.9 6.7 21.5 21.0 2.5 23.9 8.2 11.3
524 Leaky Black CHA 24 22 1 21 218.0 10.1 9.6 9.8 14.3 10.3 13.0 15.7 18.2 20.3 19.8 18.9 8.3 20.8 23.1 22.7 20.0 14.7 10.6
525 Reggie Bullock Jr. HOU 33 32 18 14 309.0 10.0 10.1 11.6 26.9 24.0 1.1 0.8 6.5 22.2 18.2 8.5 8.2 18.4 6.9 2.6 15.2 2.8 10.7
526 Garrison Mathews ATL 27 54 24 30 751.0 10.0 10.6 11.1 26.2 22.0 9.2 9.3 9.6 12.6 11.9 6.7 6.8 13.2 12.7 4.6 29.4 17.5 12.3
527 Jalen Slawson SAC 24 7 5 2 29.0 10.0 13.6 10.2 0.0 11.1 0.0 0.0 10.0 37.5 26.9 12.5 15.4 33.3 33.3 0.0 37.5 0.0 11.5
528 Justin Minaya POR 24 25 2 23 198.0 10.0 6.8 10.5 14.6 18.1 5.9 8.3 20.3 12.6 15.3 11.7 9.2 18.8 42.9 13.0 18.1 9.5 7.4
529 Maxwell Lewis LAL 21 25 12 13 82.0 10.0 6.3 10.0 10.0 8.3 0.0 0.0 7.1 3.4 4.2 15.6 17.9 20.0 0.0 12.5 11.8 4.0 5.1
530 Justin Holiday DEN 34 47 31 16 679.0 9.9 10.9 11.7 25.3 24.0 1.4 1.4 4.3 11.3 9.6 13.2 5.6 22.6 7.2 1.5 20.8 3.3 11.2
531 R.J. Hampton MIA 23 8 3 5 76.0 9.8 6.0 10.1 4.8 13.3 3.1 4.4 14.3 6.5 7.9 20.0 15.8 0.0 0.0 11.1 30.8 3.3 5.3
532 Wendell Moore Jr. MIN 22 17 13 4 50.0 9.6 11.6 10.6 0.0 10.3 0.0 0.0 0.0 17.6 14.0 7.7 13.6 41.7 20.0 0.0 16.0 0.0 9.1
533 John Konchar MEM 28 55 18 37 1174.0 9.6 9.5 9.8 11.1 12.8 5.9 5.3 26.7 24.3 24.9 18.0 12.0 25.8 29.7 8.2 17.0 8.5 9.2
534 Maxi Kleber DAL 32 33 19 14 691.0 9.6 8.2 9.6 10.8 13.3 8.0 9.6 18.4 18.8 18.7 16.0 11.4 14.4 35.1 6.6 26.1 11.9 8.5
535 Andre Jackson Jr. MIL 22 50 31 19 514.0 9.6 10.4 9.6 9.8 9.7 4.1 4.4 38.0 17.7 22.6 17.1 15.6 20.0 8.0 4.8 32.7 5.4 9.4
536 Darius Bazley UTA 23 3 0 3 10.0 9.5 0.0 6.7 0.0 0.0 0.0 0.0 0.0 25.0 20.0 28.6 33.3 0.0 0.0 100 0.0 0.0 0.0
537 Dariq Whitehead BKN 19 2 1 1 24.0 9.4 4.5 10.0 0.0 16.7 8.3 14.3 0.0 28.6 19.0 20.0 0.0 0.0 50.0 14.3 0.0 12.5 4.9
538 Mitchell Robinson NYK 25 21 12 9 613.0 9.3 11.3 8.6 0.0 0.0 6.1 12.2 60.2 25.5 36.4 5.1 12.4 33.7 71.1 15.7 20.2 14.4 9.0
539 Jermaine Samuels Jr. HOU 25 11 6 5 53.0 9.2 16.0 11.3 0.0 6.1 12.5 9.1 18.2 24.3 22.9 8.0 0.0 16.7 20.0 25.0 16.7 17.6 14.6
540 Dwight Powell DAL 32 55 33 22 756.0 9.0 10.1 7.0 0.4 0.3 19.4 21.3 52.2 21.0 28.7 19.1 14.4 20.0 42.2 18.3 33.3 26.9 10.4
541 Micah Potter UTA 25 8 2 6 87.0 9.0 12.9 9.5 31.3 16.4 8.8 7.9 21.1 23.7 23.1 4.9 10.0 0.0 12.5 0.0 14.8 8.3 13.7
542 Vit Krejci ATL 23 10 4 6 228.0 8.8 8.7 9.0 11.1 13.3 6.2 5.6 2.8 8.1 6.3 17.5 11.3 15.0 17.4 4.9 25.9 4.2 8.8
543 Nicolas Batum PHI 35 49 28 21 1213.0 8.4 8.6 8.9 18.0 16.5 2.9 3.4 21.4 17.4 18.4 15.1 11.0 18.4 20.2 0.7 18.9 5.1 8.6
544 Mouhamed Gueye ATL 21 2 2 0 4.0 8.3 0.0 16.7 0.0 33.3 0.0 0.0 0.0 0.0 0.0 0.0 0.0 50.0 0.0 0.0 50.0 0.0 0.0
544 Otto Porter Jr. TOR 30 15 6 9 174.0 8.3 9.2 10.0 18.6 17.7 4.1 3.3 15.0 18.4 17.6 7.7 3.9 14.3 25.0 13.3 27.1 2.8 9.2
546 Ibou Badji POR 21 19 5 14 205.0 7.8 8.3 5.3 0.0 0.0 6.4 9.5 43.2 22.5 27.7 17.3 18.9 9.1 62.5 12.0 42.0 13.9 7.1
547 Taj Gibson DET 38 17 7 10 176.0 7.7 5.5 7.7 2.4 6.3 3.9 3.5 41.7 15.2 19.2 13.0 11.9 12.5 50.0 5.6 38.7 5.0 5.0
548 Ryan Arcidiacono NYK 29 20 15 5 45.0 7.4 0.0 8.0 0.0 15.0 0.0 0.0 0.0 21.6 17.8 22.2 11.8 20.0 0.0 0.0 35.7 22.2 0.0
549 Pat Spencer GSW 27 3 1 2 6.0 7.1 25.0 9.1 0.0 0.0 0.0 0.0 0.0 0.0 0.0 50.0 0.0 0.0 0.0 0.0 0.0 0.0 20.0
550 Nathan Mensah CHA 25 25 3 22 307.0 6.8 5.5 5.2 0.0 0.0 8.9 9.4 50.0 19.4 26.6 7.6 14.4 14.3 50.0 5.3 47.4 16.7 5.5
551 Jericho Sims NYK 25 41 26 15 548.0 6.0 8.7 5.4 0.0 0.0 9.1 10.9 36.1 24.3 27.7 9.4 10.0 11.4 39.5 2.9 23.0 12.4 7.7
552 Marques Bolden CHA 25 4 2 2 16.0 5.3 0.0 3.6 0.0 0.0 0.0 0.0 0.0 23.1 23.1 0.0 25.0 0.0 0.0 0.0 40.0 14.3 0.0
553 P.J. Tucker LAC 38 23 9 14 374.0 5.1 4.3 5.6 9.7 9.9 2.2 1.9 27.4 17.7 20.1 7.2 6.3 17.9 15.2 5.1 28.6 7.0 4.6
554 Danny Green PHI 36 2 1 1 18.0 4.3 0.0 5.7 0.0 7.7 0.0 0.0 0.0 15.4 12.5 7.7 0.0 50.0 0.0 0.0 12.5 0.0 0.0
555 Usman Garuba GSW 22 3 2 1 8.0 4.2 0.0 7.1 0.0 0.0 0.0 0.0 33.3 0.0 16.7 33.3 0.0 100 0.0 33.3 50.0 0.0 0.0
556 D.J. Wilson PHI 28 1 1 0 2.0 0.0 0.0 0.0 0.0 0.0 0.0 0.0 0.0 0.0 0.0 0.0 0.0 0.0 0.0 0.0 0.0 0.0 0.0
556 Javonte Smart PHI 24 1 1 0 1.0 0.0 0.0 0.0 0.0 0.0 0.0 0.0 0.0 0.0 0.0 0.0 0.0 0.0 0.0 0.0 0.0 0.0 0.0
556 Justin Jackson MIN 28 2 2 0 1.0 0.0 0.0 0.0 0.0 0.0 0.0 0.0 0.0 0.0 0.0 0.0 0.0 0.0 0.0 0.0 0.0 0.0 0.0
556 Malcolm Cazalon DET 22 1 0 1 3.0 0.0 0.0 0.0 0.0 0.0 0.0 0.0 0.0 0.0 0.0 0.0 0.0 0.0 0.0 0.0 0.0 0.0 0.0
556 Quenton Jackson IND 25 1 1 0 2.0 0.0 0.0 0.0 0.0 0.0 0.0 0.0 0.0 50.0 50.0 0.0 0.0 0.0 0.0 0.0 0.0 0.0 0.0
556 Ron Harper Jr. TOR 23 1 1 0 4.0 0.0 0.0 0.0 0.0 0.0 0.0 0.0 0.0 0.0 0.0 33.3 0.0 0.0 0.0 0.0 33.3 0.0 0.0
556 Tristan Vukcevic WAS 21 1 1 0 3.0 0.0 0.0 0.0 0.0 0.0 0.0 0.0 0.0 25.0 25.0 0.0 0.0 0.0 0.0 0.0 0.0 0.0 0.0