  PLAYER TEAM AGE GP W L MIN OFFRTG DEFRTG NETRTG AST% AST/TO AST RATIO OREB% DREB% REB% TO RATIO EFG% TS% USG% PACE PIE POSS
1 Buddy Hield PHI 31 77 39 38 26.2 117.5 117.3 0.2 14.6 2.39 20.2 2.6 9.9 6.1 8.5 57.3 58.4 18.4 101.57 8.4 4281
2 Andre Drummond CHI 30 75 36 39 17.0 114.5 113.8 0.7 4.4 0.48 5.6 18.6 32.9 25.5 11.6 55.1 57.1 20.2 97.97 15.2 2608
2 Austin Reaves LAL 25 75 42 33 32.2 114.8 115.5 -0.7 24.3 2.63 27.4 2.2 11.0 6.9 10.4 56.8 61.6 19.8 101.91 10.8 5126
2 Christian Braun DEN 22 75 52 23 19.6 109.2 110.2 -1.0 10.0 2.10 16.6 4.5 12.8 8.7 7.9 52.0 54.9 15.4 98.85 8.1 3006
2 Collin Sexton UTA 25 75 29 46 26.6 117.4 119.8 -2.5 28.2 2.40 22.0 3.3 6.4 4.8 9.2 55.7 61.4 26.5 101.82 12.3 4235
2 Dennis Schroder BKN 30 75 27 48 31.0 112.6 115.9 -3.3 27.6 3.14 29.3 1.4 7.9 4.6 9.3 51.4 55.3 20.2 98.60 9.3 4787
2 Georges Niang CLE 30 75 45 30 22.6 114.7 113.7 1.0 7.6 1.37 12.0 1.3 13.8 7.7 8.7 57.2 58.8 17.3 98.25 7.1 3480
2 Mikal Bridges BKN 27 75 29 46 35.5 111.4 114.4 -3.0 16.2 1.76 15.6 2.3 10.9 6.4 8.8 52.0 56.1 24.2 98.51 10.6 5465
2 Obi Toppin IND 26 75 42 33 21.3 119.4 117.3 2.1 8.5 1.77 15.2 4.8 13.3 9.0 8.5 65.7 67.2 15.5 105.11 9.5 3506
2 Paul Reed PHI 24 75 40 35 19.3 116.2 113.6 2.5 9.1 1.59 15.2 11.8 19.1 15.3 9.6 55.4 57.6 15.5 97.30 10.0 2911
2 Reggie Jackson DEN 33 75 52 23 22.1 112.7 111.2 1.6 24.4 2.99 26.0 1.7 6.4 4.1 8.7 50.7 52.8 20.7 99.34 8.4 3444
12 Bobby Portis MIL 29 74 47 27 24.2 116.4 116.1 0.3 7.1 1.10 8.4 6.7 22.8 14.8 7.6 55.4 57.5 22.1 100.86 11.7 3765
12 Cason Wallace OKC 20 74 52 22 20.6 114.6 110.9 3.7 8.7 2.68 18.6 3.3 7.7 5.6 6.9 61.7 62.6 12.5 101.28 7.1 3219
12 Chet Holmgren OKC 21 74 52 22 29.9 118.5 109.5 9.1 11.4 1.59 14.8 5.5 19.5 12.9 9.3 60.1 63.5 20.7 102.87 13.2 4723
12 Domantas Sabonis SAC 27 74 43 31 35.8 116.7 116.0 0.7 33.4 2.52 31.1 9.5 29.7 19.3 12.3 61.8 64.5 21.8 99.90 16.9 5524
12 Harrison Barnes SAC 31 74 43 31 29.3 114.2 116.5 -2.3 5.3 1.64 10.0 2.6 7.7 5.0 6.1 58.7 62.0 15.3 100.93 7.2 4564
12 Jalen Green HOU 22 74 38 36 31.7 114.1 113.2 1.0 16.6 1.55 14.5 1.5 14.0 7.8 9.3 50.2 54.5 27.1 100.31 11.3 4914
12 Jeremy Sochan SAS 20 74 18 56 29.6 108.1 115.0 -7.0 16.1 1.78 20.3 6.0 15.3 10.6 11.4 48.3 51.3 18.7 101.92 8.2 4648
12 Jonas Valanciunas NOP 31 74 45 29 24.0 117.7 112.9 4.7 12.3 1.57 15.5 10.3 27.0 18.9 9.9 58.8 62.2 20.3 98.66 13.7 3645
12 Michael Porter Jr. DEN 25 74 52 22 31.7 120.1 112.2 7.9 6.4 1.31 9.1 4.3 17.8 11.1 6.9 59.6 61.1 20.0 97.75 10.8 4798
12 Nickeil Alexander-Walker MIN 25 74 51 23 23.5 113.1 106.1 6.9 14.4 2.68 24.7 2.0 6.5 4.3 9.2 55.0 56.7 13.9 99.86 6.7 3630
12 Payton Pritchard BOS 26 74 58 16 21.5 121.7 109.3 12.4 19.2 4.33 27.4 3.9 10.5 7.2 6.3 57.1 58.4 16.0 97.05 9.6 3197
23 Ayo Dosunmu CHI 24 73 36 37 28.8 111.8 115.0 -3.2 15.9 2.49 22.1 2.3 7.2 4.7 8.9 58.2 60.3 16.6 98.15 8.3 4295
23 Cole Anthony ORL 23 73 43 30 22.9 112.3 109.6 2.7 20.1 1.91 19.4 3.8 14.1 9.0 10.2 49.9 54.9 23.2 97.58 11.0 3413
23 Corey Kispert WAS 25 73 14 59 24.7 107.9 118.8 -10.9 10.4 1.49 13.1 1.4 9.1 5.2 8.8 59.6 61.4 19.2 103.65 8.2 3912
23 DeMar DeRozan CHI 34 73 35 38 37.6 113.4 114.5 -1.1 21.7 3.36 19.6 1.5 10.1 5.8 5.8 50.3 58.2 24.8 98.02 12.8 5604
23 Donte DiVincenzo NYK 27 73 44 29 28.0 117.2 113.6 3.6 13.6 1.98 15.7 2.7 10.1 6.3 7.9 57.9 59.1 21.0 97.47 9.8 4139
23 Jordan Poole WAS 24 73 14 59 29.7 108.6 119.7 -11.1 19.7 1.70 18.2 1.3 7.3 4.3 10.7 48.7 52.6 25.5 104.68 7.2 4733
23 Josh Giddey OKC 21 73 52 21 24.8 119.7 111.8 7.9 24.5 2.35 26.1 5.9 18.6 12.6 11.1 52.7 54.8 22.3 102.20 12.2 3871
23 Josh Hart NYK 29 73 43 30 33.0 116.4 110.1 6.3 16.1 2.75 27.7 4.6 20.3 12.3 10.1 48.0 50.8 13.3 96.03 9.7 4820
23 Naz Reid MIN 24 73 51 22 24.0 111.5 104.5 7.0 8.4 1.01 9.6 3.9 16.5 10.4 9.5 57.6 59.6 21.8 99.96 11.5 3651
23 Pascal Siakam IND 29 73 33 40 33.6 117.0 115.2 1.9 19.8 2.51 18.5 5.0 15.9 10.4 7.4 56.9 60.1 24.9 100.85 13.3 5152
23 Peyton Watson DEN 21 73 51 22 18.2 109.3 110.4 -1.1 7.7 1.38 12.7 3.7 11.7 7.9 9.2 51.5 53.9 16.3 98.79 7.4 2717
34 Coby White CHI 24 72 34 38 36.7 114.8 115.5 -0.7 20.9 2.44 21.6 1.6 11.2 6.4 8.9 53.6 57.3 22.4 97.43 10.1 5362
34 Kelly Olynyk TOR 32 72 29 43 22.0 111.4 119.2 -7.8 28.5 2.35 33.2 6.2 16.5 11.4 14.2 61.1 65.5 17.0 101.63 11.4 3358
34 Luguentz Dort OKC 24 72 50 22 28.5 119.8 111.9 7.9 5.9 1.54 12.4 3.6 8.8 6.4 8.0 55.7 59.1 14.8 102.09 5.8 4346
34 Malik Monk SAC 26 72 42 30 26.0 115.1 115.0 0.1 29.0 2.47 24.8 1.4 10.1 5.6 10.0 52.6 56.4 24.7 101.94 11.0 3979
34 Moritz Wagner ORL 26 72 42 30 17.9 114.1 111.1 3.1 11.3 1.02 12.1 8.8 16.9 12.9 11.8 63.3 67.3 21.8 98.87 13.7 2656
34 Nikola Jokic DEN 29 72 50 22 34.5 122.3 110.9 11.4 39.6 3.10 28.1 8.7 27.1 18.2 9.1 60.7 64.7 28.8 97.88 21.1 5080
34 Ochai Agbaji TOR 23 72 29 43 20.2 109.7 117.7 -8.0 6.8 1.33 13.5 4.4 8.4 6.4 10.2 49.1 50.3 13.3 101.22 4.8 3072
34 Paolo Banchero ORL 21 72 42 30 34.8 111.8 111.5 0.3 25.2 1.70 18.5 3.0 17.5 10.0 10.9 50.6 55.1 29.0 98.35 13.5 5130
42 Aaron Holiday HOU 27 71 37 34 16.5 110.3 107.0 3.2 16.0 2.67 22.4 1.6 7.9 4.7 8.4 54.7 57.8 15.8 102.16 8.1 2489
42 Anthony Edwards MIN 22 71 49 22 35.2 116.1 107.8 8.3 23.9 1.65 16.7 1.9 13.4 7.9 10.1 52.4 57.5 31.5 98.10 14.6 5124
42 Bogdan Bogdanovic ATL 31 71 33 38 30.2 117.7 114.6 3.1 14.6 2.29 16.0 2.2 9.4 5.6 7.0 53.8 56.6 21.9 101.32 9.2 4540
42 Brook Lopez MIL 36 71 46 25 30.8 118.2 111.4 6.7 7.1 1.74 13.0 4.6 11.3 8.1 7.5 58.1 60.7 15.1 102.71 8.3 4686
42 Cameron Payne PHI 29 71 39 32 16.4 113.5 115.0 -1.4 22.0 3.08 25.7 1.3 7.1 4.2 8.3 54.7 57.4 19.0 100.28 8.4 2442
42 Cedi Osman SAS 28 71 17 54 17.6 105.9 119.3 -13.4 13.2 2.51 21.0 1.8 12.2 6.8 8.3 58.9 59.9 14.5 104.33 7.6 2722
42 Dejounte Murray ATL 27 71 32 39 35.7 117.4 119.7 -2.3 26.8 2.57 21.9 1.9 13.1 7.2 8.5 53.2 56.0 25.7 101.32 12.4 5351
42 Kyle Anderson MIN 30 71 50 21 22.9 110.3 104.9 5.4 26.3 3.64 36.3 3.6 11.8 7.8 10.0 48.1 52.4 13.8 100.02 10.0 3377
42 Malik Beasley MIL 27 71 44 27 29.9 119.4 111.7 7.7 5.8 1.94 11.9 1.9 9.8 6.0 6.1 61.5 61.9 14.2 102.71 6.8 4542
42 Myles Turner IND 28 71 40 31 27.3 120.0 115.5 4.5 6.4 0.91 7.9 5.6 19.3 12.6 8.7 57.8 61.8 23.3 102.50 11.2 4130
42 Royce O'Neale PHX 30 71 32 39 24.8 113.0 111.2 1.8 15.3 2.96 26.1 3.0 15.3 9.1 8.8 54.4 55.0 13.5 100.90 8.1 3697
42 Sam Hauser BOS 26 71 56 15 21.4 121.0 107.9 13.0 5.9 2.23 11.9 2.5 12.4 7.5 5.3 64.6 65.1 13.9 98.46 8.7 3104
42 Shai Gilgeous-Alexander OKC 25 71 51 20 34.4 120.9 110.5 10.4 29.0 2.87 19.7 2.6 12.8 7.9 6.9 57.1 63.8 31.6 102.24 18.7 5205
42 Taurean Prince LAL 30 71 39 32 27.6 113.7 117.0 -3.4 7.2 1.73 15.1 0.8 9.2 5.1 8.7 56.5 57.7 13.3 102.39 5.4 4179
42 Tim Hardaway Jr. DAL 32 71 44 27 27.5 116.8 116.2 0.6 9.0 1.95 10.6 1.0 10.6 5.8 5.4 51.5 54.8 22.2 102.00 8.5 4155
57 Aaron Wiggins OKC 25 70 50 20 14.8 116.0 110.7 5.3 8.6 1.38 15.1 5.6 9.7 7.8 11.0 66.8 68.3 15.5 100.71 9.3 2151
57 Anthony Davis LAL 31 70 40 30 35.9 116.0 114.5 1.5 15.3 1.73 14.0 9.1 25.1 17.5 8.1 56.6 61.9 25.9 101.98 16.7 5334
57 Grant Williams CHA 25 70 32 38 27.5 110.2 115.6 -5.4 10.1 1.43 16.8 4.0 10.9 7.3 11.8 55.1 57.9 15.4 100.02 6.1 4021
57 Isaiah Joe OKC 24 70 49 21 18.4 117.1 107.9 9.2 8.4 1.98 14.2 2.0 9.8 6.0 7.2 61.0 62.6 15.7 103.45 8.7 2801
57 Jarrett Allen CLE 25 70 43 27 31.6 115.2 110.5 4.6 12.6 1.65 16.1 10.2 23.2 16.9 9.7 63.0 66.2 19.2 98.56 15.0 4521
57 Jeff Green HOU 37 70 36 34 16.6 109.5 111.7 -2.3 7.3 1.32 12.2 3.2 9.5 6.3 9.3 53.0 59.3 15.0 100.57 7.3 2434
57 Jonathan Kuminga GSW 21 70 36 34 26.3 115.0 111.9 3.1 11.8 1.28 12.2 4.7 12.5 8.7 9.5 55.9 59.7 24.0 102.08 10.9 3924
57 Klay Thompson GSW 34 70 36 34 29.6 115.3 116.7 -1.5 10.8 1.50 11.9 1.5 9.3 5.4 7.9 54.2 56.7 23.0 101.88 8.6 4413
57 Malaki Branham SAS 20 70 16 54 20.4 106.7 118.3 -11.7 15.1 1.82 18.2 1.8 7.5 4.6 10.0 49.7 52.0 19.2 103.52 6.3 3088
57 Nikola Vucevic CHI 33 70 34 36 34.2 112.4 115.5 -3.1 15.6 2.08 15.5 8.0 23.0 15.4 7.4 51.9 53.7 23.5 97.43 12.6 4862
57 Norman Powell LAC 30 70 44 26 26.1 118.4 114.2 4.2 5.9 1.21 8.3 0.8 8.7 4.9 6.8 60.3 63.3 19.4 100.21 8.8 3808
57 Toumani Camara POR 23 70 19 51 24.8 106.9 111.5 -4.6 7.2 1.04 13.3 7.3 11.9 9.5 12.9 51.6 54.7 13.4 99.35 6.5 3589
57 Tre Jones SAS 24 70 17 53 27.2 110.9 112.8 -1.8 30.0 4.15 39.0 2.6 9.8 6.2 9.4 56.7 60.5 14.6 102.68 10.9 4074
70 D'Angelo Russell LAL 28 69 41 28 32.4 115.6 114.0 1.7 26.9 3.11 26.9 1.3 7.7 4.7 8.6 56.2 58.9 22.5 102.80 10.4 4803
70 Derrick Jones Jr. DAL 27 69 42 27 23.3 114.5 113.5 1.0 5.4 1.14 10.8 4.4 9.3 6.9 9.5 57.5 60.0 14.5 101.92 7.0 3421
70 Giannis Antetokounmpo MIL 29 69 44 25 35.2 119.7 113.1 6.6 31.0 1.87 19.3 7.7 23.6 15.9 10.3 62.8 65.2 32.1 102.34 19.8 5175
70 Jaden Ivey DET 22 69 13 56 28.6 110.8 118.4 -7.5 18.8 1.51 18.3 4.1 8.1 6.1 12.1 49.2 53.8 24.0 101.85 7.5 4198
70 Jalen Brunson NYK 27 69 43 26 35.1 121.0 112.7 8.3 30.5 2.72 20.3 1.5 8.8 5.1 7.5 54.3 58.9 30.5 96.85 15.1 4900
70 Jayson Tatum BOS 26 69 54 15 35.9 122.3 110.4 11.9 20.9 1.92 16.5 2.6 18.9 11.1 8.6 55.4 60.6 29.7 98.82 15.6 5106
70 Jusuf Nurkic PHX 29 69 42 27 27.1 120.5 112.2 8.3 17.8 1.65 23.4 11.4 28.2 20.2 14.2 53.3 56.1 19.1 100.03 11.9 3901
70 Keegan Murray SAC 23 69 40 29 33.3 116.6 114.0 2.6 6.7 1.98 10.7 3.8 12.8 8.1 5.4 55.5 57.6 17.6 100.20 8.1 4789
70 Kentavious Caldwell-Pope DEN 31 69 49 20 31.8 122.3 111.3 11.0 9.1 2.43 20.9 1.4 6.2 3.9 8.6 56.0 60.0 12.5 97.75 6.2 4475
70 Kyle Kuzma WAS 28 69 13 56 32.5 109.8 120.8 -11.1 20.3 1.56 15.6 2.7 16.7 9.7 10.0 52.1 54.8 29.7 103.51 11.4 4828
70 Mike Conley MIN 36 69 49 20 28.9 113.9 107.3 6.7 29.4 5.15 37.2 1.7 8.0 5.0 7.2 59.1 62.2 15.4 97.32 11.6 4055
70 Spencer Dinwiddie LAL 30 69 33 36 28.9 116.5 115.5 1.0 22.7 3.99 30.7 1.4 7.6 4.5 7.7 48.0 53.2 16.5 100.17 7.5 4155
82 Aaron Gordon DEN 28 68 46 22 31.5 119.6 111.4 8.2 14.1 2.28 20.7 7.9 13.1 10.6 9.1 57.9 60.1 17.5 97.97 10.1 4386
82 Damian Lillard MIL 33 68 46 22 35.3 119.9 112.4 7.5 28.5 2.77 23.5 1.4 10.2 6.0 8.5 51.3 59.1 27.2 102.51 13.3 5131
82 Deni Avdija WAS 23 68 13 55 29.6 109.1 116.6 -7.5 17.7 1.82 21.4 3.8 19.4 11.7 11.8 56.2 59.6 19.4 104.98 10.9 4398
82 Derrick White BOS 29 68 55 13 32.7 122.9 109.3 13.6 20.9 3.32 26.9 2.2 10.1 6.4 8.1 58.3 61.6 18.5 99.81 10.8 4623
82 Devin Vassell SAS 23 68 17 51 33.1 108.5 114.6 -6.0 19.2 2.56 18.3 1.2 10.2 5.6 7.1 55.0 57.8 22.9 102.42 11.2 4795
82 Drew Eubanks PHX 27 68 37 31 15.7 108.9 112.5 -3.6 7.9 0.98 15.0 9.0 17.2 13.3 15.2 63.0 66.5 13.1 99.81 10.2 2217
82 Grayson Allen PHX 28 68 40 28 33.6 119.4 115.2 4.2 12.0 2.45 22.1 2.0 9.1 5.8 9.0 65.9 68.8 14.0 99.94 8.6 4754
82 Herbert Jones NOP 25 68 42 26 30.0 116.3 110.5 5.8 11.2 2.17 20.7 3.5 8.3 6.0 9.5 60.3 64.2 14.3 98.98 7.9 4189
82 Isaiah Hartenstein NYK 25 68 42 26 25.0 119.9 110.3 9.6 11.9 2.00 25.7 12.9 20.5 16.7 12.9 63.5 66.6 11.3 98.19 11.2 3482
82 Jabari Smith Jr. HOU 20 68 36 32 31.7 112.0 113.0 -1.0 6.5 1.20 9.9 5.6 19.4 12.4 8.3 53.5 57.1 17.3 99.88 10.0 4483
82 John Collins UTA 26 68 27 41 28.0 114.2 121.7 -7.5 6.0 0.79 7.7 7.9 22.2 14.9 9.8 59.0 62.1 19.9 101.30 11.1 4010
82 Kawhi Leonard LAC 32 68 44 24 34.3 119.3 111.1 8.2 16.5 2.05 14.9 3.9 13.8 9.1 7.3 58.5 62.6 26.1 97.77 15.4 4747
82 Keldon Johnson SAS 24 68 17 51 29.6 108.5 116.1 -7.6 14.3 2.00 15.7 4.3 13.5 8.8 7.8 52.9 56.7 21.2 103.65 9.9 4346
82 Keyonte George UTA 20 68 25 43 26.8 109.7 118.9 -9.2 25.0 1.90 24.0 0.8 9.6 5.2 12.7 47.9 53.2 22.1 101.16 8.3 3848
82 Pat Connaughton MIL 31 68 43 25 21.7 115.8 116.0 -0.2 11.9 3.19 27.6 2.9 11.3 7.2 8.7 58.5 60.2 10.3 101.80 6.8 3129
82 Patrick Beverley MIL 35 68 41 27 19.6 110.4 112.3 -1.8 20.4 3.08 29.9 3.1 11.8 7.5 9.7 48.6 52.9 14.3 98.54 8.1 2732
82 Paul George LAC 33 68 44 24 34.2 121.7 112.6 9.1 15.6 1.79 14.9 1.6 13.8 8.0 8.4 57.1 61.1 26.2 97.36 12.5 4713
82 Rudy Gobert MIN 31 68 48 20 34.1 115.3 106.3 9.0 5.4 0.85 9.9 11.7 25.5 19.0 11.7 65.7 67.1 15.2 96.86 13.5 4675
82 Stephen Curry GSW 36 68 39 29 32.7 117.8 115.5 2.3 23.4 1.78 17.1 1.6 11.1 6.4 9.6 57.2 61.5 30.3 101.96 13.8 4743
101 Brandon Miller CHA 21 67 16 51 32.2 108.6 118.4 -9.9 11.5 1.37 12.1 2.6 11.2 6.8 8.9 51.8 54.3 23.3 98.30 8.2 4408
101 Daniel Gafford DAL 25 67 25 42 24.7 113.9 116.3 -2.4 7.9 1.53 14.9 10.8 18.7 14.8 9.7 71.5 72.5 14.4 103.72 12.0 3572
101 Fred VanVleet HOU 30 67 37 30 36.6 114.1 110.7 3.4 31.2 4.63 33.1 1.0 8.7 4.8 7.2 52.6 56.6 18.9 99.61 11.6 5094
101 Jaime Jaquez Jr. MIA 23 67 39 28 29.0 112.3 111.5 0.8 13.4 1.71 17.5 3.9 9.4 6.7 10.3 53.2 57.0 18.3 98.24 8.3 3973
101 Jalen Suggs ORL 22 67 39 28 26.8 111.9 110.2 1.7 14.4 1.43 17.9 2.5 9.5 5.9 12.5 57.2 59.6 19.4 100.01 8.6 3735
101 Jalen Williams OKC 22 67 47 20 31.7 117.7 109.6 8.1 20.3 2.59 20.9 1.8 10.1 6.2 8.1 59.3 62.3 23.4 102.80 12.3 4533
101 James Harden LAC 34 67 43 24 34.8 121.3 115.2 6.0 33.3 3.35 35.1 1.5 13.2 7.6 10.5 55.1 62.0 20.0 96.70 13.1 4701
101 Jevon Carter CHI 28 67 33 34 13.7 109.2 108.5 0.7 11.9 2.32 17.8 0.8 5.1 2.8 7.7 49.2 49.4 16.5 99.28 5.2 1896
101 Julian Champagnie SAS 22 67 15 52 18.5 110.2 114.5 -4.3 9.0 1.81 17.1 3.0 11.2 7.1 9.4 52.7 56.1 13.8 103.07 6.5 2655
101 Kevin Durant PHX 35 67 38 29 37.1 118.6 114.1 4.5 21.8 1.55 17.2 1.6 15.8 9.1 11.1 58.9 63.4 28.5 100.48 15.2 5203
101 Kevon Looney GSW 28 67 38 29 16.5 114.5 115.6 -1.0 15.3 2.76 30.5 11.2 22.4 16.8 11.1 60.7 62.9 10.7 99.89 10.1 2307
101 Precious Achiuwa NYK 24 67 35 32 22.7 112.0 112.2 -0.2 9.1 1.21 14.0 11.3 18.2 14.7 11.6 53.8 55.4 16.1 96.36 9.9 3052
101 Terance Mann LAC 27 67 43 24 25.3 117.5 115.8 1.7 8.7 2.75 17.6 4.9 8.5 6.8 6.4 56.4 59.3 13.2 97.37 6.6 3438
114 Alex Caruso CHI 30 66 32 34 28.2 110.9 110.0 0.9 16.3 2.32 25.3 3.1 10.3 6.8 10.9 59.7 61.7 14.8 99.18 8.9 3846
114 Brandin Podziemski GSW 21 66 35 31 26.7 117.7 111.8 5.9 17.7 3.08 27.5 5.8 14.8 10.3 8.9 51.9 53.0 15.1 100.44 9.3 3688
114 Clint Capela ATL 29 66 31 35 25.5 115.8 116.5 -0.7 6.5 1.23 10.1 16.0 22.8 19.2 8.2 56.7 58.7 16.7 101.80 12.0 3566
114 De'Aaron Fox SAC 26 66 39 27 35.7 117.2 113.2 4.0 24.4 2.12 18.0 2.6 10.2 6.3 8.5 53.1 56.5 30.1 102.09 12.6 5011
114 Franz Wagner ORL 22 66 40 26 32.7 111.9 107.9 4.0 18.7 1.95 16.8 3.0 13.7 8.3 8.6 52.2 57.0 25.0 98.50 13.0 4421
114 Gary Trent Jr. TOR 25 66 22 44 27.8 113.3 118.3 -5.0 8.0 2.56 11.2 1.2 8.0 4.5 4.4 53.4 55.0 19.1 99.86 7.5 3818
114 Jaylen Brown BOS 27 66 50 16 33.6 121.0 111.3 9.7 16.6 1.58 14.1 3.6 11.8 7.9 8.9 56.0 58.3 28.2 100.11 11.7 4617
114 P.J. Washington DAL 25 66 25 41 30.1 112.6 116.7 -4.1 8.7 1.49 12.8 3.8 14.5 9.0 8.6 51.2 53.2 18.4 100.56 7.5 4165
114 Simone Fontecchio DET 28 66 29 37 24.9 113.0 114.5 -1.5 8.4 1.49 13.6 3.7 10.7 7.1 9.1 58.2 60.0 15.9 102.49 7.7 3521
114 Tobias Harris PHI 31 66 37 29 33.9 117.2 113.4 3.8 13.4 2.27 16.0 3.1 15.6 9.3 7.1 53.4 57.5 20.4 98.83 11.5 4606
114 Tyus Jones WAS 27 66 11 55 29.3 110.6 122.5 -11.9 33.1 7.35 39.3 1.0 8.1 4.5 5.4 56.9 57.8 16.1 104.37 11.1 4204
114 Victor Wembanyama SAS 20 66 16 50 29.2 107.6 111.1 -3.4 20.5 1.00 14.1 7.5 27.3 17.4 14.1 52.0 56.8 31.1 103.55 16.2 4159
126 Aaron Nesmith IND 24 65 36 29 27.7 118.6 115.2 3.4 6.9 1.68 12.6 3.1 10.2 6.7 7.5 60.6 62.8 16.0 102.44 7.1 3829
126 Andrew Wiggins GSW 29 65 33 32 27.0 115.1 116.8 -1.7 8.8 1.44 11.5 5.7 10.4 8.1 7.9 50.7 53.7 20.2 101.06 7.7 3689
126 Anthony Black ORL 20 65 37 28 17.4 108.2 109.0 -0.8 10.9 1.70 21.4 2.9 9.4 6.2 12.6 53.1 55.2 12.3 99.97 5.4 2357
126 Dillon Brooks HOU 28 65 34 31 30.8 113.6 112.6 1.0 7.5 1.33 11.6 2.3 8.4 5.4 8.7 51.4 54.9 17.6 100.11 5.7 4170
126 Dorian Finney-Smith BKN 30 65 26 39 28.5 111.0 112.7 -1.8 7.7 1.94 15.3 5.4 10.7 7.9 7.9 53.6 54.7 13.2 98.32 6.4 3783
126 Isaac Okoro CLE 23 65 39 26 27.4 112.6 110.7 1.9 9.7 2.33 18.2 3.7 7.2 5.5 7.8 57.3 59.4 13.8 98.03 6.7 3615
126 Jabari Walker POR 21 65 16 49 22.6 108.1 117.7 -9.6 6.0 1.02 9.8 8.0 20.9 14.1 9.6 51.3 55.7 15.7 98.72 9.0 3012
126 Jaden Hardy DAL 21 65 39 26 13.6 110.1 114.7 -4.6 17.1 1.98 16.3 1.7 10.3 5.9 8.2 49.9 52.2 23.6 103.36 8.2 1905
126 LeBron James LAL 39 65 36 29 35.2 117.3 113.8 3.5 35.0 2.40 25.7 2.5 17.3 10.4 10.7 59.5 62.6 28.5 101.54 16.5 4845
126 Luka Doncic DAL 25 65 42 23 37.4 119.4 114.8 4.6 42.9 2.47 23.8 2.2 21.6 12.0 9.7 57.3 61.7 35.5 101.12 20.1 5125
126 Matisse Thybulle POR 27 65 18 47 22.9 107.7 115.1 -7.4 8.3 2.25 19.6 1.9 7.4 4.6 8.7 52.4 53.7 10.5 99.41 6.1 3078
126 Nic Claxton BKN 24 65 24 41 29.8 108.2 114.3 -6.2 10.6 1.68 16.1 8.8 23.9 16.1 9.6 62.9 63.2 15.6 98.60 12.9 3968
126 Tyrese Maxey PHI 23 65 38 27 37.5 118.4 114.2 4.1 25.7 3.64 20.7 1.3 8.4 4.9 5.7 52.0 56.9 27.1 98.42 12.6 5005
139 Davion Mitchell SAC 25 64 38 26 14.2 107.2 113.6 -6.4 16.7 2.95 26.4 1.5 7.0 4.2 9.0 54.7 56.3 14.1 100.57 6.1 1909
139 Duncan Robinson MIA 29 64 36 28 28.5 111.7 110.6 1.2 15.4 2.07 19.4 0.8 8.3 4.6 9.4 59.6 61.9 18.6 98.06 8.5 3733
139 Jaden McDaniels MIN 23 64 43 21 29.4 114.3 109.7 4.6 6.6 1.13 11.5 3.0 7.8 5.5 10.2 56.2 57.4 15.9 97.14 5.7 3799
139 Jae'Sean Tate HOU 28 64 32 32 16.1 110.2 105.2 5.0 8.5 1.73 18.4 5.5 12.8 9.1 10.7 52.2 53.8 11.5 101.57 5.9 2162
139 Jaren Jackson Jr. MEM 24 64 20 44 32.1 106.1 113.8 -7.7 13.1 0.94 9.3 3.8 13.3 8.4 9.9 49.1 54.8 29.9 100.20 10.7 4277
139 Kevin Huerter SAC 25 64 37 27 24.4 117.5 115.0 2.5 13.8 3.13 20.8 2.4 12.4 7.3 6.6 55.3 56.4 17.3 101.06 7.7 3286
139 Kris Dunn UTA 30 64 25 39 18.8 117.8 117.1 0.6 25.3 3.18 38.5 3.9 11.0 7.4 12.1 53.6 54.4 13.3 102.41 7.9 2565
139 Marcus Sasser DET 23 64 10 54 17.8 108.6 116.5 -8.0 26.7 2.83 28.3 0.7 9.1 4.8 10.0 52.0 54.6 18.9 102.19 8.7 2420
139 Nick Richards CHA 26 64 13 51 26.6 106.3 118.4 -12.1 4.5 0.74 9.1 9.8 22.1 15.8 12.3 68.8 71.3 13.1 97.55 10.8 3455
139 T.J. McConnell IND 32 64 35 29 18.0 117.2 115.5 1.8 39.7 3.43 34.9 2.9 12.6 7.7 10.2 56.3 57.9 22.4 103.92 14.8 2489
149 Alperen Sengun HOU 21 63 29 34 32.5 113.9 113.2 0.8 24.8 1.93 19.4 8.6 19.3 13.9 10.1 55.3 58.5 27.0 99.22 14.9 4236
149 Ausar Thompson DET 21 63 10 53 25.1 107.7 113.1 -5.3 10.8 1.43 16.3 7.7 17.3 12.4 11.4 50.5 52.2 16.1 101.67 8.4 3329
149 Bam Adebayo MIA 26 63 35 28 34.3 109.6 109.1 0.6 19.6 1.71 17.0 6.6 24.7 15.6 9.9 52.6 57.5 25.1 97.76 15.5 4405
149 Bilal Coulibaly WAS 19 63 11 52 27.2 107.4 118.4 -11.0 8.6 1.26 16.1 3.1 11.6 7.2 12.7 50.9 54.3 13.9 103.33 5.7 3687
149 Brandon Ingram NOP 26 63 38 25 33.0 116.9 112.2 4.7 26.1 2.25 21.8 2.2 13.2 7.8 9.7 53.2 57.7 27.0 98.75 12.7 4278
149 Jaxson Hayes LAL 23 63 36 27 12.0 109.4 113.3 -3.9 5.1 0.80 11.5 8.2 14.4 11.5 14.4 70.7 70.7 12.0 102.73 7.7 1615
149 Jordan Hawkins NOP 21 63 37 26 17.9 113.6 114.0 -0.5 8.7 1.84 12.0 2.3 10.1 6.1 6.5 50.1 53.4 19.0 100.83 6.8 2378
149 Jrue Holiday BOS 33 63 49 14 33.2 121.2 110.8 10.4 19.9 2.71 28.6 3.8 11.7 7.9 10.5 58.8 60.6 16.1 99.10 10.1 4302
149 Max Strus CLE 28 63 40 23 31.9 114.4 108.8 5.6 15.6 2.42 22.8 2.8 11.1 7.0 9.4 53.4 55.2 16.8 99.83 7.9 4179
149 Miles Bridges CHA 26 63 15 48 37.7 107.4 119.7 -12.3 14.3 1.63 13.6 2.7 17.7 9.9 8.4 52.7 55.6 24.3 98.51 11.2 4879
149 Saddiq Bey ATL 24 63 28 35 32.7 118.6 119.1 -0.5 5.8 1.70 9.9 7.5 11.9 9.6 5.8 49.7 54.9 16.3 102.06 7.9 4384
149 Walker Kessler UTA 22 63 26 37 23.6 111.3 115.6 -4.3 5.7 0.89 11.5 11.0 19.9 15.6 12.9 65.7 66.0 12.6 100.82 10.9 3114
149 Zion Williamson NOP 23 63 38 25 31.2 114.1 111.1 3.0 25.7 1.83 19.3 5.7 12.7 9.2 10.5 58.8 62.2 28.1 101.36 14.8 4157
162 Alec Burks NYK 32 62 16 46 19.0 107.7 118.4 -10.7 11.3 1.83 11.1 1.9 10.2 5.9 6.1 48.2 54.0 23.6 100.73 8.8 2483
162 Amir Coffey LAC 26 62 42 20 19.6 116.3 119.0 -2.8 7.1 2.23 17.2 2.0 7.8 4.9 7.7 61.1 64.3 11.2 100.51 6.0 2552
162 Bruce Brown TOR 27 62 25 37 28.2 116.0 120.5 -4.5 13.1 2.26 20.9 3.0 12.6 7.8 9.3 51.7 56.0 16.1 102.98 7.6 3754
162 Caris LeVert CLE 29 62 35 27 28.7 114.0 111.3 2.8 26.8 3.13 26.0 2.0 11.9 7.0 8.3 47.4 51.0 22.4 99.46 10.4 3694
162 Dario Saric GSW 29 62 33 29 17.4 113.5 115.2 -1.7 18.7 1.92 22.3 6.3 19.0 12.5 11.6 56.0 59.9 18.9 100.02 11.1 2256
162 David Roddy PHX 23 62 22 40 18.9 104.3 113.7 -9.5 10.2 1.39 13.8 4.2 13.4 8.7 9.9 46.3 48.5 17.8 101.08 6.8 2467
162 Immanuel Quickley TOR 24 62 26 36 28.9 113.4 114.3 -0.9 23.3 3.36 22.7 0.8 11.6 6.2 6.7 52.7 56.9 22.9 100.14 11.4 3743
162 Ivica Zubac LAC 27 62 38 24 26.5 117.6 113.0 4.6 7.3 1.15 12.2 11.8 23.0 17.6 10.6 66.0 68.0 16.1 96.62 12.3 3310
162 Naji Marshall NOP 26 62 40 22 19.3 115.7 106.4 9.3 13.8 1.97 21.2 4.3 14.3 9.4 10.8 54.1 57.4 16.0 100.92 9.2 2508
162 Russell Westbrook LAC 35 62 41 21 22.3 117.1 114.2 2.9 27.8 2.19 25.8 6.4 15.2 10.9 11.8 48.2 51.0 23.7 102.09 11.1 2939
162 Tyrese Haliburton IND 24 62 35 27 32.2 121.6 116.2 5.4 45.4 4.70 36.9 1.7 10.1 6.0 7.8 56.8 60.2 24.1 103.60 15.8 4314
162 Zach Collins SAS 26 62 15 47 22.3 106.0 117.9 -11.9 19.3 1.48 19.5 7.2 15.5 11.3 13.2 52.6 56.0 22.0 102.48 8.8 2945
174 Andrew Nembhard IND 24 61 36 25 24.7 115.2 113.7 1.5 21.2 2.71 29.6 2.2 6.0 4.1 11.0 55.8 57.2 16.6 101.57 7.7 3182
174 Cade Cunningham DET 22 61 9 52 33.4 109.7 117.8 -8.1 35.8 2.19 23.9 1.5 11.5 6.5 10.9 49.7 54.2 29.7 100.84 12.4 4282
174 Eric Gordon PHX 35 61 36 25 28.6 116.3 113.2 3.0 10.2 1.90 16.4 1.0 5.4 3.4 8.6 57.5 58.9 16.4 100.58 7.2 3649
174 Jaylin Williams OKC 21 61 43 18 12.6 114.9 107.7 7.2 14.1 2.96 26.3 4.2 22.1 13.4 8.9 52.4 55.1 13.0 100.87 9.1 1614
174 Kelly Oubre Jr. PHI 28 61 33 28 29.8 114.2 115.4 -1.2 7.0 1.14 8.5 4.5 11.7 8.0 7.4 49.3 53.0 21.9 99.10 7.7 3746
174 Kenrich Williams OKC 29 61 44 17 14.4 117.7 106.4 11.2 11.3 3.85 22.8 6.7 14.2 10.6 5.9 56.2 56.0 12.6 100.86 7.9 1838
174 Malachi Flynn DET 25 61 27 34 11.8 103.5 113.2 -9.6 21.6 2.10 24.8 2.5 10.9 6.5 11.8 50.4 53.2 17.7 99.87 8.4 1495
174 Max Christie LAL 21 61 34 27 14.9 109.2 110.9 -1.6 8.0 1.57 16.4 1.5 11.9 7.1 10.4 52.0 54.8 13.0 103.78 6.0 1971
174 Miles McBride NYK 23 61 37 24 18.5 109.8 109.2 0.6 13.3 3.88 18.4 2.1 5.0 3.5 4.7 57.5 59.3 16.4 95.49 8.1 2236
174 Rui Hachimura LAL 26 61 35 26 26.5 116.1 113.3 2.7 5.8 1.66 9.0 3.2 11.6 7.7 5.4 60.7 62.6 18.1 101.86 9.2 3436
184 Al Horford BOS 37 60 47 13 27.2 120.5 109.1 11.4 12.5 3.59 26.5 4.8 18.1 11.7 7.4 63.5 64.7 11.6 98.83 10.4 3367
184 Devin Booker PHX 27 60 37 23 35.7 120.0 114.5 5.5 29.6 2.74 22.0 2.4 10.4 6.7 8.0 54.7 60.6 29.1 100.00 14.3 4467
184 Duop Reath POR 27 60 15 45 18.2 110.3 117.5 -7.3 9.3 1.24 10.7 7.0 13.2 9.9 8.7 56.7 58.8 20.2 98.38 8.7 2230
184 Joe Ingles ORL 36 60 38 22 17.2 116.3 110.5 5.8 21.7 3.20 39.8 1.9 10.6 6.3 12.4 58.0 60.3 11.2 98.90 8.0 2141
184 Karl-Anthony Towns MIN 28 60 41 19 32.8 116.5 108.5 8.0 14.3 1.06 12.8 5.0 20.5 13.2 12.1 57.8 62.8 26.9 98.41 14.2 4045
184 Santi Aldama MEM 23 60 22 38 26.6 106.0 114.5 -8.5 13.4 1.97 17.0 4.2 17.3 10.5 8.6 52.9 54.0 17.8 98.47 10.1 3272
184 Scottie Barnes TOR 22 60 22 38 34.9 112.6 115.8 -3.2 25.3 2.20 23.1 6.4 16.7 11.5 10.5 52.8 56.6 24.0 101.17 13.2 4413
184 Trayce Jackson-Davis GSW 24 60 33 27 15.7 115.1 113.6 1.5 10.3 1.82 15.9 11.6 17.0 14.3 8.8 70.5 69.3 15.7 100.27 12.7 1979
192 Bennedict Mathurin IND 21 59 33 26 26.1 115.0 117.9 -2.9 10.5 1.23 12.2 3.8 11.3 7.5 10.0 50.7 56.2 22.6 103.79 8.7 3329
192 Cam Thomas BKN 22 59 20 39 31.0 111.7 116.3 -4.6 15.5 1.61 12.1 1.3 9.2 5.1 7.5 50.2 55.2 29.4 99.94 10.4 3818
194 CJ McCollum NOP 32 58 38 20 31.9 115.9 111.6 4.3 20.6 2.90 20.3 1.6 11.6 6.6 7.0 56.5 58.4 23.8 99.26 11.5 3840
194 Doug McDermott IND 32 58 18 40 14.4 110.1 121.3 -11.1 10.3 2.39 18.6 1.0 5.6 3.3 7.8 59.8 60.0 14.5 103.66 5.4 1813
194 Dwight Powell DAL 32 58 36 22 13.2 117.7 113.9 3.8 12.6 2.66 31.8 10.6 13.5 12.0 12.0 69.2 72.8 8.9 102.70 7.9 1631
194 Garrison Mathews ATL 27 58 27 31 14.2 112.1 115.1 -3.0 5.0 1.88 13.7 1.7 8.1 4.8 7.3 65.0 67.4 10.4 101.39 4.3 1738
194 Haywood Highsmith MIA 27 58 34 24 19.9 110.7 110.0 0.7 7.2 2.00 15.1 4.2 10.2 7.2 7.6 57.3 58.3 12.3 98.15 6.4 2346
194 Moses Moody GSW 21 58 32 26 17.2 113.3 110.8 2.5 6.7 1.18 9.6 5.4 11.0 8.1 8.2 54.7 57.9 17.8 100.78 9.0 2112
200 Day'Ron Sharpe BKN 22 57 23 34 15.1 114.1 107.8 6.3 14.0 1.28 17.4 16.1 23.4 19.7 13.6 59.1 60.8 18.6 99.46 13.4 1776
200 Goga Bitadze ORL 24 57 32 25 16.4 112.6 110.0 2.6 11.8 1.86 21.7 11.2 18.4 14.7 11.7 61.6 63.6 12.7 97.51 11.5 1890
200 Sam Merrill CLE 27 57 35 22 17.8 111.1 110.2 0.9 14.7 5.61 20.2 2.0 9.0 5.5 3.6 59.1 60.5 17.1 97.08 9.2 2065
200 Terry Rozier MIA 30 57 20 37 33.8 109.9 117.0 -7.1 27.3 3.33 22.8 1.7 11.1 6.2 6.8 51.3 55.0 25.3 98.52 11.8 3954
204 Caleb Houstan ORL 21 56 30 26 14.1 109.7 111.0 -1.3 5.0 1.75 11.2 3.5 6.7 5.1 6.4 57.3 58.9 12.2 96.45 5.1 1590
204 Caleb Martin MIA 28 56 31 25 27.1 112.5 111.3 1.2 11.4 1.83 16.8 4.4 12.7 8.5 9.2 51.1 54.0 16.9 96.42 7.9 3047
204 Cameron Johnson BKN 28 56 19 37 27.7 111.7 114.8 -3.1 13.0 2.45 16.2 3.2 12.5 7.6 6.6 56.1 58.4 19.1 98.52 9.8 3194
204 Dennis Smith Jr. BKN 26 56 19 37 18.9 109.9 109.9 -0.1 27.6 2.99 32.0 4.6 10.8 7.6 10.7 48.2 50.8 17.4 98.64 9.2 2160
204 JT Thor CHA 21 56 13 43 11.8 106.7 111.2 -4.5 4.8 1.77 11.7 5.5 12.3 8.8 6.6 45.5 46.0 11.0 100.34 4.7 1381
204 Jalen Duren DET 20 56 13 43 29.7 109.8 116.7 -6.9 12.4 1.18 16.6 10.8 28.6 19.7 14.1 62.9 66.0 17.7 101.06 13.9 3490
204 Josh Okogie PHX 25 56 34 22 16.9 113.3 111.3 2.0 9.1 1.83 18.4 7.9 8.0 8.0 10.1 48.3 54.9 12.4 100.81 6.7 1983
204 KJ Martin PHI 23 56 29 27 11.9 112.3 111.8 0.5 9.3 1.64 18.3 4.9 12.8 8.7 11.1 55.3 55.9 12.8 101.19 5.6 1403
204 Trendon Watford BKN 23 56 22 34 12.0 112.8 112.0 0.8 14.7 1.55 17.0 6.7 16.1 11.3 11.0 58.3 62.6 19.8 98.97 11.6 1377
213 Amen Thompson HOU 21 55 27 28 21.4 110.9 109.0 1.8 15.7 1.68 20.1 9.2 18.8 13.7 12.0 53.7 56.8 17.7 103.40 11.8 2527
213 Daniel Theis LAC 31 55 37 18 16.6 117.1 115.0 2.2 8.5 1.57 15.5 8.6 14.5 11.6 9.9 56.9 58.9 14.8 99.43 7.9 1902
213 Dereck Lively II DAL 20 55 35 20 23.5 120.6 115.6 5.0 6.0 1.20 13.6 10.6 17.9 14.4 11.4 74.7 72.8 12.4 100.89 10.2 2724
213 Isaiah Jackson IND 22 55 33 22 12.8 113.1 112.1 1.1 8.9 1.24 13.6 11.8 19.6 15.7 11.0 66.7 68.9 17.0 105.11 12.4 1539
213 James Wiseman DET 23 55 8 47 16.1 105.1 119.0 -14.0 8.0 0.79 11.6 9.8 20.5 15.0 14.7 63.9 66.0 16.0 102.82 10.0 1896
213 John Konchar MEM 28 55 18 37 21.3 106.3 112.2 -5.9 13.0 2.39 29.3 5.8 16.4 10.8 12.3 51.4 53.7 9.6 98.73 8.2 2410
213 Jordan Clarkson UTA 31 55 22 33 30.6 113.9 119.7 -5.7 24.7 1.90 21.0 2.8 8.3 5.5 11.1 46.9 52.1 25.5 100.77 9.0 3537
213 Kyle Lowry PHI 38 55 27 28 28.4 110.7 112.5 -1.8 21.4 2.95 33.2 2.1 9.8 5.8 11.3 55.6 58.8 13.1 96.97 7.8 3156
213 Larry Nance Jr. NOP 31 55 32 23 19.7 112.0 108.1 3.9 11.7 2.24 25.1 7.6 18.2 13.0 11.2 64.6 66.5 10.8 100.38 10.4 2256
213 Lauri Markkanen UTA 26 55 22 33 33.1 117.6 116.9 0.6 9.0 1.43 9.2 6.5 17.6 12.1 6.4 57.8 63.1 24.1 102.49 13.6 3884
213 Luke Kornet BOS 28 55 42 13 15.5 119.9 110.5 9.4 8.7 2.75 20.2 11.8 13.8 12.8 7.4 68.6 72.2 10.8 97.07 10.9 1711
213 Onyeka Okongwu ATL 23 55 23 32 25.5 118.1 119.0 -0.9 7.1 1.64 13.9 9.9 16.9 13.2 8.4 64.2 67.4 13.4 103.28 9.4 3020
213 Scoot Henderson POR 20 55 16 39 27.5 107.5 120.4 -12.9 27.6 1.53 22.3 2.8 8.5 5.5 14.5 42.9 48.3 25.8 99.56 6.2 3131
226 Blake Wesley SAS 21 54 15 39 13.5 105.5 113.3 -7.8 26.4 3.60 37.0 2.0 8.2 5.0 10.3 50.6 54.2 13.8 103.94 7.1 1582
226 Chris Duarte SAC 26 54 32 22 12.8 110.8 114.0 -3.2 8.2 1.83 14.9 3.4 11.2 7.1 8.2 49.5 52.2 14.4 99.70 5.4 1424
226 Dean Wade CLE 27 54 36 18 20.5 111.9 103.5 8.3 5.2 2.15 14.0 3.3 15.4 9.4 6.5 58.4 59.8 10.1 99.94 7.3 2300
226 Jalen Smith IND 24 54 31 23 17.5 118.9 118.4 0.5 7.7 1.41 11.5 9.7 21.9 15.7 8.1 68.2 69.1 18.4 102.99 12.4 2007
226 Jamal Murray DEN 27 54 40 14 32.1 119.3 112.3 7.0 30.0 3.16 25.0 2.3 10.3 6.5 7.9 54.5 57.8 26.9 97.75 13.4 3527
226 Jerami Grant POR 30 54 17 37 33.9 107.8 117.5 -9.6 13.8 1.31 12.2 1.9 8.7 5.2 9.3 51.6 57.3 25.5 98.26 10.0 3751
226 Josh Green DAL 23 54 31 23 26.6 118.3 118.9 -0.7 11.0 2.19 22.3 2.7 9.4 6.1 10.2 59.3 60.4 12.9 101.42 6.5 3023
226 Kris Murray POR 23 54 10 44 19.7 107.1 113.0 -5.9 9.3 1.61 17.0 5.0 11.0 7.8 10.6 47.0 48.3 13.5 99.00 6.2 2198
234 Bryce McGowens CHA 21 53 9 44 15.1 104.3 116.7 -12.3 8.3 1.77 15.3 2.0 9.9 5.8 8.6 52.5 57.1 13.8 99.30 5.8 1659
234 Dyson Daniels NOP 21 53 30 23 21.7 115.9 111.2 4.7 15.4 2.60 29.2 4.7 11.9 8.4 11.2 49.8 51.6 12.3 100.26 7.6 2389
234 Gradey Dick TOR 20 53 16 37 20.0 105.6 119.2 -13.6 9.1 1.56 13.8 2.1 7.9 4.9 8.8 52.1 54.5 16.3 101.80 5.8 2243
234 Keita Bates-Diop BKN 28 53 29 24 12.5 109.3 113.1 -3.8 8.4 2.53 16.1 4.9 11.8 8.5 6.4 49.7 53.4 12.8 98.77 7.8 1366
234 Lonnie Walker IV BKN 25 53 22 31 16.8 113.2 111.5 1.7 10.9 1.36 11.2 1.1 10.5 5.8 8.2 54.0 55.7 23.7 100.62 9.0 1879
234 Mo Bamba PHI 25 53 26 27 13.3 108.1 111.3 -3.1 8.5 1.03 13.9 9.6 21.5 15.3 13.5 56.4 58.3 15.1 97.54 9.8 1426
234 Nicolas Batum PHI 35 53 29 24 24.9 118.0 113.3 4.6 10.4 3.24 29.4 5.0 11.6 8.3 9.1 61.8 62.5 8.5 98.37 6.7 2708
234 RJ Barrett TOR 23 53 24 29 31.6 114.1 116.8 -2.7 15.3 1.60 14.5 2.6 13.7 8.1 9.1 54.2 57.5 25.2 101.27 10.5 3526
234 Vasilije Micic CHA 30 53 31 22 18.8 111.2 112.3 -1.0 30.3 2.63 34.0 1.5 6.0 3.9 12.9 49.5 52.9 18.8 97.59 8.1 2031
234 Zeke Nnaji DEN 23 53 37 16 9.8 102.2 114.9 -12.8 8.4 1.11 13.6 10.3 9.5 9.9 12.3 46.7 52.2 15.4 98.87 6.1 1063
244 Dalen Terry CHI 21 52 24 28 10.7 114.9 111.1 3.8 15.3 2.65 29.4 4.3 12.9 8.6 11.1 47.2 49.7 12.3 99.07 6.1 1151
244 Jimmy Butler MIA 34 52 28 24 33.9 116.3 110.5 5.8 22.3 2.94 21.0 5.6 10.6 8.1 7.1 53.6 62.5 23.8 97.44 14.7 3571
244 Kristaps Porzingis BOS 28 52 39 13 29.8 121.4 109.9 11.6 9.3 1.20 10.0 5.8 15.6 11.1 8.3 58.2 64.0 24.9 100.69 13.2 3264
244 Kyrie Irving DAL 32 52 34 18 34.5 119.7 113.9 5.9 23.3 3.11 19.0 2.1 11.6 6.9 6.1 56.9 60.2 27.5 101.03 14.4 3771
244 Vince Williams Jr. MEM 23 52 18 34 27.6 108.4 111.4 -3.0 17.7 1.90 25.0 3.9 16.3 9.9 13.1 55.0 59.7 15.5 99.07 9.6 2964
249 Darius Garland CLE 24 51 28 23 33.2 113.4 111.1 2.3 29.8 2.11 25.6 1.7 6.2 4.0 12.1 52.4 56.1 25.0 97.79 10.5 3464
249 Donovan Mitchell CLE 27 51 34 17 35.2 115.9 108.4 7.4 27.3 2.16 19.5 2.4 11.7 7.2 9.0 54.6 59.6 30.3 99.83 15.3 3748
249 Jalen Johnson ATL 22 51 25 26 34.0 114.1 116.0 -1.9 14.8 2.05 18.7 3.6 20.8 12.0 9.1 56.4 58.7 18.2 103.66 11.5 3743
249 Jonathan Isaac ORL 26 51 31 20 15.3 114.2 101.3 12.9 4.5 1.00 7.3 8.5 19.7 14.3 7.3 59.8 62.3 16.5 98.52 14.2 1599
249 Jose Alvarado NOP 25 51 34 17 17.8 117.1 105.1 12.1 16.0 2.82 22.4 2.4 9.7 6.1 7.9 51.5 53.2 17.1 99.89 8.3 1881
249 Justin Holiday DEN 34 51 33 18 14.6 112.9 110.5 2.4 9.3 5.00 23.5 1.1 7.1 4.1 4.7 59.6 59.9 10.2 99.63 5.7 1547
249 Quentin Grimes DET 23 51 32 19 20.1 108.1 109.1 -0.9 9.4 2.36 15.0 1.3 8.0 4.6 6.3 49.5 51.6 15.5 97.78 5.9 2079
249 Trae Young ATL 25 51 22 29 36.5 116.3 118.9 -2.6 43.3 2.51 28.7 1.1 6.3 3.6 11.4 51.2 58.1 29.2 104.91 13.2 4066
249 Troy Brown Jr. DET 24 51 29 22 12.4 107.2 113.6 -6.4 11.2 1.88 18.0 3.0 14.2 8.7 9.6 50.6 54.0 14.8 100.99 7.5 1332
249 Ziaire Williams MEM 22 51 20 31 20.3 102.5 112.4 -9.9 11.8 1.14 13.6 3.1 13.8 8.2 12.0 47.4 51.1 19.2 100.40 7.4 2156
259 AJ Green MIL 24 50 33 17 10.2 114.2 111.6 2.6 7.5 3.38 12.9 1.7 9.2 5.6 3.8 60.2 62.1 15.7 99.19 7.2 1054
259 Andre Jackson Jr. MIL 22 50 31 19 10.3 113.8 119.0 -5.2 11.9 2.00 28.9 8.1 11.9 10.0 14.5 61.2 62.3 9.6 102.75 4.7 1099
259 Ben Sheppard IND 22 50 27 23 13.3 117.5 114.3 3.2 7.3 4.30 17.4 1.4 9.8 5.5 4.0 52.2 54.6 12.3 104.97 5.0 1450
259 Chris Boucher TOR 31 50 16 34 14.1 116.0 113.6 2.4 4.4 0.82 7.5 8.4 20.2 14.2 9.1 57.8 62.5 16.7 99.35 10.6 1456
259 Chris Paul GSW 38 50 27 23 26.3 113.5 111.9 1.6 34.8 5.72 42.1 1.3 12.9 7.2 7.4 52.9 55.1 14.9 99.93 11.9 2748
259 Christian Wood LAL 28 50 28 22 17.4 109.9 109.9 0.0 7.9 0.98 12.1 4.8 22.6 14.4 12.3 53.2 56.8 17.3 101.73 10.1 1849
259 De'Andre Hunter ATL 26 50 24 26 29.0 118.2 118.5 -0.3 6.6 1.03 8.9 1.9 11.4 6.5 8.7 55.9 60.6 20.1 100.97 8.2 3047
259 Jakob Poeltl TOR 28 50 21 29 26.4 113.6 114.2 -0.6 13.1 1.65 20.3 11.0 21.4 16.2 12.3 65.6 65.3 16.0 100.54 11.7 2763
259 Jordan Goodwin MEM 25 50 27 23 16.7 104.4 110.4 -5.9 22.3 2.54 25.5 6.6 13.2 9.9 10.0 43.1 45.5 17.8 98.84 9.0 1716
259 Trey Lyles SAC 28 50 30 20 19.7 118.0 112.0 6.0 7.5 1.76 14.9 5.1 16.8 11.0 8.5 58.1 60.3 13.9 101.08 8.3 2076
269 Bojan Bogdanovic NYK 34 49 14 35 27.3 109.8 121.4 -11.6 10.6 0.98 10.7 1.4 9.2 5.2 11.0 54.7 57.8 24.1 99.90 8.1 2787
269 Draymond Green GSW 34 49 29 20 26.7 116.0 111.2 4.8 27.9 2.49 37.5 5.0 20.3 12.8 15.1 56.2 58.6 15.3 103.20 11.0 2815
269 Keon Ellis SAC 24 49 30 19 15.8 117.3 109.0 8.3 11.3 2.65 24.6 3.0 9.3 6.1 9.3 60.1 61.3 11.6 99.38 6.4 1595
269 Khris Middleton MIL 32 49 30 19 27.0 119.7 114.3 5.4 26.4 2.43 26.4 2.5 13.2 8.1 10.8 56.2 59.2 22.7 102.65 11.5 2834
269 Marvin Bagley III WAS 25 49 6 43 21.3 109.5 115.9 -6.3 7.9 0.95 9.6 12.0 17.5 14.6 10.2 59.9 63.1 20.3 102.85 12.2 2237
269 Trey Murphy III NOP 23 49 31 18 28.4 114.6 106.5 8.1 10.3 3.74 14.4 2.4 13.7 8.2 3.9 56.5 59.5 18.5 99.30 10.9 2883
275 Craig Porter Jr. CLE 24 48 29 19 13.3 112.0 113.8 -1.8 26.6 2.64 28.3 3.5 13.7 8.7 10.7 53.5 56.5 20.3 97.14 11.4 1287
275 Dante Exum DAL 28 48 31 17 19.3 121.4 112.4 9.0 18.3 3.38 28.5 2.3 10.2 6.4 8.5 64.2 66.5 15.4 101.84 9.8 1966
275 Deandre Ayton POR 25 48 12 36 32.1 107.8 116.1 -8.3 8.2 0.89 9.6 9.8 25.1 17.3 10.9 58.1 59.7 20.0 97.91 13.7 3146
275 Jock Landale HOU 28 48 25 23 12.1 113.8 103.8 10.0 10.6 2.14 19.1 11.8 11.1 11.5 8.9 50.6 55.4 13.5 102.54 8.9 1247
275 Jordan McLaughlin MIN 27 48 30 18 10.5 108.1 100.7 7.4 23.4 5.87 38.4 2.9 9.7 6.3 6.6 62.9 63.5 11.9 100.58 11.2 1065
275 Kessler Edwards SAC 23 48 29 19 5.1 98.8 105.1 -6.3 6.8 3.67 12.1 3.3 12.8 7.7 3.3 54.8 54.9 13.3 102.55 7.3 519
275 Oshae Brissett BOS 25 48 40 8 11.7 119.3 106.7 12.6 8.6 2.53 17.8 8.4 14.5 11.4 7.0 51.2 55.2 12.8 100.56 7.7 1163
282 Dalano Banton POR 24 47 22 25 17.0 105.5 116.9 -11.4 18.1 1.51 16.2 4.5 13.3 8.7 10.7 47.7 51.4 24.1 98.62 9.5 1640
282 Gary Harris ORL 29 47 31 16 23.0 113.1 110.1 3.0 9.1 2.67 19.3 2.1 5.3 3.7 7.2 58.3 60.1 12.1 98.54 6.1 2217
282 Kevin Love MIA 35 47 26 21 17.5 115.0 109.3 5.7 19.2 2.76 21.2 5.9 29.1 17.4 7.7 56.4 60.6 20.3 99.43 14.4 1697
282 Shake Milton NYK 27 47 31 16 12.4 104.7 109.5 -4.9 14.9 1.94 19.5 2.3 10.2 6.2 10.1 45.1 49.9 17.3 103.76 6.4 1262
282 Wendell Carter Jr. ORL 24 47 26 21 25.9 109.9 108.4 1.5 9.8 1.35 14.4 8.2 20.6 14.4 10.7 59.6 62.2 17.2 97.77 11.5 2485
282 Xavier Tillman BOS 25 47 25 22 18.9 106.6 109.1 -2.6 11.4 2.16 18.4 7.0 14.9 10.8 8.6 45.0 45.5 14.5 99.56 7.5 1844
288 Anfernee Simons POR 24 46 11 35 34.4 109.9 120.5 -10.6 26.8 2.02 19.8 1.3 9.7 5.3 9.8 52.3 56.8 27.6 97.90 11.1 3231
288 Cam Reddish LAL 24 46 27 19 20.9 110.2 112.2 -2.0 6.2 1.52 14.2 2.7 7.2 5.0 9.4 46.9 50.6 12.3 103.20 4.5 2069
288 Isaiah Stewart DET 22 46 9 37 30.9 110.3 114.5 -4.2 6.9 1.11 13.1 5.3 16.1 10.7 11.8 57.5 60.0 14.3 100.63 8.1 2979
288 Julius Randle NYK 29 46 29 17 35.4 119.7 113.8 6.0 21.7 1.44 16.9 5.9 19.8 12.8 11.7 51.8 56.9 28.7 98.84 13.4 3364
288 Landry Shamet WAS 27 46 6 40 15.8 109.3 119.2 -9.9 10.4 1.80 14.4 2.1 6.5 4.2 8.0 52.7 55.6 18.1 103.63 5.8 1571
288 MarJon Beauchamp MIL 23 46 30 16 12.9 113.6 114.5 -0.9 6.6 1.11 13.2 3.8 12.0 8.0 11.9 56.7 58.2 13.8 103.54 6.0 1279
288 Mike Muscala OKC 32 46 13 33 11.8 107.4 114.8 -7.4 8.7 1.84 16.5 5.9 14.0 9.9 9.0 45.2 47.6 13.5 102.75 5.2 1165
288 Nick Smith Jr. CHA 19 46 8 38 14.0 102.2 115.1 -12.8 13.3 1.49 15.4 2.5 7.1 4.6 10.4 50.0 51.1 19.5 97.28 5.2 1300
288 Talen Horton-Tucker UTA 23 46 12 34 19.1 112.9 118.0 -5.1 27.7 2.89 25.1 2.2 9.7 5.9 8.7 45.2 49.6 23.0 100.53 9.0 1847
288 Torrey Craig CHI 33 46 19 27 20.3 110.5 118.3 -7.7 7.6 1.79 16.0 6.3 14.4 10.1 8.9 55.7 57.5 12.5 98.09 6.5 1898
298 Bradley Beal PHX 30 45 27 18 33.0 116.5 113.9 2.6 21.7 2.03 22.5 2.9 9.5 6.4 11.1 55.9 58.6 22.8 100.19 10.0 3095
298 Danilo Gallinari MIL 35 45 15 30 13.1 110.8 119.5 -8.7 12.6 2.89 18.3 3.1 14.6 8.8 6.3 51.9 60.1 16.8 101.33 9.3 1255
298 Gordon Hayward OKC 34 45 22 23 25.0 112.1 119.9 -7.8 17.9 2.50 23.8 3.1 11.8 7.4 9.5 49.9 53.8 17.9 100.06 8.6 2355
298 Jaden Springer BOS 21 45 29 16 10.0 109.1 113.5 -4.4 13.2 1.33 17.9 7.0 8.4 7.6 13.5 41.2 46.8 17.1 99.45 4.9 921
298 Jordan Nwora TOR 25 45 13 32 12.9 104.4 116.0 -11.6 13.0 1.28 13.9 3.4 15.6 9.4 10.8 52.6 55.7 21.7 104.46 10.0 1274
298 Julian Strawther DEN 21 45 30 15 11.7 105.5 116.0 -10.5 12.0 2.32 15.1 0.9 8.9 4.8 6.5 46.5 48.5 19.2 101.50 5.6 1120
298 Tristan Thompson CLE 33 45 27 18 11.8 115.1 112.8 2.4 13.5 1.76 23.8 13.2 17.8 15.5 13.6 63.6 58.7 12.9 97.93 9.3 1083
305 Anthony Gill WAS 31 44 8 36 7.0 114.8 105.9 8.9 10.0 1.15 14.2 9.2 11.8 10.6 12.3 51.9 56.1 18.2 105.46 8.2 670
305 Delon Wright MIA 31 44 13 31 15.3 109.4 110.9 -1.5 21.6 9.00 34.5 2.4 9.2 5.7 3.8 43.4 48.2 12.9 101.09 8.9 1415
305 Johnny Davis WAS 22 44 7 37 11.3 103.5 112.2 -8.7 6.3 3.00 14.0 3.2 9.0 5.9 4.7 39.4 40.8 11.8 105.83 3.4 1094
305 Marcus Morris Sr. CLE 34 44 25 19 17.2 111.5 114.8 -3.3 6.6 1.22 10.2 2.6 14.6 8.4 8.3 53.0 56.0 16.3 97.87 7.6 1547
305 OG Anunoby NYK 26 44 26 18 34.1 117.7 107.2 10.5 8.8 1.41 13.9 2.8 9.5 6.2 9.8 58.0 60.0 17.3 99.16 8.4 3099
305 Seth Curry CHA 33 44 25 19 14.0 110.6 107.5 3.1 10.0 2.10 15.9 2.8 7.8 5.3 7.6 48.5 51.9 15.9 100.77 6.7 1301
311 Chimezie Metu DET 27 43 23 20 14.0 106.6 112.6 -6.0 7.8 0.89 12.2 5.2 17.9 11.9 13.7 53.5 59.5 16.4 100.49 9.5 1268
311 Chuma Okeke ORL 25 43 22 21 9.8 99.9 107.8 -8.0 7.4 1.27 13.0 4.0 14.4 8.9 10.3 46.3 46.8 13.0 97.15 6.6 849
311 Evan Mobley CLE 22 43 26 17 30.7 109.9 109.2 0.6 15.6 1.73 17.9 7.5 22.7 15.4 10.4 60.6 62.9 20.0 100.45 14.5 2760
311 Ish Smith CHA 35 43 6 37 17.2 101.7 119.2 -17.5 26.8 3.09 41.2 1.4 9.4 5.1 13.4 43.0 43.5 11.9 100.59 5.7 1549
311 JaVale McGee SAC 36 43 26 17 7.6 108.0 111.7 -3.6 7.0 0.47 7.9 11.0 22.9 16.9 16.9 60.9 61.6 20.9 104.74 12.3 722
311 Jae Crowder MIL 33 43 24 19 23.2 112.8 114.8 -1.9 7.9 3.11 18.6 2.2 11.5 6.8 6.0 55.5 56.9 11.1 101.84 6.1 2117
311 Jalen McDaniels TOR 26 43 10 33 9.9 100.8 114.4 -13.6 9.4 1.04 12.3 2.9 11.6 7.2 11.8 39.0 41.8 18.0 101.73 3.8 900
311 Jericho Sims NYK 25 43 28 15 13.1 108.1 110.3 -2.2 5.9 1.50 23.5 9.2 15.4 12.3 15.7 70.4 70.7 6.0 93.78 7.6 1097
311 Josh Richardson MIA 30 43 24 19 25.6 108.7 113.7 -5.0 14.4 2.92 20.7 1.7 9.4 5.6 7.1 53.9 57.3 15.9 98.56 8.0 2267
311 Patrick Williams CHI 22 43 19 24 27.3 114.3 115.5 -1.2 7.7 1.16 12.9 3.9 10.5 7.1 11.1 52.5 55.3 16.3 97.59 6.6 2393
321 Desmond Bane MEM 25 42 14 28 34.4 108.2 115.4 -7.2 27.2 2.05 19.5 2.3 10.4 6.2 9.5 55.2 58.9 27.3 100.82 12.8 3038
321 Killian Hayes DET 22 42 7 35 24.0 106.5 117.6 -11.1 26.8 4.02 36.8 1.1 10.7 5.9 9.2 45.2 47.4 14.7 102.49 7.7 2149
323 Omer Yurtseven UTA 25 41 15 26 9.2 103.5 115.7 -12.2 7.9 0.70 11.0 11.9 24.9 18.0 15.6 56.4 57.4 16.6 101.42 10.3 797
324 Alex Len SAC 30 40 21 19 9.2 116.0 101.3 14.7 12.8 1.68 25.5 10.4 18.0 14.1 15.2 61.6 62.6 11.9 101.85 9.7 781
324 Cody Zeller NOP 31 40 24 16 7.6 115.1 106.8 8.3 14.5 2.40 28.1 13.6 18.7 16.1 11.7 42.5 48.2 11.8 104.53 7.8 664
324 GG Jackson MEM 19 40 11 29 24.1 102.4 110.7 -8.2 7.6 0.79 7.2 4.2 10.9 7.5 9.2 52.5 56.4 23.0 100.09 9.4 2002
324 Julian Phillips CHI 20 40 20 20 8.1 112.1 111.7 0.4 5.2 1.30 12.1 3.5 7.7 5.5 9.3 49.4 52.1 12.1 100.90 3.0 675
324 Nassir Little PHX 24 40 24 16 11.1 104.0 112.4 -8.4 7.0 1.62 13.3 3.1 12.1 7.7 8.2 55.6 58.5 12.7 101.42 7.4 943
324 Richaun Holmes WAS 30 40 13 27 13.9 108.1 115.8 -7.7 6.2 1.04 11.6 11.5 19.8 15.5 11.1 56.1 59.3 14.1 102.35 9.1 1182
330 Cam Whitmore HOU 19 39 16 23 18.0 109.1 110.4 -1.3 4.3 0.53 4.0 4.6 15.7 9.9 7.6 54.6 56.5 25.8 104.07 11.6 1512
330 Gary Payton II GSW 31 39 23 16 15.3 113.6 109.7 3.9 9.9 1.91 19.0 6.8 9.9 8.3 9.9 59.2 59.7 12.5 104.13 7.6 1293
330 Jacob Gilyard BKN 25 39 12 27 17.1 106.3 117.8 -11.5 29.4 4.59 43.2 1.1 5.6 3.2 9.4 58.6 58.9 11.3 97.38 7.9 1357
330 Malcolm Brogdon POR 31 39 15 24 28.7 110.7 114.5 -3.7 30.1 3.57 26.1 2.4 10.8 6.5 7.3 52.2 56.0 22.6 99.51 12.2 2326
330 Mason Plumlee LAC 34 39 25 14 14.3 117.9 116.1 1.8 10.1 1.54 18.5 9.9 24.7 17.7 12.1 61.5 65.5 14.5 100.04 11.4 1161
330 Sandro Mamukelashvili SAS 24 39 8 31 6.9 110.4 105.0 5.4 18.0 3.40 23.9 10.1 18.4 14.0 7.0 53.4 56.0 16.1 105.05 11.4 588
336 Kobe Brown LAC 24 38 25 13 7.9 110.3 120.2 -9.9 7.5 2.43 18.9 3.2 12.5 7.7 7.8 49.2 49.3 10.1 99.34 3.4 619
336 Nikola Jovic MIA 20 38 19 19 18.6 116.2 105.9 10.3 14.0 2.11 22.0 3.3 18.6 11.1 10.4 55.5 56.6 16.4 98.16 8.6 1442
338 Bismack Biyombo OKC 31 37 18 19 20.5 110.7 114.7 -3.9 9.1 1.26 22.0 7.7 17.7 12.7 17.4 55.3 55.2 10.5 99.29 6.2 1566
338 Bruno Fernando ATL 25 37 18 19 14.0 110.2 111.5 -1.4 9.1 0.91 13.4 10.9 20.5 15.8 14.6 59.0 61.5 17.3 98.92 10.4 1063
338 Luke Kennard MEM 27 37 13 24 25.3 106.4 115.3 -8.8 20.7 2.53 25.6 1.2 10.6 5.8 10.1 61.8 64.2 16.6 99.68 10.0 1943
338 Maxi Kleber DAL 32 37 23 14 20.3 116.5 112.9 3.6 9.5 2.38 25.6 3.1 12.5 8.0 10.8 52.4 54.8 9.5 101.72 5.0 1597
338 Thomas Bryant MIA 26 37 21 16 11.3 112.4 111.3 1.1 8.0 1.16 10.9 9.1 23.0 16.1 9.5 57.6 62.7 18.5 99.05 11.8 858
343 A.J. Lawson DAL 23 36 23 13 7.0 111.4 106.9 4.5 7.6 1.40 10.7 4.1 8.6 6.3 7.6 54.6 55.9 17.7 107.52 7.9 572
343 Bol Bol PHX 24 36 23 13 11.3 110.9 109.6 1.3 5.8 1.07 9.4 7.4 19.3 13.8 8.8 69.0 70.0 15.7 100.40 13.2 855
343 Davis Bertans CHA 31 36 18 18 14.3 107.0 113.0 -6.1 8.1 2.64 12.7 1.3 8.5 4.7 4.8 54.7 58.0 16.5 99.41 7.1 1078
343 De'Anthony Melton PHI 25 36 23 13 27.8 121.9 111.9 10.0 14.2 2.82 20.6 2.7 11.0 6.8 7.3 49.9 54.0 17.6 101.25 7.9 2115
343 Eugene Omoruyi WAS 27 36 4 32 7.9 96.7 112.7 -16.0 16.0 1.50 14.8 9.0 15.2 11.9 9.9 51.7 55.0 21.4 108.23 9.8 632
343 Jalen Wilson BKN 23 36 11 25 13.8 114.2 115.0 -0.8 10.1 2.64 18.8 7.1 12.4 9.6 7.1 49.6 54.7 13.4 96.63 7.4 1004
343 Luka Samanic UTA 24 36 13 23 7.0 108.1 109.5 -1.4 5.1 0.60 6.9 4.6 19.7 12.5 11.5 42.1 47.8 19.3 106.42 6.7 559
343 Reggie Bullock Jr. HOU 33 36 21 15 9.6 108.8 110.9 -2.1 4.9 1.63 13.7 1.6 16.2 8.9 8.4 56.8 57.1 9.9 101.20 6.7 728
343 Sasha Vezenkov SAC 28 36 19 17 12.5 113.3 112.4 1.0 4.9 1.33 8.0 6.5 12.8 9.6 6.0 56.8 57.9 17.1 102.98 8.7 959
343 Trent Forrest ATL 25 36 18 18 10.8 105.0 114.4 -9.4 29.9 4.72 43.4 2.5 10.1 6.1 9.2 37.6 41.8 12.3 98.91 6.8 799
343 Tyler Herro MIA 24 36 19 17 33.6 112.0 112.7 -0.7 21.4 2.05 17.3 1.5 14.1 7.8 8.4 52.7 54.9 26.9 98.97 11.6 2491
354 Furkan Korkmaz PHI 26 35 22 13 8.6 116.5 110.2 6.4 10.8 2.50 21.2 1.3 8.7 4.9 8.5 48.7 51.9 12.6 104.27 6.1 653
354 Markelle Fultz ORL 25 35 21 14 21.5 109.0 106.7 2.3 20.1 2.60 24.7 6.0 9.3 7.6 9.5 47.2 48.2 17.9 99.27 8.6 1559
354 Olivier-Maxence Prosper DAL 21 35 21 14 7.5 102.6 112.9 -10.3 10.5 4.00 17.2 6.3 15.7 10.8 4.3 40.0 46.1 14.3 105.18 7.4 581
354 Skylar Mays LAL 26 35 13 22 12.2 103.9 115.0 -11.1 29.3 4.20 31.3 2.1 8.4 5.0 7.5 44.9 46.8 18.0 99.39 8.8 882
358 Damian Jones CLE 28 34 22 12 7.3 97.4 111.7 -14.3 9.3 1.08 14.1 7.4 17.8 12.5 13.1 61.5 66.0 14.9 96.53 11.3 506
358 Danuel House Jr. PHI 30 34 21 13 15.0 109.9 107.7 2.3 7.5 1.47 16.4 3.0 8.1 5.5 11.1 51.9 57.5 11.6 101.74 5.3 1077
358 DeAndre Jordan DEN 35 34 23 11 11.3 106.6 115.7 -9.1 10.0 1.13 15.8 12.9 23.7 18.4 13.9 62.4 61.0 15.0 97.40 11.3 782
358 Joel Embiid PHI 30 34 26 8 34.0 120.6 110.5 10.1 31.2 1.53 15.5 7.8 24.1 16.3 10.1 56.0 64.5 38.6 101.01 22.6 2429
358 Lamar Stevens MEM 26 34 19 15 13.1 102.7 105.1 -2.3 8.7 0.96 8.6 5.7 14.7 10.2 9.0 49.5 53.1 21.8 99.52 11.2 923
358 Yuta Watanabe MEM 29 34 18 16 13.7 107.4 114.7 -7.3 4.5 0.79 9.5 2.3 8.8 5.6 12.0 46.1 47.4 12.9 99.95 3.0 969
364 Dominick Barlow SAS 20 33 7 26 12.7 113.3 117.8 -4.5 11.4 4.00 20.2 9.8 16.7 13.0 5.1 50.9 54.8 13.9 101.20 8.4 888
364 Jared Butler WAS 23 33 5 28 12.4 106.5 110.0 -3.4 33.5 2.30 32.9 1.4 7.6 4.5 14.3 54.0 57.2 19.2 101.56 9.9 861
364 Jeremiah Robinson-Earl NOP 23 33 18 15 9.3 107.6 107.7 -0.1 9.3 1.54 15.9 6.6 14.9 10.8 10.3 55.8 58.3 14.0 102.45 9.4 654
364 Lester Quinones GSW 23 33 20 13 11.2 109.6 108.8 0.8 12.1 2.06 17.8 4.8 13.2 8.8 8.6 50.0 52.3 16.2 101.48 6.5 785
364 Orlando Robinson MIA 23 33 18 15 9.1 114.3 109.4 4.9 16.3 1.89 25.2 10.1 19.2 14.8 13.3 55.6 59.6 14.5 97.97 9.8 608
364 Svi Mykhailiuk BOS 26 33 26 7 8.9 118.0 104.5 13.5 9.7 2.44 16.8 2.7 9.0 5.9 6.9 51.5 52.0 15.5 98.60 6.7 601
364 Taylor Hendricks UTA 20 33 11 22 20.8 109.1 117.7 -8.6 4.2 0.95 8.5 5.5 16.3 10.9 8.9 53.6 55.6 13.5 102.05 6.7 1458
364 Tre Mann CHA 23 33 18 15 22.3 105.3 112.1 -6.8 24.8 2.52 28.6 2.4 14.1 8.3 11.3 53.6 55.6 18.3 96.80 10.5 1491
364 Wesley Matthews ATL 37 33 10 23 12.0 109.9 115.3 -5.5 7.7 2.75 16.5 2.0 10.7 6.2 6.0 48.4 51.6 11.7 101.66 4.8 831
373 Bones Hyland LAC 23 32 18 14 13.6 107.3 112.3 -5.1 24.6 1.82 23.1 0.9 6.8 3.9 12.7 45.2 47.0 23.2 99.51 6.0 905
373 Patrick Baldwin Jr. WAS 21 32 6 26 10.3 101.9 106.2 -4.3 8.2 1.43 13.7 3.4 19.8 11.4 9.6 40.0 42.8 15.4 104.94 6.0 726
373 Shaedon Sharpe POR 20 32 8 24 33.1 105.8 116.0 -10.3 13.8 1.31 14.5 3.6 11.6 7.3 11.1 47.5 52.4 22.0 99.67 8.0 2190
376 Kevin Knox II DET 24 31 4 27 18.1 109.4 117.2 -7.8 5.7 1.05 9.6 3.0 10.8 6.6 9.2 54.6 57.0 15.7 103.16 6.2 1208
376 Lindy Waters III OKC 26 31 21 10 6.4 102.4 108.2 -5.8 12.6 2.67 17.6 1.9 12.4 7.2 6.6 58.7 59.0 16.0 100.59 8.1 420
376 Ousmane Dieng OKC 20 31 19 12 11.0 110.3 109.5 0.8 13.7 1.94 20.5 2.9 11.1 7.1 10.6 51.0 54.0 16.0 99.76 7.2 707
376 Rayan Rupert POR 19 31 5 26 12.0 106.2 115.0 -8.8 13.9 1.95 23.8 4.0 13.1 8.1 12.2 46.9 50.3 13.7 101.01 5.5 786
380 Jarace Walker IND 20 30 15 15 10.5 118.4 114.9 3.5 13.6 2.47 23.6 3.5 15.3 9.3 9.6 49.5 51.4 15.3 104.44 7.5 686
380 Patty Mills MIA 35 30 14 16 13.2 111.6 108.1 3.5 10.9 2.06 18.8 2.1 6.6 4.2 9.1 44.8 46.9 15.1 100.28 4.5 829
380 Terry Taylor CHI 24 30 12 18 5.9 107.5 104.6 2.9 7.2 1.43 18.2 8.5 10.3 9.4 12.7 54.1 54.8 10.8 100.52 5.7 374
383 Jake LaRavia MEM 22 29 5 24 20.6 101.6 112.1 -10.5 11.7 1.52 12.7 6.4 9.4 7.8 8.3 44.3 50.3 19.4 99.50 7.6 1236
383 Jarred Vanderbilt LAL 24 29 14 15 20.0 113.6 109.4 4.2 7.7 1.29 18.7 7.3 16.4 12.0 14.5 55.3 57.8 11.1 103.85 7.7 1253
383 Robert Covington PHI 33 29 20 9 16.8 115.6 103.6 12.1 6.4 2.18 16.8 6.4 12.7 9.7 7.7 53.6 58.0 10.4 98.87 7.9 998
383 Thaddeus Young PHX 35 29 9 20 14.0 116.8 117.8 -1.0 18.2 4.23 31.1 10.4 13.5 12.0 7.3 61.7 60.5 12.7 98.58 9.7 835
383 Thanasis Antetokounmpo MIL 31 29 19 10 4.7 100.7 110.7 -10.0 14.7 1.17 26.4 5.0 4.3 4.6 22.6 50.0 48.4 12.3 101.63 1.1 288
388 Cody Martin CHA 28 28 7 21 26.9 106.4 116.9 -10.5 19.2 2.36 27.6 2.4 12.4 7.2 11.7 44.4 46.0 15.7 98.10 6.6 1541
388 Justin Minaya POR 25 28 2 26 7.7 98.9 103.6 -4.7 6.1 1.29 14.8 5.7 8.9 7.2 11.5 36.6 38.2 10.0 98.17 3.0 438
388 Maxwell Lewis LAL 21 28 14 14 3.2 72.8 104.7 -31.9 10.4 0.63 17.9 1.1 2.2 1.6 28.6 23.3 23.3 10.7 105.29 -2.5 195
391 Ricky Council IV PHI 22 27 10 17 8.7 111.5 112.1 -0.5 7.1 2.75 7.7 5.1 12.2 8.4 2.8 52.6 59.8 22.5 102.91 11.5 504
392 Brandon Boston Jr. LAC 22 26 15 11 8.5 104.8 123.3 -18.5 5.0 0.64 5.6 4.8 8.6 6.7 8.7 46.9 49.7 22.4 99.08 4.7 457
392 Cory Joseph GSW 32 26 10 16 11.4 114.2 117.2 -3.0 17.4 3.50 34.7 1.9 8.3 5.0 9.9 46.1 47.0 10.8 102.20 4.2 633
392 Jontay Porter TOR 24 26 6 20 13.8 105.8 115.0 -9.2 22.6 2.86 30.9 7.1 15.3 11.2 10.8 48.1 51.4 15.5 103.94 9.3 779
392 Josh Minott MIN 21 26 20 6 2.7 97.6 101.3 -3.7 9.1 2.00 10.5 3.9 13.7 8.7 5.3 48.1 57.3 18.3 110.86 12.3 166
392 Neemias Queta BOS 24 26 22 4 11.4 128.9 108.8 20.1 6.1 1.40 12.0 15.3 19.6 17.5 8.5 61.4 63.6 14.5 97.70 10.8 599
397 Brice Sensabaugh UTA 20 25 6 19 16.8 110.1 123.8 -13.8 13.8 1.08 17.1 2.5 14.8 8.5 15.8 44.3 48.4 19.7 101.48 5.6 885
397 Evan Fournier DET 31 25 7 18 17.4 97.1 108.1 -11.0 13.2 2.00 15.6 0.9 9.3 5.0 7.8 43.5 47.0 19.0 101.74 6.1 923
397 Kira Lewis Jr. UTA 22 25 10 15 8.1 98.2 106.4 -8.2 24.2 2.50 24.8 3.5 5.9 4.7 9.9 37.5 43.4 18.4 103.29 7.2 435
397 Monte Morris MIN 28 25 16 9 14.6 111.4 105.4 6.0 20.6 9.00 28.7 1.5 9.3 5.2 3.2 47.1 49.0 15.7 99.26 9.1 755
397 Nathan Mensah CHA 25 25 3 22 12.3 94.9 114.5 -19.6 4.3 0.64 15.8 8.7 12.7 10.5 24.6 42.9 49.6 6.8 99.71 0.7 633
397 P.J. Tucker LAC 38 25 10 15 15.6 109.4 112.2 -2.8 4.1 1.50 20.0 5.9 12.2 9.1 13.3 46.2 48.4 5.3 98.61 2.8 796
397 Zach LaVine CHI 29 25 10 15 34.9 109.9 115.3 -5.4 17.2 1.88 17.3 0.9 13.4 7.2 9.2 53.1 57.8 23.8 97.91 11.0 1780
404 Collin Gillespie DEN 24 24 15 9 9.4 111.7 109.2 2.5 16.4 1.93 23.5 0.4 8.5 4.5 12.2 57.2 58.6 16.6 99.78 7.1 470
404 Derrick Rose MEM 35 24 6 18 16.6 103.9 107.7 -3.8 31.0 2.52 27.3 1.7 8.9 5.3 10.8 50.6 54.0 22.2 101.51 10.8 844
404 Jalen Pickett DEN 24 24 17 7 4.8 102.9 106.3 -3.4 22.5 2.00 29.0 0.9 8.9 5.2 14.5 54.5 56.1 16.6 99.23 6.4 242
404 Matt Ryan NOP 26 24 13 11 15.6 109.4 106.8 2.6 6.3 0.94 11.2 1.5 8.0 4.8 11.8 62.1 64.3 14.8 103.52 6.5 809
404 Stanley Umude DET 24 24 4 20 12.8 104.1 113.8 -9.7 5.3 0.79 9.1 2.7 13.0 8.1 11.6 58.3 64.7 15.0 103.78 7.2 659
409 Colby Jones SAC 21 23 12 11 6.3 105.4 109.5 -4.1 14.7 2.33 18.4 7.8 11.7 9.6 7.9 38.0 38.3 17.4 98.36 3.9 296
409 Isaiah Livers WAS 25 23 1 22 20.4 106.1 125.4 -19.3 7.1 1.56 15.2 3.0 7.3 5.0 9.7 44.0 46.0 12.2 103.54 2.6 1011
409 Mitchell Robinson NYK 26 23 13 10 28.1 116.9 113.7 3.2 3.1 0.60 8.8 17.1 18.1 17.6 14.6 58.2 56.0 10.0 97.13 8.8 1304
412 Harry Giles III LAL 25 22 10 12 4.5 110.1 123.8 -13.7 8.8 1.00 9.0 10.6 16.3 13.3 9.0 49.0 50.3 23.7 103.20 7.7 208
412 Jamal Cain MIA 25 22 11 11 11.5 107.0 108.6 -1.6 5.7 1.25 9.3 6.0 8.6 7.3 7.4 50.0 54.4 16.2 100.05 6.9 525
412 LaMelo Ball CHA 22 22 7 15 32.3 111.8 120.2 -8.4 39.5 2.12 24.3 3.8 12.2 7.8 11.5 51.5 56.1 31.5 103.00 13.3 1522
412 Leaky Black CHA 24 22 1 21 9.9 104.9 113.1 -8.2 11.3 3.60 26.1 3.5 13.8 8.5 7.2 52.6 55.4 10.1 99.38 6.9 450
412 Markieff Morris DAL 34 22 13 9 7.9 103.4 118.3 -14.9 10.0 1.20 15.4 2.2 14.9 8.4 12.8 49.1 50.2 15.5 103.13 6.5 379
412 Tari Eason HOU 22 22 12 10 21.8 112.6 103.1 9.4 8.7 1.35 10.8 8.8 20.3 14.5 8.0 51.3 52.8 18.8 101.43 13.1 1011
418 Admiral Schofield ORL 27 21 14 7 3.8 89.6 97.6 -8.0 15.0 1.50 17.1 2.5 14.8 8.9 11.4 47.9 46.2 16.3 101.35 5.8 164
418 Garrett Temple TOR 37 21 4 17 7.1 102.5 108.5 -6.0 15.4 2.67 24.2 5.3 14.0 9.6 9.1 56.4 61.1 13.8 101.87 10.0 319
418 Ibou Badji POR 21 21 5 16 10.3 95.3 113.3 -18.0 9.3 0.93 24.5 8.5 14.7 11.5 26.4 65.0 63.3 7.8 100.63 3.6 446
418 Jalen Hood-Schifino LAL 20 21 10 11 5.2 88.9 111.9 -23.0 12.9 0.89 11.1 1.7 9.6 5.7 12.5 24.4 31.6 24.2 103.50 -1.8 235
418 Saben Lee PHX 24 21 12 9 8.5 105.8 101.1 4.8 25.9 3.75 27.3 5.3 11.0 8.4 7.3 35.8 47.7 18.9 102.08 9.9 377
423 Aleksej Pokusevski CHA 22 20 11 9 12.7 101.7 119.8 -18.1 14.3 2.00 20.7 5.0 15.8 10.2 10.3 45.1 48.9 15.7 97.15 8.0 517
423 Gui Santos GSW 21 20 14 6 7.9 112.2 109.3 2.9 9.2 1.57 15.9 8.5 16.7 12.6 10.1 60.2 66.2 14.4 101.79 10.4 337
423 Luka Garza MIN 25 20 15 5 5.0 99.6 113.4 -13.8 5.1 0.60 4.1 10.9 11.8 11.3 6.8 51.8 55.5 26.9 106.87 8.1 225
423 Marcus Smart MEM 30 20 7 13 30.2 108.5 109.2 -0.8 21.1 1.39 21.0 0.9 7.3 4.1 15.1 51.9 55.2 22.5 102.65 8.3 1289
423 Ryan Arcidiacono NYK 30 20 15 5 2.3 82.1 80.0 2.1 13.3 2.00 33.3 0.0 13.8 7.5 16.7 0.0 0.0 7.4 100.99 0.8 95
428 Braxton Key DEN 27 19 13 6 3.1 96.9 103.1 -6.3 23.1 9.00 31.0 4.9 21.7 13.2 3.4 47.1 50.9 14.7 104.03 13.0 127
428 Charles Bassey SAS 23 19 3 16 10.8 105.1 116.7 -11.6 13.6 1.40 26.9 10.2 26.5 17.8 19.2 72.5 73.9 11.0 105.69 11.6 455
428 Jerome Robinson GSW 27 19 14 5 3.6 108.5 93.2 15.3 9.4 2.50 12.2 1.3 5.3 3.3 4.9 34.5 38.9 19.9 105.31 2.2 153
428 Mark Williams CHA 22 19 7 12 26.8 115.2 116.4 -1.2 5.9 1.29 10.0 14.3 20.9 17.6 7.7 64.9 67.5 16.2 100.03 12.9 1056
428 Moses Brown POR 24 19 4 15 8.8 103.7 118.8 -15.1 5.7 0.75 7.9 15.0 24.5 19.2 10.5 47.1 43.5 16.6 100.79 6.3 350
428 Wendell Moore Jr. MIN 22 19 15 4 2.8 88.9 110.5 -21.6 5.1 0.67 12.5 0.0 12.7 6.3 18.8 45.5 45.5 9.9 113.96 5.2 126
434 AJ Griffin ATL 20 18 8 10 7.4 109.7 119.5 -9.8 4.2 0.67 7.1 1.4 10.1 5.4 10.7 38.9 40.3 15.6 107.79 1.8 298
434 Nate Williams HOU 25 18 9 9 5.5 114.4 106.6 7.7 9.0 3.50 14.3 8.8 5.4 7.1 4.1 51.4 54.5 16.3 103.84 8.0 216
434 Onuralp Bitim CHI 25 18 8 10 12.5 106.8 114.9 -8.1 8.3 1.86 14.8 2.5 10.5 6.5 8.0 50.8 51.7 13.8 99.80 5.1 469
434 Trey Jemison MEM 24 18 3 15 19.5 108.7 111.8 -3.1 7.0 0.73 12.4 10.6 11.7 11.1 17.1 59.0 61.9 13.6 97.35 6.4 700
438 Chris Livingston MIL 20 17 11 6 4.2 109.0 117.4 -8.4 8.6 1.25 17.9 3.2 19.4 11.6 14.3 47.2 50.3 13.5 103.92 4.7 156
438 Jay Huff DEN 26 17 13 4 2.6 89.9 102.0 -12.1 8.0 2.00 11.8 2.3 19.6 11.2 5.9 65.4 68.4 14.3 109.52 10.3 99
438 Kenneth Lofton Jr. UTA 21 17 5 12 6.3 103.4 106.3 -2.9 20.0 1.75 19.7 1.6 15.5 7.8 11.3 38.4 41.3 21.0 106.14 4.3 237
438 Taj Gibson DET 38 17 7 10 10.4 103.8 109.6 -5.8 6.6 1.80 22.5 5.6 11.4 8.5 12.5 34.0 36.7 7.7 101.13 1.1 369
438 Theo Maledon PHX 22 17 5 12 12.5 107.8 121.6 -13.8 17.4 1.56 23.0 1.6 9.3 5.3 14.8 32.1 38.5 17.3 104.35 2.9 463
443 Ashton Hagans POR 24 16 2 14 17.3 106.5 108.6 -2.1 24.2 1.68 32.4 3.9 10.6 7.2 19.3 48.4 52.4 15.1 96.80 6.8 555
443 DaQuan Jeffries NYK 26 16 10 6 2.8 89.4 92.7 -3.3 18.5 1.67 19.2 0.0 9.8 4.7 11.5 41.2 39.1 19.8 102.26 4.0 94
443 Devonte' Graham SAS 29 16 4 12 8.9 116.8 104.3 12.6 21.1 3.83 29.9 1.3 13.7 7.2 7.8 53.3 56.2 15.7 102.54 9.9 303
443 Dylan Windler ATL 27 16 9 7 5.1 111.1 105.7 5.4 15.3 9.00 27.3 1.3 12.5 7.6 3.0 67.4 67.4 12.8 101.55 10.3 171
443 Joe Harris DET 32 16 4 12 10.6 104.9 119.4 -14.5 7.9 2.50 18.5 1.7 5.7 3.7 7.4 48.7 48.9 10.4 104.06 2.2 371
443 Noah Clowney BKN 19 16 7 9 10.3 112.6 112.6 0.0 7.5 1.50 14.8 6.3 16.8 11.1 9.8 50.0 53.0 13.1 99.42 7.2 341
443 Robin Lopez MIL 36 16 10 6 4.0 95.8 115.9 -20.1 8.7 2.00 15.4 4.5 3.0 3.8 7.7 42.1 45.3 13.9 104.19 2.6 143
450 Ben Simmons BKN 27 15 7 8 23.9 109.6 113.0 -3.4 30.6 3.19 44.3 8.0 24.1 15.8 13.9 58.1 57.1 12.6 102.24 11.9 759
450 Cole Swider MIA 24 15 6 9 5.5 102.4 109.5 -7.2 8.5 0.50 8.2 1.1 8.0 4.3 16.3 55.6 56.9 22.7 98.07 6.8 170
450 Jules Bernard WAS 24 15 2 13 7.4 108.3 106.8 1.5 16.9 3.25 18.6 5.3 8.0 6.5 5.7 51.0 51.4 19.3 102.73 8.2 242
450 Otto Porter Jr. TOR 30 15 6 9 11.6 112.2 107.5 4.7 5.8 4.00 18.2 3.2 13.0 8.0 4.5 54.5 56.8 8.3 103.13 5.4 376
454 Hunter Tyson DEN 23 14 10 4 2.9 105.5 102.3 3.2 6.7 1.00 9.5 2.6 19.0 11.1 9.5 52.9 52.9 20.0 105.72 3.9 91
454 James Bouknight CHA 23 14 0 14 5.8 107.8 115.2 -7.3 12.5 3.00 12.0 1.2 11.8 6.0 4.0 59.8 59.7 24.0 98.20 11.1 166
454 Javon Freeman-Liberty TOR 24 14 1 13 16.9 106.1 119.4 -13.3 12.7 1.83 19.1 3.3 14.7 8.7 10.4 45.1 52.1 16.6 100.68 7.2 494
454 Jett Howard ORL 20 14 7 7 3.7 95.7 98.3 -2.6 10.3 1.50 10.0 2.0 7.0 4.6 6.7 45.7 46.4 21.3 107.13 5.0 116
454 Johnny Juzang UTA 23 14 3 11 15.0 113.3 114.7 -1.4 7.1 1.83 13.3 2.4 7.6 5.0 7.2 54.5 54.9 14.5 97.55 4.9 429
454 Olivier Sarr OKC 25 14 7 7 6.8 109.1 104.0 5.1 3.0 0.67 6.5 11.5 23.6 18.1 9.7 63.2 66.4 12.9 100.77 9.6 198
454 Tosan Evbuomwan DET 23 14 1 13 19.7 100.5 118.2 -17.6 5.5 1.43 12.0 4.8 12.3 8.3 8.4 54.5 57.1 11.4 98.75 5.6 563
454 Udoka Azubuike PHX 24 14 10 4 7.7 108.8 126.0 -17.2 3.9 0.75 8.8 10.2 18.3 14.3 11.8 72.7 65.2 11.9 101.73 7.0 228
454 Vit Krejci ATL 23 14 7 7 25.8 120.9 118.2 2.8 10.3 2.82 28.7 1.6 6.8 3.9 10.2 60.9 61.9 9.0 96.02 4.2 726
463 Emoni Bates CLE 20 13 7 6 7.8 95.2 122.6 -27.4 11.1 3.50 14.6 1.0 10.8 5.7 4.2 44.6 43.9 18.1 98.07 4.5 207
463 Scotty Pippen Jr. MEM 23 13 2 11 23.4 102.5 112.8 -10.3 31.3 1.81 26.8 3.3 10.1 6.5 14.8 59.1 61.9 21.2 100.28 10.5 640
463 Trevelin Queen ORL 27 13 5 8 12.5 108.2 108.3 -0.1 16.7 2.57 26.5 2.1 9.6 6.2 10.3 40.8 46.2 13.8 98.29 5.8 330
466 Boban Marjanovic HOU 35 12 8 4 4.6 98.4 119.7 -21.3 10.3 2.00 12.1 11.5 31.5 21.7 6.1 45.8 50.1 21.2 106.49 12.2 122
466 Brandon Williams DAL 24 12 7 5 4.9 93.8 114.7 -20.9 32.4 4.00 29.3 4.2 6.3 5.1 7.3 40.9 44.7 20.0 104.80 7.6 129
466 Daishen Nix MIN 22 12 9 3 3.3 117.8 101.2 16.6 6.7 1.00 7.7 0.0 2.7 1.2 7.7 52.5 50.6 23.3 107.42 6.7 90
466 Kendall Brown IND 20 12 7 5 3.6 83.2 102.2 -19.0 15.4 4.00 21.1 6.1 2.5 4.5 5.3 60.0 62.9 13.0 103.31 7.5 95
466 Micah Potter UTA 25 12 2 10 10.6 100.0 106.2 -6.2 2.4 0.67 7.4 3.7 15.6 9.8 11.1 73.8 76.2 8.4 97.61 9.8 258
466 Terquavion Smith PHI 21 12 4 8 5.8 118.2 117.9 0.3 18.9 2.50 18.2 0.0 3.0 1.4 7.3 55.0 55.7 23.8 113.36 8.8 165
472 Jermaine Samuels Jr. HOU 25 11 6 5 4.8 105.1 115.5 -10.4 4.8 0.00 14.3 4.1 18.0 11.1 0.0 72.7 75.8 9.2 105.42 10.6 117
472 Juan Toscano-Anderson SAC 30 11 7 4 4.8 99.1 99.2 -0.1 10.8 2.00 22.2 6.8 16.7 11.8 11.1 29.2 29.2 10.6 104.36 1.3 110
472 Leonard Miller MIN 20 11 10 1 3.0 85.3 104.2 -18.8 26.3 5.00 29.4 6.1 29.4 17.9 5.9 68.2 68.2 14.8 107.02 17.4 75
472 Moussa Diabate LAC 22 11 7 4 5.8 117.7 121.1 -3.4 8.9 2.00 12.5 22.7 12.9 17.6 6.3 52.6 57.6 17.1 96.39 14.1 130
472 Nate Hinton HOU 24 11 6 5 5.2 112.9 100.8 12.1 13.0 3.00 20.0 5.3 13.2 9.6 6.7 67.5 69.8 16.1 110.14 11.4 132
477 Armoni Brooks BKN 25 10 3 7 10.4 127.7 114.0 13.7 6.0 1.67 9.3 6.1 9.8 7.9 5.6 44.6 44.8 18.8 98.52 5.4 213
477 Colin Castleton LAL 23 10 5 5 4.5 87.2 117.2 -30.0 13.0 1.50 16.7 9.3 14.3 11.8 11.1 63.6 70.5 14.6 99.32 8.4 94
477 Ish Wainright PHX 29 10 2 8 6.1 78.7 86.0 -7.3 3.0 0.50 3.6 3.8 16.9 9.7 7.1 43.8 46.2 16.9 108.59 9.0 141
477 Jared Rhoden DET 24 10 1 9 9.9 111.8 116.4 -4.6 10.3 1.17 17.9 2.2 15.7 9.0 15.4 60.0 61.8 13.7 101.72 6.5 212
477 Justin Champagnie WAS 22 10 3 7 15.1 105.3 117.2 -11.8 11.4 1.33 15.6 6.1 12.7 9.0 11.7 50.0 54.3 17.4 101.42 8.1 318
477 Ryan Rollins MIL 21 10 1 9 6.6 120.8 82.0 38.8 20.0 1.57 22.0 3.2 11.8 7.9 14.0 56.0 63.1 23.2 108.92 16.8 149
483 DeJon Jarreau MEM 26 9 2 7 16.6 102.9 107.5 -4.6 25.7 2.89 28.9 4.3 23.8 13.0 10.0 38.0 39.2 17.1 100.95 9.0 310
483 Dru Smith MIA 26 9 7 2 14.5 97.4 112.5 -15.0 18.7 2.80 26.4 4.1 5.8 4.9 9.4 56.1 57.6 12.8 99.74 8.3 271
483 Ja Morant MEM 24 9 6 3 35.3 111.0 111.1 -0.2 38.4 2.70 24.5 1.9 13.4 7.7 9.1 51.2 57.0 29.6 101.08 15.7 675
483 Jacob Toppin NYK 23 9 2 7 4.2 98.7 118.4 -19.8 14.3 3.00 21.4 7.7 14.8 10.6 7.1 61.1 65.8 13.3 94.99 9.0 75
483 Jalen Slawson SAC 24 9 6 3 3.5 98.4 114.3 -15.8 9.1 1.00 22.2 3.0 18.8 10.8 22.2 60.0 60.0 9.0 96.98 4.8 64
483 Jaylen Nowell MEM 24 9 3 6 17.3 108.2 108.8 -0.6 14.5 3.20 20.8 1.8 6.7 4.2 6.5 43.6 45.3 16.2 101.14 4.9 329
483 Keyontae Johnson OKC 23 9 7 2 7.4 100.0 105.8 -5.8 8.5 1.00 16.7 6.5 9.5 8.0 16.7 34.4 34.4 12.8 100.42 1.5 139
483 Kobe Bufkin ATL 20 9 6 3 9.9 105.7 102.6 3.1 25.0 3.00 25.4 2.2 11.9 7.3 8.5 41.9 42.6 20.3 103.24 7.9 192
483 Seth Lundy ATL 23 9 2 7 5.8 102.7 114.4 -11.7 0.0 0.00 0.0 2.2 11.8 7.2 5.0 32.4 37.3 16.8 102.49 -0.2 111
483 Xavier Moon LAC 29 9 5 4 4.1 75.0 119.2 -44.2 35.0 1.75 26.9 5.0 8.1 6.5 15.4 35.7 37.0 21.8 102.39 4.1 80
493 Amari Bailey CHA 20 8 0 8 3.9 107.8 104.8 3.1 8.3 2.00 12.5 6.7 0.0 3.3 6.3 25.0 27.2 18.9 98.32 0.0 64
493 Charlie Brown Jr. NYK 27 8 2 6 4.7 104.1 105.1 -1.0 0.0 0.00 0.0 2.5 2.7 2.6 16.7 30.0 30.0 14.5 97.20 -4.7 73
493 E.J. Liddell NOP 23 8 3 5 2.9 98.1 109.8 -11.7 6.7 0.50 10.0 0.0 21.7 10.6 20.0 16.7 29.1 14.8 108.13 4.5 53
493 James Johnson IND 37 8 3 5 5.0 114.8 115.9 -1.1 18.9 1.75 33.3 2.4 9.4 5.4 19.0 33.3 40.5 13.7 104.57 3.7 88
493 Jordan Miller LAC 24 8 5 3 3.5 95.2 119.7 -24.4 0.0 0.00 0.0 10.3 5.7 7.8 9.1 61.1 65.8 15.3 105.56 8.4 63
493 Matt Hurt MEM 23 8 2 6 14.2 98.7 104.8 -6.0 6.2 2.00 9.8 7.0 6.0 6.5 4.9 42.6 45.3 13.4 98.34 5.4 233
493 Mouhamadou Gueye TOR 25 8 0 8 8.0 72.7 111.5 -38.8 6.7 0.33 6.5 11.4 3.9 7.5 19.4 30.0 30.9 19.3 98.48 -0.7 132
493 Oscar Tshiebwe IND 24 8 2 6 5.2 114.9 98.9 15.9 6.5 0.00 7.7 16.7 22.9 19.3 0.0 50.0 55.3 20.5 108.21 16.5 94
493 R.J. Hampton MIA 23 8 3 5 9.5 118.4 107.8 10.6 12.7 2.67 30.8 2.6 4.5 3.6 11.5 32.1 33.6 9.8 98.50 0.3 158
493 T.J. Warren MIN 30 8 5 3 13.2 110.4 101.3 9.1 8.4 1.75 15.2 4.1 11.3 7.4 8.7 41.2 41.6 14.6 104.12 4.0 230
503 D'Moi Hodge LAL 25 7 1 6 5.9 86.4 130.6 -44.2 22.7 5.00 22.7 0.0 0.0 0.0 4.5 43.3 44.1 17.2 100.67 2.7 88
503 Jahmi'us Ramsey TOR 22 7 0 7 17.3 100.4 110.8 -10.4 10.3 1.14 13.6 3.3 13.0 8.5 11.9 51.2 53.8 18.0 102.87 8.5 259
503 Jeff Dowtin Jr. PHI 26 7 2 5 12.3 117.8 108.9 8.8 26.6 3.40 39.5 2.3 9.9 6.2 11.6 72.5 74.2 13.1 93.96 13.1 169
506 Dereon Seabron NOP 23 6 3 3 9.2 118.8 92.5 26.3 11.6 0.00 23.8 2.1 8.2 5.8 0.0 34.6 44.8 12.2 103.26 6.9 117
506 Gabe Vincent LAL 27 6 3 3 23.6 101.0 102.7 -1.7 16.7 5.33 28.6 1.4 2.7 2.0 5.4 38.9 39.3 11.9 101.48 3.1 300
506 Greg Brown III DAL 22 6 3 3 6.6 101.1 110.6 -9.6 13.8 1.00 17.4 6.4 12.2 9.4 17.4 50.0 50.1 17.8 113.53 4.4 94
506 Isaiah Mobley CLE 24 6 1 5 8.5 106.9 114.6 -7.7 16.2 6.00 30.0 0.0 14.3 6.7 5.0 46.2 46.2 12.5 96.75 4.9 102
506 JD Davison BOS 21 6 6 0 1.9 112.5 70.4 42.1 14.3 0.00 20.0 10.0 13.3 12.0 0.0 100 103.1 14.3 106.96 24.7 24
506 Jamaree Bouyea SAS 24 6 0 6 9.5 80.3 100.0 -19.7 25.8 1.00 21.6 2.7 15.7 8.1 21.6 23.8 23.8 20.0 101.51 0.0 122
506 Jordan Ford SAC 25 6 2 4 3.6 128.9 100.0 28.9 11.8 2.00 18.2 0.0 10.0 5.1 9.1 71.4 76.1 18.4 97.91 11.9 45
506 Jordan Walsh BOS 20 6 6 0 6.7 130.8 81.9 48.8 10.8 2.00 28.6 8.1 21.7 15.7 14.3 37.5 37.5 10.8 96.72 6.8 78
506 Robert Williams III POR 26 6 2 4 19.8 101.6 114.9 -13.3 6.5 0.71 12.2 8.0 22.7 14.8 17.1 65.4 68.4 12.2 101.25 11.3 252
506 Sidy Cissoko SAS 19 6 1 5 5.3 104.1 83.8 20.3 0.0 0.00 0.0 0.0 17.1 8.1 11.1 16.7 38.7 10.5 111.20 5.7 74
516 Buddy Boeheim DET 24 5 0 5 9.8 115.2 105.0 10.3 10.0 0.00 12.0 1.9 12.1 7.3 0.0 50.0 56.3 18.5 100.72 9.6 105
516 Frank Ntilikina CHA 25 5 0 5 8.6 121.3 121.1 0.2 10.8 4.00 26.7 2.1 11.1 6.5 6.7 16.7 25.3 11.1 100.14 0.7 89
516 Mamadi Diakite NYK 27 5 4 1 4.8 92.0 86.0 6.0 16.7 2.00 16.7 4.0 11.5 7.8 8.3 66.7 69.4 17.9 100.63 15.9 50
516 Maozinha Pereira MEM 23 5 1 4 11.0 92.4 96.6 -4.2 3.2 0.50 4.8 10.7 15.8 12.9 9.5 46.9 49.5 14.2 103.14 9.5 118
516 Tristan Vukcevic WAS 21 5 2 3 6.4 88.2 85.3 2.9 10.0 1.00 14.3 0.0 25.7 14.1 14.3 45.0 45.0 16.2 102.11 7.2 68
516 TyTy Washington Jr. MIL 22 5 3 2 4.1 75.0 84.8 -9.8 10.0 0.50 10.0 0.0 5.6 2.5 20.0 21.4 21.4 18.0 109.07 -1.8 48
516 Wenyen Gabriel MEM 27 5 1 4 16.2 89.0 96.4 -7.4 7.1 0.38 8.6 7.2 22.0 14.0 22.9 38.6 35.1 16.6 98.35 3.0 164
523 Adama Sanogo CHI 22 4 1 3 2.9 88.5 8.0 80.5 0.0 0.00 0.0 21.4 28.6 25.0 16.7 100 94.0 19.4 104.21 112.5 26
523 Alex Fudge DAL 20 4 1 3 3.6 60.6 137.9 -77.3 0.0 0.00 0.0 13.3 0.0 6.9 12.5 16.7 29.1 21.1 102.86 -4.7 33
523 Alondes Williams MIA 24 4 3 1 2.9 64.3 107.7 -43.4 0.0 0.00 0.0 0.0 10.0 5.0 20.0 25.0 33.8 16.7 112.58 0.0 28
523 D.J. Carton TOR 23 4 2 2 8.9 81.5 122.8 -41.3 15.0 3.00 21.4 5.1 4.3 4.7 7.1 43.8 53.9 12.5 108.07 6.0 81
523 Dexter Dennis DAL 25 4 1 3 7.5 89.0 100.0 -11.0 36.4 1.33 15.4 2.5 21.1 11.5 11.5 55.3 54.1 27.8 118.13 16.4 73
523 Jason Preston UTA 24 4 1 3 7.6 123.4 93.9 29.5 24.1 3.50 46.7 10.7 12.1 11.5 13.3 33.3 33.3 11.3 102.69 7.4 64
523 Keon Johnson BKN 22 4 0 4 12.8 123.3 144.2 -20.9 8.3 0.75 9.7 5.4 5.1 5.3 12.9 47.4 59.8 22.2 97.31 6.6 103
523 Marques Bolden CHA 25 4 2 2 3.9 118.4 102.9 15.5 0.0 0.00 0.0 0.0 14.3 9.1 50.0 0.0 0.0 5.3 111.27 -1.3 38
523 Pete Nance CLE 24 4 2 2 2.6 94.7 73.7 21.1 0.0 0.00 0.0 0.0 28.6 15.4 0.0 0.0 0.0 10.5 86.72 -3.4 19
532 Darius Bazley UTA 23 3 0 3 3.3 121.1 126.3 -5.3 22.2 2.00 50.0 0.0 14.3 7.7 25.0 0.0 0.0 9.5 93.22 2.0 19
532 Filip Petrusev SAC 23 3 2 1 3.1 110.0 80.0 30.0 0.0 0.00 0.0 0.0 8.3 5.6 0.0 50.0 52.1 15.0 103.11 2.6 20
532 Javonte Green CHI 30 3 2 1 17.0 124.2 104.1 20.1 4.5 0.67 12.5 7.5 15.1 11.8 18.8 68.2 68.2 12.6 92.08 8.7 99
532 Kobi Simmons TOR 26 3 0 3 19.1 93.1 120.7 -27.6 26.5 9.00 32.1 1.6 5.8 3.5 3.6 41.7 41.7 14.5 97.40 7.5 116
532 Lindell Wigginton MIL 26 3 3 0 2.5 64.7 131.3 -66.5 0.0 0.00 0.0 0.0 0.0 0.0 14.3 40.0 51.0 41.2 103.80 2.9 17
532 Mason Jones SAC 25 3 1 2 6.8 102.4 90.9 11.5 33.3 5.00 38.5 3.7 20.0 10.6 7.7 50.0 50.9 15.4 101.26 13.7 42
532 Pat Spencer GSW 27 3 1 2 2.0 83.3 90.9 -7.6 66.7 0.00 66.7 0.0 0.0 0.0 0.0 100 100 7.1 93.03 25.0 12
532 Shaquille Harrison MEM 30 3 1 2 2.0 46.2 121.4 -75.3 0.0 0.00 0.0 0.0 40.0 16.7 0.0 50.0 50.0 15.4 108.60 15.9 13
532 Taze Moore POR 25 3 1 2 3.4 121.4 111.5 9.9 11.1 1.00 14.3 0.0 0.0 0.0 14.3 60.0 60.0 18.8 127.27 6.0 28
532 Usman Garuba GSW 22 3 2 1 2.6 85.0 129.4 -44.4 33.3 0.00 50.0 8.3 0.0 5.3 0.0 0.0 0.0 4.2 113.85 -1.8 20
542 Andrew Funk CHI 24 2 1 1 1.3 160.0 0.0 160.0 0.0 0.00 0.0 0.0 0.0 0.0 0.0 0.0 0.0 14.3 94.12 -11.8 5
542 Brandon Clarke MEM 27 2 0 2 20.3 112.2 105.7 6.5 14.3 0.00 19.0 7.0 17.1 11.5 0.0 56.3 54.8 16.7 104.80 12.0 90
542 D.J. Wilson PHI 28 2 1 1 7.7 120.0 117.2 2.8 22.2 0.00 25.0 8.3 7.1 7.7 0.0 83.3 83.3 18.2 91.55 17.2 30
542 Danny Green PHI 36 2 1 1 9.2 114.6 120.5 -5.9 5.6 0.00 33.3 0.0 11.1 5.6 0.0 0.0 0.0 4.3 104.07 1.2 41
542 Dariq Whitehead BKN 19 2 1 1 12.0 110.9 153.7 -42.8 14.3 0.00 33.3 0.0 19.0 7.8 0.0 20.0 25.5 9.4 109.08 3.5 55
542 Dmytro Skapintsev NYK 25 2 0 2 1.1 75.0 60.0 15.0 0.0 0.00 0.0 0.0 0.0 0.0 0.0 0.0 0.0 25.0 101.25 -16.7 4
542 Hamidou Diallo WAS 25 2 1 1 2.4 81.8 50.0 31.8 33.3 1.00 25.0 18.2 0.0 12.5 25.0 50.0 50.0 18.8 106.11 26.1 11
542 Isaiah Thomas PHX 35 2 1 1 4.7 115.8 122.2 -6.4 33.3 0.00 28.6 0.0 0.0 0.0 0.0 50.0 50.0 25.0 94.80 8.9 19
542 Joshua Primo LAC 21 2 2 0 5.1 91.7 104.5 -12.9 0.0 0.00 0.0 11.1 0.0 4.2 57.1 33.3 33.3 25.9 107.53 -7.6 24
542 Justin Jackson MIN 29 2 2 0 0.4 0.0 0.0 0.0 0.0 0.00 0.0 0.0 0.0 0.0 0.0 0.0 0.0 0.0 137.14 0.0 2
542 Kevon Harris ORL 26 2 1 1 3.0 142.9 133.3 9.5 20.0 1.00 20.0 0.0 28.6 20.0 20.0 66.7 66.7 28.6 115.04 5.3 14
542 Mouhamed Gueye ATL 21 2 2 0 2.2 10.0 127.3 -117.3 0.0 0.00 0.0 0.0 0.0 0.0 0.0 0.0 0.0 8.3 114.98 -11.1 10
542 Ty Jerome CLE 26 2 1 1 7.4 106.7 143.8 -37.1 27.3 3.00 37.5 6.7 0.0 4.0 12.5 50.0 50.0 14.7 100.43 3.4 30
555 Adam Flagler OKC 24 1 1 0 5.5 100.0 100.0 0.0 25.0 0.00 25.0 0.0 0.0 0.0 0.0 0.0 0.0 21.4 113.45 -7.4 13
555 Drew Peterson BOS 24 1 1 0 2.6 160.0 100.0 60.0 50.0 0.00 50.0 0.0 0.0 0.0 0.0 150.0 150.0 20.0 103.53 20.7 5
555 Henri Drell CHI 23 1 0 1 2.9 150.0 100.0 50.0 66.7 0.00 50.0 50.0 0.0 25.0 0.0 50.0 50.0 28.6 99.88 24.1 6
555 Izaiah Brockington NOP 24 1 1 0 3.4 150.0 100.0 50.0 0.0 0.00 0.0 12.5 16.7 14.3 0.0 40.0 40.0 38.5 120.59 12.8 8
555 Jalen Crutcher NOP 24 1 1 0 2.7 120.0 100.0 20.0 0.0 0.00 0.0 0.0 0.0 0.0 0.0 0.0 0.0 16.7 90.57 -8.0 5
555 Javonte Smart PHI 24 1 1 0 0.7 0.0 150.0 -150.0 0.0 0.00 0.0 0.0 0.0 0.0 0.0 0.0 0.0 0.0 108.00 0.0 1
555 Kaiser Gates NOP 27 1 0 1 7.4 81.3 88.2 -7.0 0.0 0.00 0.0 0.0 9.1 4.5 0.0 0.0 0.0 22.2 106.55 -15.0 16
555 Malcolm Cazalon DET 22 1 0 1 2.6 183.3 100.0 83.3 0.0 0.00 0.0 0.0 0.0 0.0 0.0 0.0 0.0 0.0 111.48 0.0 6
555 Markquis Nowell TOR 24 1 0 1 3.5 128.6 62.5 66.1 100 0.00 50.0 50.0 0.0 28.6 0.0 0.0 53.2 22.2 102.37 35.7 7
555 Quenton Jackson IND 25 1 1 0 1.8 0.0 120.0 -120.0 0.0 0.00 0.0 0.0 50.0 25.0 0.0 0.0 0.0 0.0 132.11 18.2 5
555 Ron Harper Jr. TOR 23 1 1 0 3.7 100.0 188.9 -88.9 33.3 0.00 100.0 0.0 0.0 0.0 0.0 0.0 0.0 0.0 111.78 -4.5 8
555 Zavier Simpson MEM 27 1 0 1 8.9 152.6 89.5 63.2 36.4 4.00 66.7 7.7 0.0 4.5 16.7 0.0 0.0 8.0 102.09 5.1 19