PLAYER TEAM AGE GP W L MIN DEF RTG DREB DREB% %DREB STL STL% BLK %BLK OPP PTS
OFF TOV OPP PTS
2ND CHANCE OPP PTS
FB OPP PTS
PAINT DEF
WS




1 Rudy Gobert MIN 31 68 48 20 34.1 106.3 9.1 25.5 36.6 0.6 12.4 2.1 50.5 11.8 8.7 9.0 30.9 0.169
2 OG Anunoby NYK 26 44 26 18 34.1 107.2 3.4 9.5 13.5 1.3 23.6 0.7 20.1 10.9 9.3 9.7 34.8 0.166
3 Anthony Edwards MIN 22 71 49 22 35.2 107.8 4.9 13.4 19.4 1.3 22.4 0.6 12.7 11.8 9.0 9.3 33.8 0.161
4 Donovan Mitchell CLE 27 51 34 17 35.2 108.4 4.3 11.7 17.2 1.7 29.6 0.5 13.1 11.7 9.8 10.0 34.2 0.157
5 Franz Wagner ORL 22 66 40 26 32.7 107.9 4.3 13.7 19.7 1.1 19.1 0.4 11.3 10.3 7.4 9.9 31.3 0.149
6 Bam Adebayo MIA 26 63 35 28 34.3 109.1 8.4 24.7 35.7 1.2 19.6 1.0 37.4 10.4 9.7 9.5 32.5 0.145
7 Karl-Anthony Towns MIN 28 60 41 19 32.8 108.5 6.9 20.5 29.5 0.7 15.2 0.7 18.3 11.0 8.5 8.8 32.3 0.144
8 Gabe Vincent LAL 27 6 3 3 23.6 102.7 0.7 2.7 3.7 1.2 25.0 0.0 0.0 9.0 8.0 3.7 16.7 0.142
9 Max Strus CLE 28 63 40 23 31.9 108.8 3.7 11.1 16.4 0.9 17.2 0.4 14.1 11.3 8.8 9.3 30.5 0.140
10 Trey Murphy III NOP 23 49 31 18 28.4 106.5 4.0 13.7 19.5 0.8 16.1 0.6 18.5 8.1 6.9 7.6 27.1 0.140
11 Jayson Tatum BOS 26 69 54 15 35.9 110.4 7.3 18.9 27.7 1.0 20.1 0.6 12.2 9.7 10.3 9.4 35.9 0.138
12 Derrick White BOS 29 68 55 13 32.7 109.3 3.6 10.1 14.7 1.0 22.3 1.2 26.7 8.6 9.4 8.6 32.5 0.138
13 Fred VanVleet HOU 30 67 37 30 36.6 110.7 3.3 8.7 12.7 1.3 22.8 0.9 24.7 10.8 9.8 7.8 36.0 0.137
14 Mike Conley MIN 36 69 49 20 28.9 107.3 2.4 8.0 11.7 1.1 26.2 0.2 6.1 10.1 8.0 7.8 28.1 0.136
15 Naz Reid MIN 24 73 51 22 24.0 104.5 4.2 16.5 24.5 0.7 17.0 0.9 25.9 7.8 6.5 6.4 22.5 0.134
16 Joel Embiid PHI 30 34 26 8 34.0 110.5 8.7 24.1 35.5 1.1 19.8 1.8 43.8 10.1 9.4 11.1 35.9 0.134
17 Shai Gilgeous-Alexander OKC 25 71 51 20 34.4 110.5 4.7 12.8 19.7 2.1 34.2 0.9 18.8 9.9 10.9 8.6 33.0 0.133
18 Jalen Williams OKC 22 67 47 20 31.7 109.6 3.4 10.1 15.6 1.1 20.8 0.6 13.7 9.1 10.4 8.0 31.7 0.132
19 Evan Mobley CLE 22 43 26 17 30.7 109.2 7.5 22.7 34.0 0.9 18.7 1.5 44.4 10.9 9.0 8.9 29.2 0.131
20 Tari Eason HOU 22 22 12 10 21.8 103.1 4.9 20.3 29.8 1.4 36.9 0.9 33.3 6.4 6.5 3.9 20.4 0.131
21 Marcus Smart MEM 30 20 7 13 30.2 109.2 2.4 7.3 10.5 2.1 37.6 0.3 6.5 10.9 8.6 9.8 27.5 0.131
22 Ja Morant MEM 24 9 6 3 35.3 111.1 4.9 13.4 20.3 0.8 15.2 0.6 11.1 13.0 10.3 11.7 38.0 0.130
23 Jimmy Butler MIA 34 52 28 24 33.9 110.5 3.5 10.6 15.3 1.4 24.6 0.3 12.6 10.7 9.4 9.6 33.0 0.130
24 Josh Hart NYK 29 73 43 30 33.0 110.1 6.7 20.3 29.5 0.9 17.6 0.3 10.4 9.6 8.2 9.0 31.2 0.129
25 Nikola Jokic DEN 29 72 50 22 34.5 110.9 9.4 27.1 38.5 1.3 24.5 0.9 27.4 10.8 8.3 10.2 36.3 0.128
26 Wenyen Gabriel MEM 27 5 1 4 16.2 96.4 3.6 22.0 30.0 0.4 12.5 0.4 28.6 7.6 3.2 4.6 12.8 0.127
27 Kyle Anderson MIN 30 71 50 21 22.9 104.9 2.8 11.8 17.4 0.9 21.8 0.6 18.3 7.8 6.1 6.0 21.2 0.126
28 Chet Holmgren OKC 21 74 52 22 29.9 109.5 6.3 19.5 30.3 0.6 13.4 2.4 51.5 8.4 10.2 7.7 29.2 0.125
29 Jrue Holiday BOS 33 63 49 14 33.2 110.8 4.2 11.7 17.1 0.9 21.0 0.8 17.8 9.3 9.5 8.9 32.1 0.125
30 Kawhi Leonard LAC 32 68 44 24 34.3 111.1 4.9 13.8 20.5 1.6 27.0 0.9 24.3 10.0 9.5 9.3 33.4 0.125
31 Paolo Banchero ORL 21 72 42 30 34.8 111.5 5.8 17.5 25.4 0.9 15.6 0.6 15.9 11.8 9.0 10.9 35.1 0.123
32 Jaylen Brown BOS 27 66 50 16 33.6 111.3 4.3 11.8 17.3 1.2 25.4 0.5 10.3 9.5 9.8 9.6 33.5 0.123
33 Dean Wade CLE 27 54 36 18 20.5 103.5 3.4 15.4 22.3 0.7 21.5 0.5 21.0 7.1 4.6 5.8 20.1 0.122
34 Kristaps Porzingis BOS 28 52 39 13 29.8 109.9 5.3 15.6 22.6 0.7 18.1 1.9 40.4 8.4 8.8 8.8 28.8 0.122
35 Jarrett Allen CLE 25 70 43 27 31.6 110.5 7.5 23.2 34.0 0.7 13.8 1.1 37.4 11.3 8.5 9.1 30.9 0.121
36 Nickeil Alexander-Walker MIN 25 74 51 23 23.5 106.1 1.6 6.5 9.5 0.8 20.4 0.5 17.3 7.4 6.0 6.1 21.9 0.121
37 Darius Garland CLE 24 51 28 23 33.2 111.1 2.1 6.2 9.2 1.2 23.8 0.1 3.2 11.7 9.6 9.2 31.8 0.120
38 Jaden McDaniels MIN 23 64 43 21 29.4 109.7 2.3 7.8 11.3 0.9 19.9 0.6 17.4 9.6 8.0 7.4 28.1 0.118
39 Damian Lillard MIL 33 68 46 22 35.3 112.4 3.9 10.2 14.7 1.0 20.4 0.2 5.8 10.9 9.8 10.8 38.6 0.117
40 Zion Williamson NOP 23 63 38 25 31.2 111.1 4.1 12.7 18.6 1.0 17.3 0.6 17.7 10.4 8.6 9.7 30.3 0.116
41 Al Horford BOS 37 60 47 13 27.2 109.1 5.2 18.1 25.7 0.6 17.1 1.0 26.1 7.7 6.9 6.5 26.7 0.115
42 Herbert Jones NOP 25 68 42 26 30.0 110.5 2.5 8.3 11.9 1.3 27.1 0.9 26.4 9.3 7.7 8.0 28.3 0.115
43 Kentavious Caldwell-Pope DEN 31 69 49 20 31.8 111.3 2.0 6.2 9.0 1.3 27.8 0.5 16.7 10.0 8.4 9.2 33.7 0.114
44 Alex Caruso CHI 30 66 32 34 28.2 110.0 3.0 10.3 15.5 1.6 34.6 1.0 32.7 8.7 8.0 7.3 25.1 0.114
45 Wendell Carter Jr. ORL 24 47 26 21 25.9 108.4 5.0 20.6 28.9 0.6 13.0 0.5 25.0 9.1 6.0 8.1 24.0 0.114
46 Aaron Gordon DEN 28 68 46 22 31.5 111.4 4.1 13.1 18.7 0.8 16.0 0.6 19.2 10.4 8.0 9.1 34.3 0.113
47 CJ McCollum NOP 32 58 38 20 31.9 111.6 3.7 11.6 16.4 1.0 18.6 0.6 18.6 9.5 8.2 8.9 31.0 0.112
48 Jalen Brunson NYK 27 69 43 26 35.1 112.7 3.0 8.8 12.6 0.9 16.8 0.2 6.5 10.2 9.1 10.9 34.9 0.112
49 De'Aaron Fox SAC 26 66 39 27 35.7 113.2 3.6 10.2 14.6 2.0 35.0 0.4 13.7 12.0 7.8 8.9 36.2 0.111
50 Brook Lopez MIL 36 71 46 25 30.8 111.4 3.8 11.3 16.0 0.6 15.2 2.4 68.1 9.7 8.8 9.5 32.9 0.111
51 Giannis Antetokounmpo MIL 29 69 44 25 35.2 113.1 8.8 23.6 34.3 1.2 24.3 1.0 27.3 10.7 9.5 9.1 37.0 0.110
52 Tyler Herro MIA 24 36 19 17 33.6 112.7 4.8 14.1 20.8 0.8 15.4 0.1 3.4 11.8 10.1 10.6 35.9 0.109
53 Brandon Ingram NOP 26 63 38 25 33.0 112.2 4.4 13.2 18.8 0.8 14.9 0.6 18.9 10.6 8.7 9.5 32.1 0.109
54 Brandon Clarke MEM 27 2 0 2 20.3 105.7 3.0 17.1 26.1 1.0 20.0 0.5 25.0 9.5 6.0 8.0 14.0 0.109
55 Paul George LAC 33 68 44 24 34.2 112.6 4.8 13.8 20.4 1.5 26.6 0.5 13.3 10.1 9.4 9.5 33.4 0.109
56 Duncan Robinson MIA 29 64 36 28 28.5 110.6 2.3 8.3 12.0 0.7 15.4 0.3 11.2 9.0 7.8 7.7 27.4 0.109
57 Victor Wembanyama SAS 20 66 16 50 29.2 111.1 8.2 27.3 39.0 1.3 28.1 3.4 70.4 11.4 7.7 8.5 31.2 0.108
58 Jalen Suggs ORL 22 67 39 28 26.8 110.2 2.4 9.5 13.6 1.4 30.3 0.6 21.8 10.0 6.4 8.4 26.6 0.107
59 Markelle Fultz ORL 25 35 21 14 21.5 106.7 1.9 9.3 13.5 1.0 23.8 0.3 20.3 6.7 5.6 6.5 21.1 0.106
60 Jamal Murray DEN 27 54 40 14 32.1 112.3 3.4 10.3 15.4 1.0 20.0 0.6 15.0 11.2 9.3 9.7 35.0 0.106
61 Michael Porter Jr. DEN 25 74 52 22 31.7 112.2 5.6 17.8 25.4 0.5 11.3 0.6 20.9 9.7 7.9 9.3 33.3 0.106
62 Malik Beasley MIL 27 71 44 27 29.9 111.7 3.2 9.8 14.1 0.8 19.2 0.1 3.7 8.9 8.3 9.0 32.0 0.105
63 Caris LeVert CLE 29 62 35 27 28.7 111.3 3.5 11.9 17.9 1.1 26.3 0.5 17.4 9.4 8.1 8.0 27.8 0.105
64 Kevin Durant PHX 35 67 38 29 37.1 114.1 6.2 15.8 23.5 0.9 15.9 1.3 29.8 14.3 11.3 11.5 39.9 0.105
65 Julius Randle NYK 29 46 29 17 35.4 113.8 7.0 19.8 28.6 0.5 9.9 0.3 9.0 11.7 8.8 11.7 35.7 0.104
66 Isaac Okoro CLE 23 65 39 26 27.4 110.7 2.0 7.2 10.7 0.8 20.6 0.5 18.3 9.9 6.9 7.8 26.9 0.104
67 Jaime Jaquez Jr. MIA 23 67 39 28 29.0 111.5 2.7 9.4 13.7 1.0 24.3 0.2 10.7 9.5 8.2 7.7 28.1 0.104
68 Tyrese Maxey PHI 23 65 38 27 37.5 114.2 3.2 8.4 12.8 1.0 16.2 0.5 9.7 10.5 10.8 12.4 40.1 0.103
69 Tobias Harris PHI 31 66 37 29 33.9 113.4 5.3 15.6 23.2 1.0 17.8 0.6 13.8 9.4 9.2 10.9 36.1 0.102
70 Adama Sanogo CHI 22 4 1 3 2.9 8.0 1.0 28.6 40.0 0.0 0.0 0.0 0.0 0.5 0.0 0.5 0.5 0.102
71 DeMar DeRozan CHI 34 73 35 38 37.6 114.5 3.8 10.1 15.0 1.1 19.4 0.6 16.1 11.6 10.3 9.8 34.8 0.102
72 LeBron James LAL 39 65 36 29 35.2 113.8 6.5 17.3 25.3 1.2 21.8 0.6 13.6 12.3 11.0 11.5 37.3 0.101
73 Jonathan Isaac ORL 26 51 31 20 15.3 101.3 3.1 19.7 30.6 0.7 25.2 1.2 54.9 4.6 3.3 4.1 12.9 0.100
74 Dillon Brooks HOU 28 65 34 31 30.8 112.6 2.7 8.4 12.6 0.9 18.4 0.1 5.1 10.0 8.9 6.9 31.0 0.100
75 Kyrie Irving DAL 32 52 34 18 34.5 113.9 4.2 11.6 17.7 1.2 24.5 0.4 11.3 9.8 10.5 9.9 36.3 0.099
76 Robert Covington PHI 33 29 20 9 16.8 103.6 2.3 12.7 19.8 1.3 36.8 0.6 32.7 6.1 5.0 5.6 16.0 0.099
77 Luguentz Dort OKC 24 72 50 22 28.5 111.9 2.7 8.8 13.5 0.9 19.1 0.6 15.1 8.6 9.2 7.9 27.5 0.099
78 Draymond Green GSW 34 49 29 20 26.7 111.2 5.9 20.3 29.4 0.9 23.7 0.8 33.1 8.9 7.1 8.3 26.1 0.099
79 Alperen Sengun HOU 21 63 29 34 32.5 113.2 6.4 19.3 28.1 1.2 24.1 0.7 27.7 9.3 9.2 7.3 31.8 0.098
80 Isaiah Hartenstein NYK 25 68 42 26 25.0 110.3 5.1 20.5 29.3 1.1 26.6 1.1 48.1 7.0 6.1 7.4 24.1 0.098
81 Naji Marshall NOP 26 62 40 22 19.3 106.4 2.9 14.3 21.2 0.7 21.0 0.2 11.5 6.0 5.1 5.7 18.0 0.098
82 Vince Williams Jr. MEM 23 52 18 34 27.6 111.4 4.4 16.3 24.9 0.9 18.9 0.7 16.9 9.9 7.9 7.9 28.8 0.098
83 De'Anthony Melton PHI 25 36 23 13 27.8 111.9 3.1 11.0 16.4 1.6 30.3 0.4 12.2 8.4 7.1 8.6 30.9 0.098
84 Jabari Smith Jr. HOU 20 68 36 32 31.7 113.0 6.4 19.4 28.7 0.7 16.3 0.8 27.7 9.3 9.1 7.3 31.6 0.098
85 Sam Hauser BOS 26 71 56 15 21.4 107.9 2.9 12.4 18.1 0.5 16.9 0.3 11.1 6.0 5.8 4.9 21.2 0.097
86 Jalen Green HOU 22 74 38 36 31.7 113.2 4.6 14.0 20.6 0.8 17.8 0.4 12.9 9.4 9.0 7.7 32.4 0.097
87 Jose Alvarado NOP 25 51 34 17 17.8 105.1 1.8 9.7 14.9 1.1 29.9 0.3 17.6 5.8 4.8 5.1 16.5 0.097
88 Luka Doncic DAL 25 65 42 23 37.4 114.8 8.3 21.6 32.2 1.5 27.2 0.5 13.4 11.4 10.5 12.6 40.0 0.097
89 Mikal Bridges BKN 27 75 29 46 35.5 114.4 3.9 10.9 16.1 1.0 20.5 0.4 9.5 10.9 10.3 11.3 36.2 0.096
90 Caleb Martin MIA 28 56 31 25 27.1 111.3 3.4 12.7 18.6 0.8 19.1 0.4 22.7 8.3 7.3 6.6 24.0 0.096
91 Nikola Jovic MIA 20 38 19 19 18.6 105.9 3.5 18.6 25.7 0.6 16.9 0.3 23.2 5.6 5.2 4.3 18.8 0.096
92 Anthony Davis LAL 31 70 40 30 35.9 114.5 9.6 25.1 36.4 1.2 21.3 2.4 53.5 12.0 10.8 11.8 36.9 0.096
93 Devin Booker PHX 27 60 37 23 35.7 114.5 4.0 10.4 15.7 0.9 17.2 0.4 10.3 13.0 10.6 10.3 35.9 0.096
94 Bradley Beal PHX 30 45 27 18 33.0 113.9 3.2 9.5 14.0 1.0 18.9 0.4 10.6 12.8 9.7 11.0 34.3 0.095
95 Amen Thompson HOU 21 55 27 28 21.4 109.0 4.1 18.8 27.3 1.2 28.0 0.6 27.2 7.0 5.4 6.2 22.0 0.094
96 Keegan Murray SAC 23 69 40 29 33.3 114.0 4.1 12.8 18.0 1.0 18.2 0.7 27.3 11.4 7.1 7.7 34.0 0.094
97 Jaren Jackson Jr. MEM 24 64 20 44 32.1 113.8 4.3 13.3 20.2 1.2 21.2 1.6 37.7 11.3 9.6 10.1 31.4 0.093
98 Cole Anthony ORL 23 73 43 30 22.9 109.6 3.2 14.1 21.6 0.8 21.3 0.5 18.0 7.8 6.0 6.5 22.3 0.093
99 D'Angelo Russell LAL 28 69 41 28 32.4 114.0 2.7 7.7 11.4 0.9 18.8 0.5 12.2 10.0 10.6 10.6 35.7 0.092
100 Brandin Podziemski GSW 21 66 35 31 26.7 111.8 4.1 14.8 21.4 0.9 23.3 0.2 8.1 9.0 8.0 7.7 27.0 0.092
101 GG Jackson MEM 19 40 11 29 24.1 110.7 2.7 10.9 17.0 0.5 11.2 0.5 16.4 10.6 7.5 8.8 25.7 0.091
102 Jonathan Kuminga GSW 21 70 36 34 26.3 111.9 3.5 12.5 18.3 0.7 18.3 0.5 20.2 8.8 7.3 8.1 27.6 0.091
103 Dorian Finney-Smith BKN 30 65 26 39 28.5 112.7 3.0 10.7 15.8 0.8 20.8 0.6 19.6 8.6 8.0 8.4 28.9 0.091
104 Gary Harris ORL 29 47 31 16 23.0 110.1 1.2 5.3 7.8 0.9 21.9 0.3 11.6 7.4 6.3 6.5 22.9 0.091
105 Royce O'Neale PHX 30 71 32 39 24.8 111.2 4.0 15.3 22.9 0.7 18.0 0.6 19.0 9.2 6.8 7.7 23.6 0.091
106 Jusuf Nurkic PHX 29 69 42 27 27.1 112.2 7.9 28.2 39.7 1.0 23.7 1.0 35.5 10.0 6.7 8.1 28.3 0.091
107 Kyle Lowry PHI 38 55 27 28 28.4 112.5 2.7 9.8 14.5 1.0 23.3 0.4 14.9 9.6 7.3 9.0 27.2 0.091
108 Zavier Simpson MEM 27 1 0 1 8.9 89.5 0.0 0.0 0.0 1.0 33.3 0.0 0.0 2.0 2.0 0.0 6.0 0.090
109 Larry Nance Jr. NOP 31 55 32 23 19.7 108.1 3.6 18.2 26.9 1.0 27.3 0.3 19.4 6.7 5.0 5.8 18.7 0.090
110 Javonte Green CHI 30 3 2 1 17.0 104.1 2.7 15.1 20.0 0.7 33.3 0.7 50.0 4.0 4.0 1.3 12.7 0.090
111 T.J. Warren MIN 30 8 5 3 13.2 101.3 1.5 11.3 15.6 0.4 15.0 0.1 11.1 4.3 2.6 4.4 15.5 0.090
112 Chris Paul GSW 38 50 27 23 26.3 111.9 3.6 12.9 19.7 1.2 28.6 0.1 3.0 8.6 7.9 7.0 25.9 0.089
113 Toumani Camara POR 23 70 19 51 24.8 111.5 2.9 11.9 18.2 0.9 22.7 0.5 22.1 9.8 7.1 8.8 26.5 0.089
114 Maozinha Pereira MEM 23 5 1 4 11.0 96.6 1.8 15.8 20.0 0.8 26.7 0.6 50.0 4.0 1.4 3.8 7.6 0.089
115 Payton Pritchard BOS 26 74 58 16 21.5 109.3 2.3 10.5 15.5 0.4 15.2 0.1 3.0 5.8 5.6 5.6 21.4 0.089
116 Devin Vassell SAS 23 68 17 51 33.1 114.6 3.4 10.2 15.0 1.1 20.3 0.3 7.8 13.5 9.7 10.1 39.5 0.088
117 Eric Gordon PHX 35 61 36 25 28.6 113.2 1.7 5.4 8.4 0.9 21.1 0.5 11.7 11.4 9.1 8.4 30.3 0.088
118 Coby White CHI 24 72 34 38 36.7 115.5 4.1 11.2 16.6 0.7 12.8 0.2 7.0 11.6 10.3 9.8 34.4 0.088
119 Jae'Sean Tate HOU 28 64 32 32 16.1 105.2 2.1 12.8 18.2 0.7 21.6 0.2 16.1 4.7 4.6 3.6 15.2 0.088
120 Dereon Seabron NOP 23 6 3 3 9.2 92.5 1.0 8.2 12.5 0.3 33.3 0.2 16.7 4.0 2.2 1.8 8.7 0.087
121 Zach LaVine CHI 29 25 10 15 34.9 115.3 4.8 13.4 20.9 0.8 16.5 0.3 10.3 9.8 11.2 9.8 30.7 0.086
122 Tre Jones SAS 24 70 17 53 27.2 112.8 2.7 9.8 14.4 1.0 22.3 0.1 2.7 10.4 7.9 7.4 30.4 0.086
123 Josh Giddey OKC 21 73 52 21 24.8 111.8 4.9 18.6 28.7 0.7 16.8 0.6 15.0 7.4 8.4 6.7 25.6 0.086
124 Isaiah Joe OKC 24 70 49 21 18.4 107.9 1.9 9.8 15.4 0.5 16.0 0.3 11.9 6.3 5.5 4.3 16.6 0.085
125 Ryan Rollins MIL 21 10 1 9 6.6 82.0 0.9 11.8 20.9 0.8 36.4 0.3 20.0 1.5 1.8 1.6 4.8 0.085
126 Jarred Vanderbilt LAL 24 29 14 15 20.0 109.4 3.3 16.4 24.1 1.2 29.5 0.2 8.1 7.8 5.9 7.0 19.9 0.085
127 James Harden LAC 34 67 43 24 34.8 115.2 4.6 13.2 19.8 1.1 19.7 0.9 22.6 10.6 9.5 9.8 35.2 0.085
128 Desmond Bane MEM 25 42 14 28 34.4 115.4 3.5 10.4 15.3 1.0 18.8 0.5 12.4 13.5 9.9 10.9 32.3 0.085
129 Kaiser Gates NOP 27 1 0 1 7.4 88.2 1.0 9.1 20.0 0.0 0.0 0.0 0.0 3.0 4.0 0.0 6.0 0.084
130 Grayson Allen PHX 28 68 40 28 33.6 115.2 3.2 9.1 13.5 0.9 18.6 0.6 15.6 12.8 10.0 9.9 35.9 0.083
131 Isaiah Stewart DET 22 46 9 37 30.9 114.5 5.0 16.1 22.8 0.4 9.6 0.8 24.7 12.7 8.7 8.2 34.3 0.083
132 Donte DiVincenzo NYK 27 73 44 29 28.0 113.6 2.8 10.1 14.6 1.3 29.3 0.4 17.0 8.8 7.2 8.5 27.3 0.083
133 Quentin Grimes DET 23 51 32 19 20.1 109.1 1.7 8.0 11.9 0.7 24.0 0.1 8.0 6.1 5.7 6.2 20.4 0.083
134 Mitchell Robinson NYK 26 23 13 10 28.1 113.7 4.8 18.1 25.8 1.4 31.4 1.3 69.0 9.7 7.0 9.4 27.7 0.082
135 Nic Claxton BKN 24 65 24 41 29.8 114.3 7.1 23.9 35.7 0.7 16.7 2.0 58.2 9.4 8.6 10.5 30.0 0.082
136 Pascal Siakam IND 29 73 33 40 33.6 115.2 5.4 15.9 23.3 0.8 17.5 0.3 9.3 10.3 9.4 9.0 38.1 0.082
137 Nikola Vucevic CHI 33 70 34 36 34.2 115.5 7.8 23.0 34.0 0.7 13.5 0.8 25.3 10.9 9.6 9.3 32.1 0.082
138 Scottie Barnes TOR 22 60 22 38 34.9 115.8 5.9 16.7 25.1 1.3 22.8 1.5 38.1 11.4 10.8 9.0 38.8 0.082
139 Reggie Jackson DEN 33 75 52 23 22.1 111.2 1.5 6.4 9.7 0.5 17.7 0.1 5.4 7.8 6.2 5.6 22.2 0.081
140 Aaron Holiday HOU 27 71 37 34 16.5 107.0 1.4 7.9 11.4 0.5 19.1 0.1 5.3 5.1 4.6 3.9 16.1 0.081
141 Ivica Zubac LAC 27 62 38 24 26.5 113.0 6.2 23.0 33.2 0.3 7.3 1.2 45.8 8.1 7.1 7.5 24.9 0.081
142 Jordan Walsh BOS 20 6 6 0 6.7 81.9 1.7 21.7 29.4 0.3 22.2 0.2 33.3 1.3 1.2 2.2 4.3 0.081
143 Xavier Tillman BOS 25 47 25 22 18.9 109.1 2.8 14.9 22.5 1.0 27.3 0.9 33.1 6.9 5.5 5.9 19.3 0.081
144 Domantas Sabonis SAC 27 74 43 31 35.8 116.0 10.1 29.7 41.6 0.9 15.2 0.6 22.3 12.3 7.7 8.9 37.1 0.080
145 DeJon Jarreau MEM 26 9 2 7 16.6 107.5 4.0 23.8 32.4 0.7 22.2 0.2 14.3 5.1 3.4 6.3 14.4 0.080
146 Bogdan Bogdanovic ATL 31 71 33 38 30.2 114.6 2.8 9.4 13.8 1.2 25.4 0.3 10.6 9.8 7.9 9.8 31.5 0.080
147 Dyson Daniels NOP 21 53 30 23 21.7 111.2 2.6 11.9 18.0 1.4 34.9 0.4 18.9 6.9 6.3 5.8 21.0 0.080
148 Matt Ryan NOP 26 24 13 11 15.6 106.8 1.4 8.0 12.7 0.3 10.0 0.0 2.6 6.3 5.3 4.5 16.9 0.080
149 Rui Hachimura LAL 26 61 35 26 26.5 113.3 3.3 11.6 16.9 0.6 15.6 0.3 12.1 8.4 8.2 8.4 28.7 0.080
150 Immanuel Quickley TOR 24 62 26 36 28.9 114.3 3.4 11.6 17.4 0.7 15.3 0.1 5.3 8.7 8.0 7.9 30.0 0.079
151 Haywood Highsmith MIA 27 58 34 24 19.9 110.0 2.0 10.2 14.8 0.8 24.0 0.4 29.2 7.1 5.7 5.6 18.8 0.079
152 Stephen Curry GSW 36 68 39 29 32.7 115.5 3.8 11.1 16.3 0.7 16.0 0.3 11.5 11.9 8.9 10.9 34.6 0.079
153 Derrick Rose MEM 35 24 6 18 16.6 107.7 1.6 8.9 13.3 0.3 13.1 0.1 4.3 5.5 5.8 3.5 16.3 0.079
154 Evan Fournier DET 31 25 7 18 17.4 108.1 1.6 9.3 13.6 1.0 28.1 0.1 8.8 7.4 4.3 5.5 18.6 0.079
155 Ausar Thompson DET 21 63 10 53 25.1 113.1 4.3 17.3 25.2 1.1 31.8 0.9 33.1 9.8 6.9 7.7 26.3 0.079
156 Jalen Johnson ATL 22 51 25 26 34.0 116.0 7.3 20.8 31.2 1.1 20.9 0.9 25.6 11.3 9.9 12.7 37.6 0.078
157 Ben Simmons BKN 27 15 7 8 23.9 113.0 5.9 24.1 33.5 0.8 22.2 0.6 26.5 8.1 5.7 8.3 25.5 0.078
158 Monte Morris MIN 28 25 16 9 14.6 105.4 1.3 9.3 12.8 0.6 24.6 0.2 8.2 4.2 2.8 5.4 15.0 0.078
159 Malcolm Brogdon POR 31 39 15 24 28.7 114.5 3.1 10.8 16.7 0.7 15.7 0.2 7.0 11.0 8.8 9.1 33.4 0.078
160 Christian Braun DEN 22 75 52 23 19.6 110.2 2.7 12.8 20.0 0.5 17.2 0.4 16.5 6.8 6.1 4.8 19.4 0.077
161 Austin Reaves LAL 25 75 42 33 32.2 115.5 3.7 11.0 16.1 0.8 17.9 0.3 6.9 11.0 9.6 11.0 34.1 0.077
162 Cason Wallace OKC 20 74 52 22 20.6 110.9 1.6 7.7 12.3 0.8 20.3 0.4 15.2 6.7 6.9 4.8 21.3 0.077
163 Miles McBride NYK 23 61 37 24 18.5 109.2 0.9 5.0 7.4 0.8 26.3 0.1 6.2 5.8 4.5 4.7 17.1 0.077
164 Matt Hurt MEM 23 8 2 6 14.2 104.8 0.9 6.0 10.0 0.4 16.7 0.4 25.0 6.1 5.8 2.8 14.8 0.076
165 Dennis Smith Jr. BKN 26 56 19 37 18.9 109.9 2.0 10.8 16.6 1.2 37.6 0.2 13.3 5.9 5.2 4.9 17.6 0.076
166 Jaylen Nowell MEM 24 9 3 6 17.3 108.8 1.2 6.7 10.8 0.3 10.3 0.0 0.0 4.0 5.6 4.4 18.2 0.076
167 Anthony Black ORL 20 65 37 28 17.4 109.0 1.6 9.4 13.9 0.5 18.6 0.3 14.0 6.7 4.3 5.9 18.1 0.076
168 Precious Achiuwa NYK 24 67 35 32 22.7 112.2 4.1 18.2 27.6 0.7 19.0 1.0 41.0 7.6 6.4 6.7 23.0 0.076
169 Shaedon Sharpe POR 20 32 8 24 33.1 116.0 3.7 11.6 18.6 0.9 15.9 0.4 12.4 12.2 10.3 11.5 39.2 0.075
170 Josh Richardson MIA 30 43 24 19 25.6 113.7 2.4 9.4 14.0 0.6 15.1 0.3 21.5 8.9 7.3 6.1 25.9 0.075
171 Nicolas Batum PHI 35 53 29 24 24.9 113.3 2.9 11.6 17.7 0.8 18.6 0.7 18.7 7.5 7.0 7.1 26.9 0.075
172 Khris Middleton MIL 32 49 30 19 27.0 114.3 3.9 13.2 19.3 0.9 26.1 0.3 10.1 7.8 8.4 7.2 28.2 0.075
173 Jeremy Sochan SAS 20 74 18 56 29.6 115.0 4.6 15.3 22.3 0.8 19.0 0.5 13.7 11.9 8.3 9.0 34.6 0.075
174 Kevin Love MIA 35 47 26 21 17.5 109.3 5.1 29.1 43.1 0.3 14.4 0.2 22.5 5.8 3.9 4.2 17.2 0.075
175 Scotty Pippen Jr. MEM 23 13 2 11 23.4 112.8 2.3 10.1 15.5 1.3 27.9 0.5 18.9 10.8 6.8 10.3 22.6 0.075
176 Jonas Valanciunas NOP 31 74 45 29 24.0 112.9 6.7 27.0 38.0 0.4 10.7 0.9 34.2 7.3 6.2 7.0 22.5 0.075
177 Ashton Hagans POR 24 16 2 14 17.3 108.6 1.8 10.6 17.3 0.6 23.7 0.6 29.0 7.1 4.6 4.9 15.6 0.074
178 Ayo Dosunmu CHI 24 73 36 37 28.8 115.0 2.1 7.2 10.8 0.9 19.6 0.5 15.5 9.1 8.3 7.9 27.4 0.074
179 Norman Powell LAC 30 70 44 26 26.1 114.2 2.4 8.7 13.4 0.6 13.6 0.3 10.0 8.7 7.8 8.2 27.1 0.074
180 Tre Mann CHA 23 33 18 15 22.3 112.1 3.1 14.1 21.4 1.0 26.9 0.0 1.6 6.9 6.4 6.1 22.7 0.074
181 Jakob Poeltl TOR 28 50 21 29 26.4 114.2 5.7 21.4 30.9 0.7 16.7 1.5 53.1 8.5 7.2 7.4 27.8 0.073
182 Kelly Oubre Jr. PHI 28 61 33 28 29.8 115.4 3.5 11.7 17.8 1.1 22.4 0.6 17.0 8.8 8.9 9.8 30.6 0.073
183 Kenrich Williams OKC 29 61 44 17 14.4 106.4 2.1 14.2 21.4 0.6 20.8 0.1 6.9 4.6 4.3 3.5 13.8 0.072
184 Cam Whitmore HOU 19 39 16 23 18.0 110.4 2.9 15.7 22.9 0.7 19.4 0.3 14.3 5.7 4.6 5.0 17.6 0.072
185 Tyrese Haliburton IND 24 62 35 27 32.2 116.2 3.4 10.1 15.4 1.2 24.3 0.7 15.6 9.7 10.3 9.4 40.9 0.072
186 Danuel House Jr. PHI 30 34 21 13 15.0 107.7 1.2 8.1 12.2 0.4 13.8 0.1 10.6 4.2 4.2 6.1 15.1 0.072
187 Cameron Johnson BKN 28 56 19 37 27.7 114.8 3.4 12.5 18.6 0.8 22.0 0.3 9.0 7.8 8.2 8.7 27.6 0.072
188 Andrew Nembhard IND 24 61 36 25 24.7 113.7 1.5 6.0 9.3 0.9 23.3 0.1 2.7 7.9 7.5 6.8 28.2 0.071
189 Deandre Ayton POR 25 48 12 36 32.1 116.1 7.8 25.1 38.1 1.0 19.0 0.8 27.7 13.1 8.9 11.1 36.4 0.071
190 Jock Landale HOU 28 48 25 23 12.1 103.8 1.5 11.1 16.0 0.3 13.4 0.6 40.0 4.2 3.2 3.5 11.7 0.071
191 John Konchar MEM 28 55 18 37 21.3 112.2 3.4 16.4 24.3 0.9 25.8 0.9 29.7 8.5 5.7 6.1 21.9 0.071
192 Peyton Watson DEN 21 73 51 22 18.2 110.4 2.4 11.7 18.4 0.5 21.7 1.0 37.5 6.6 5.7 4.7 18.7 0.071
193 Jordan McLaughlin MIN 27 48 30 18 10.5 100.7 1.0 9.7 13.9 0.6 30.3 0.1 12.3 2.7 2.6 2.7 9.5 0.071
194 Lamar Stevens MEM 26 34 19 15 13.1 105.1 2.1 14.7 23.7 0.5 19.3 0.5 29.1 5.4 4.3 4.1 12.1 0.071
195 Santi Aldama MEM 23 60 22 38 26.6 114.5 4.6 17.3 27.1 0.7 17.2 0.9 24.1 10.1 7.9 8.3 26.2 0.071
196 Day'Ron Sharpe BKN 22 57 23 34 15.1 107.8 3.7 23.4 35.3 0.4 17.0 0.7 45.1 4.9 4.0 4.3 14.3 0.071
197 Ish Wainright PHX 29 10 2 8 6.1 86.0 1.1 16.9 23.9 0.4 33.3 0.1 16.7 2.0 0.5 2.0 3.4 0.071
198 Dennis Schroder BKN 30 75 27 48 31.0 115.9 2.4 7.9 11.6 0.8 18.3 0.2 7.7 9.7 9.0 9.2 33.1 0.071
199 Cam Reddish LAL 24 46 27 19 20.9 112.2 1.5 7.2 10.5 1.0 26.3 0.3 12.7 8.4 6.5 7.0 22.2 0.070
200 Derrick Jones Jr. DAL 27 69 42 27 23.3 113.5 2.3 9.3 14.2 0.7 20.9 0.6 23.5 7.6 6.8 7.9 25.4 0.070
201 Christian Wood LAL 28 50 28 22 17.4 109.9 4.3 22.6 33.0 0.3 13.1 0.7 30.0 6.6 5.3 6.0 17.1 0.070
202 Tristan Vukcevic WAS 21 5 2 3 6.4 85.3 1.8 25.7 31.0 0.2 16.7 0.2 50.0 1.0 1.0 1.4 5.6 0.069
203 Jake LaRavia MEM 22 29 5 24 20.6 112.1 2.0 9.4 14.6 0.8 25.6 0.3 10.8 9.5 6.9 7.0 19.7 0.069
204 Aaron Nesmith IND 24 65 36 29 27.7 115.2 2.9 10.2 15.7 0.9 21.6 0.7 20.7 8.6 8.5 6.8 31.9 0.069
205 Cam Thomas BKN 22 59 20 39 31.0 116.3 2.8 9.2 13.9 0.7 16.0 0.2 6.8 9.6 8.8 10.8 32.5 0.069
206 Sam Merrill CLE 27 57 35 22 17.8 110.2 1.6 9.0 13.1 0.3 14.2 0.1 4.6 6.2 4.3 5.1 17.1 0.068
207 Spencer Dinwiddie LAL 30 69 33 36 28.9 115.5 2.3 7.6 11.3 0.7 20.1 0.3 7.8 8.4 8.6 8.8 30.2 0.068
208 Simone Fontecchio DET 28 66 29 37 24.9 114.5 2.8 10.7 15.4 0.7 17.1 0.3 12.8 8.7 6.5 9.2 27.2 0.068
209 Ziaire Williams MEM 22 51 20 31 20.3 112.4 2.8 13.8 21.5 0.7 19.7 0.2 7.2 7.8 6.4 6.6 21.3 0.068
210 Trey Lyles SAC 28 50 30 20 19.7 112.0 3.4 16.8 24.5 0.3 10.4 0.3 15.3 7.0 5.0 5.0 19.0 0.068
211 Keldon Johnson SAS 24 68 17 51 29.6 116.1 4.1 13.5 19.9 0.7 17.2 0.3 8.1 10.6 9.2 8.9 33.5 0.067
212 Trey Jemison MEM 24 18 3 15 19.5 111.8 2.1 11.7 16.7 0.4 12.3 0.9 47.1 9.4 4.2 7.5 20.6 0.067
213 Markquis Nowell TOR 24 1 0 1 3.5 62.5 0.0 0.0 0.0 1.0 50.0 0.0 0.0 0.0 0.0 0.0 2.0 0.067
214 Terry Rozier MIA 30 57 20 37 33.8 117.0 3.6 11.1 16.2 1.0 20.4 0.4 11.6 10.7 9.8 10.1 34.9 0.067
215 Jason Preston UTA 24 4 1 3 7.6 93.9 1.0 12.1 16.7 0.3 20.0 0.0 0.0 2.3 1.0 1.3 6.5 0.067
216 Malik Monk SAC 26 72 42 30 26.0 115.0 2.6 10.1 14.6 0.6 17.2 0.5 22.9 9.0 6.4 6.3 26.3 0.067
217 Lauri Markkanen UTA 26 55 22 33 33.1 116.9 5.9 17.6 25.8 0.9 19.5 0.5 13.6 12.8 9.4 12.1 35.9 0.067
218 Keon Ellis SAC 24 49 30 19 15.8 109.0 1.5 9.3 13.4 0.8 31.8 0.5 28.6 5.2 3.5 3.3 15.6 0.067
219 Jahmi'us Ramsey TOR 22 7 0 7 17.3 110.8 2.6 13.0 23.1 1.0 28.0 0.0 0.0 7.3 6.1 7.7 19.7 0.067
220 Seth Curry CHA 33 44 25 19 14.0 107.5 1.1 7.8 12.0 0.5 20.6 0.1 9.7 4.8 4.3 4.4 14.2 0.067
221 Joe Ingles ORL 36 60 38 22 17.2 110.5 1.8 10.6 16.5 0.6 22.0 0.1 3.7 5.7 4.7 5.2 17.6 0.066
222 Georges Niang CLE 30 75 45 30 22.6 113.7 3.2 13.8 20.5 0.3 11.0 0.2 10.6 8.0 6.3 6.7 21.9 0.066
223 Sidy Cissoko SAS 19 6 1 5 5.3 83.8 1.0 17.1 22.2 0.5 37.5 0.0 0.0 2.0 1.7 2.0 5.0 0.066
224 Moritz Wagner ORL 26 72 42 30 17.9 111.1 2.9 16.9 26.0 0.5 16.7 0.3 15.3 6.2 4.5 5.6 17.8 0.066
225 Mason Jones SAC 25 3 1 2 6.8 90.9 1.3 20.0 26.7 0.3 16.7 0.0 0.0 2.7 0.7 1.3 3.3 0.066
226 Grant Williams CHA 25 70 32 38 27.5 115.6 3.0 10.9 16.6 0.6 15.1 0.5 21.0 9.1 8.0 8.9 30.9 0.066
227 Patrick Williams CHI 22 43 19 24 27.3 115.5 2.8 10.5 15.2 0.9 22.3 0.8 29.7 8.9 7.3 8.4 26.5 0.066
228 Myles Turner IND 28 71 40 31 27.3 115.5 5.4 19.3 28.5 0.5 13.6 1.8 52.2 8.4 7.6 7.2 33.2 0.065
229 Goga Bitadze ORL 24 57 32 25 16.4 110.0 3.0 18.4 26.9 0.5 20.3 1.2 53.8 5.4 4.5 4.7 16.8 0.065
230 RJ Barrett TOR 23 53 24 29 31.6 116.8 4.4 13.7 20.9 0.5 10.5 0.4 13.1 10.5 9.6 10.7 34.9 0.065
231 Moses Moody GSW 21 58 32 26 17.2 110.8 2.0 11.0 16.0 0.7 25.5 0.4 25.6 5.7 4.4 5.7 17.0 0.064
232 Gary Payton II GSW 31 39 23 16 15.3 109.7 1.5 9.9 14.9 0.9 27.5 0.4 24.2 5.1 3.8 4.7 15.4 0.064
233 Russell Westbrook LAC 35 62 41 21 22.3 114.2 3.5 15.2 23.2 1.1 28.3 0.3 14.9 7.4 7.0 8.2 24.1 0.064
234 Jordan Goodwin MEM 25 50 27 23 16.7 110.4 2.3 13.2 20.2 0.8 28.1 0.4 14.3 6.6 4.1 4.6 16.8 0.064
235 Dante Exum DAL 28 48 31 17 19.3 112.4 2.1 10.2 15.5 0.4 17.4 0.1 5.9 5.0 5.6 5.5 19.9 0.064
236 Jamaree Bouyea SAS 24 6 0 6 9.5 100.0 1.3 15.7 25.0 0.0 0.0 0.0 0.0 3.2 2.0 3.3 9.0 0.064
237 Maxi Kleber DAL 32 37 23 14 20.3 112.9 2.6 12.5 18.4 0.4 14.3 0.6 35.0 6.9 5.4 6.1 21.2 0.064
238 Patrick Beverley MIL 35 68 41 27 19.6 112.3 2.4 11.8 18.5 0.6 17.3 0.4 19.6 5.8 6.0 5.3 18.6 0.063
239 Harrison Barnes SAC 31 74 43 31 29.3 116.5 2.2 7.7 10.7 0.6 13.6 0.1 7.3 10.0 6.2 7.3 31.1 0.063
240 Luke Kennard MEM 27 37 13 24 25.3 115.3 2.6 10.6 16.6 0.5 12.3 0.1 1.7 9.7 8.2 8.9 27.4 0.063
241 Deni Avdija WAS 23 68 13 55 29.6 116.6 6.0 19.4 29.7 0.8 17.5 0.4 14.1 11.0 10.0 9.4 36.7 0.062
242 Kevin Huerter SAC 25 64 37 27 24.4 115.0 2.9 12.4 17.4 0.7 17.7 0.4 18.3 7.8 5.7 5.9 26.8 0.062
243 Jerami Grant POR 30 54 17 37 33.9 117.5 2.9 8.7 13.7 0.8 16.4 0.6 19.3 12.4 10.1 11.5 39.5 0.062
244 Vasilije Micic CHA 30 53 31 22 18.8 112.3 1.1 6.0 9.4 0.5 17.1 0.1 6.4 6.5 6.3 5.2 19.5 0.062
245 Josh Okogie PHX 25 56 34 22 16.9 111.3 1.4 8.0 12.2 0.8 28.7 0.4 19.8 6.9 5.3 5.2 17.9 0.062
246 Kris Murray POR 23 54 10 44 19.7 113.0 2.1 11.0 17.0 0.9 27.4 0.3 17.2 8.2 5.1 7.5 20.3 0.062
247 Klay Thompson GSW 34 70 36 34 29.6 116.7 2.8 9.3 13.8 0.6 15.5 0.4 17.5 10.4 8.3 9.2 32.3 0.061
248 Jevon Carter CHI 28 67 33 34 13.7 108.5 0.7 5.1 7.8 0.5 17.6 0.2 14.6 3.8 4.1 3.5 12.1 0.061
249 P.J. Washington DAL 25 66 25 41 30.1 116.7 4.3 14.5 21.4 0.9 19.8 0.8 22.7 10.1 8.6 8.6 31.8 0.061
250 Patty Mills MIA 35 30 14 16 13.2 108.1 0.8 6.6 9.2 0.7 27.4 0.0 4.2 3.9 3.2 3.0 13.4 0.061
251 Kobe Bufkin ATL 20 9 6 3 9.9 102.6 1.3 11.9 19.0 0.3 23.1 0.1 7.1 2.8 2.6 3.1 10.2 0.061
252 Lonnie Walker IV BKN 25 53 22 31 16.8 111.5 1.8 10.5 15.7 0.5 19.1 0.3 18.3 6.3 4.8 5.2 16.6 0.061
253 Jae Crowder MIL 33 43 24 19 23.2 114.8 2.7 11.5 16.7 0.8 22.6 0.2 7.7 6.5 5.6 7.2 24.8 0.061
254 Jalen Duren DET 20 56 13 43 29.7 116.7 8.7 28.6 40.0 0.5 14.5 0.8 26.4 12.3 7.8 8.6 33.3 0.061
255 Tim Hardaway Jr. DAL 32 71 44 27 27.5 116.2 3.0 10.6 16.5 0.5 14.4 0.1 3.5 8.3 8.9 8.7 30.1 0.061
256 Alex Len SAC 30 40 21 19 9.2 101.3 1.7 18.0 25.9 0.3 16.9 0.7 60.0 2.5 2.0 1.8 7.7 0.061
257 Dexter Dennis DAL 25 4 1 3 7.5 100.0 2.0 21.1 32.0 0.0 0.0 0.3 25.0 3.8 3.3 5.8 12.0 0.060
258 Oshae Brissett BOS 25 48 40 8 11.7 106.7 1.8 14.5 21.3 0.3 19.3 0.1 8.2 3.4 3.1 3.4 12.6 0.059
259 Delon Wright MIA 31 44 13 31 15.3 110.9 1.4 9.2 13.8 1.1 40.7 0.2 17.9 5.4 4.5 4.1 16.3 0.059
260 Mark Williams CHA 22 19 7 12 26.8 116.4 5.7 20.9 31.1 0.8 20.8 1.1 42.6 9.4 8.9 8.9 30.6 0.059
261 Luke Kornet BOS 28 55 42 13 15.5 110.5 2.2 13.8 20.0 0.4 19.0 1.0 53.4 4.5 4.0 4.4 14.9 0.059
262 Terance Mann LAC 27 67 43 24 25.3 115.8 2.2 8.5 12.5 0.6 14.9 0.2 9.6 8.7 7.0 7.4 26.2 0.058
263 Matisse Thybulle POR 27 65 18 47 22.9 115.1 1.6 7.4 12.1 1.7 40.1 0.8 32.5 9.0 7.5 8.3 26.0 0.058
264 Cade Cunningham DET 22 61 9 52 33.4 117.8 3.8 11.5 16.4 0.9 20.0 0.3 10.3 14.0 9.0 9.5 37.1 0.058
265 Jaylin Williams OKC 21 61 43 18 12.6 107.7 2.8 22.1 33.1 0.4 17.6 0.4 31.6 4.1 3.4 2.8 11.5 0.058
266 Jeff Green HOU 37 70 36 34 16.6 111.7 1.7 9.5 14.6 0.2 6.7 0.4 21.9 4.9 4.6 4.0 17.3 0.058
267 Justin Holiday DEN 34 51 33 18 14.6 110.5 1.1 7.1 10.8 0.6 24.4 0.1 7.6 5.1 3.9 4.7 15.6 0.057
268 Trevelin Queen ORL 27 13 5 8 12.5 108.3 1.2 9.6 15.2 0.5 23.3 0.4 29.4 5.2 3.9 3.0 14.8 0.057
269 Saben Lee PHX 24 21 12 9 8.5 101.1 1.0 11.0 17.1 0.3 30.4 0.1 9.4 3.7 2.0 2.6 7.7 0.057
270 Max Christie LAL 21 61 34 27 14.9 110.9 2.0 11.9 17.2 0.3 15.0 0.3 15.0 5.7 4.7 5.2 15.6 0.056
271 Aaron Wiggins OKC 25 70 50 20 14.8 110.7 1.5 9.7 15.5 0.6 22.5 0.2 11.0 4.2 5.2 3.3 14.8 0.056
272 Paul Reed PHI 24 75 40 35 19.3 113.6 3.5 19.1 28.9 0.8 21.5 1.0 42.8 5.5 5.6 6.0 20.6 0.056
273 Walker Kessler UTA 22 63 26 37 23.6 115.6 5.0 19.9 29.9 0.5 15.5 2.4 71.8 10.1 7.4 9.3 23.7 0.056
274 David Roddy PHX 23 62 22 40 18.9 113.7 2.5 13.4 20.4 0.4 15.9 0.2 7.7 7.0 5.9 5.2 19.7 0.056
275 Otto Porter Jr. TOR 30 15 6 9 11.6 107.5 1.5 13.0 18.4 0.3 14.3 0.3 25.0 3.9 3.2 3.3 10.9 0.055
276 Dereck Lively II DAL 20 55 35 20 23.5 115.6 4.4 17.9 26.5 0.7 20.5 1.4 51.7 7.1 6.4 8.3 24.8 0.055
277 Andrew Wiggins GSW 29 65 33 32 27.0 116.8 3.0 10.4 15.8 0.6 17.4 0.5 23.2 10.2 8.4 8.2 28.4 0.055
278 Daniel Gafford DAL 25 67 25 42 24.7 116.3 5.0 18.7 29.4 0.9 23.6 2.1 58.5 7.9 8.8 7.8 28.0 0.055
279 Taurean Prince LAL 30 71 39 32 27.6 117.0 2.7 9.2 13.7 0.7 18.1 0.5 14.8 9.5 8.9 9.9 30.1 0.055
280 Trae Young ATL 25 51 22 29 36.5 118.9 2.3 6.3 9.6 1.4 23.3 0.2 5.9 12.3 11.8 13.7 43.6 0.054
281 Clint Capela ATL 29 66 31 35 25.5 116.5 5.8 22.8 33.3 0.6 14.8 1.5 57.8 8.6 7.4 9.4 28.9 0.054
282 Shake Milton NYK 27 47 31 16 12.4 109.5 1.3 10.2 14.5 0.4 20.9 0.1 8.2 4.4 3.7 3.9 12.6 0.054
283 Mamadi Diakite NYK 27 5 4 1 4.8 86.0 0.6 11.5 15.0 0.2 33.3 0.2 33.3 1.4 1.4 1.2 3.2 0.054
284 Bobby Portis MIL 29 74 47 27 24.2 116.1 5.6 22.8 33.9 0.8 22.3 0.4 16.2 6.7 6.9 6.7 26.1 0.053
285 Cody Martin CHA 28 28 7 21 26.9 116.9 3.2 12.4 17.9 1.1 29.9 0.6 25.4 8.6 7.3 7.2 28.6 0.053
286 Bismack Biyombo OKC 31 37 18 19 20.5 114.7 3.7 17.7 25.8 0.3 11.5 0.9 36.5 7.9 5.6 6.0 19.7 0.053
287 Patrick Baldwin Jr. WAS 21 32 6 26 10.3 106.2 2.2 19.8 29.5 0.3 15.2 0.3 30.6 3.9 2.7 3.5 10.1 0.053
288 P.J. Tucker LAC 38 25 10 15 15.6 112.2 1.9 12.2 18.0 0.5 19.1 0.3 14.9 5.7 3.8 6.8 16.3 0.052
289 Robert Williams III POR 26 6 2 4 19.8 114.9 4.5 22.7 34.6 1.2 31.8 1.2 46.7 7.5 4.3 8.2 20.7 0.052
290 Jamal Cain MIA 25 22 11 11 11.5 108.6 1.0 8.6 12.7 0.5 25.6 0.2 38.5 4.5 2.8 3.1 11.8 0.052
291 Buddy Boeheim DET 24 5 0 5 9.8 105.0 1.4 12.1 17.1 0.0 0.0 0.2 14.3 1.6 3.0 3.2 9.2 0.052
292 Micah Potter UTA 25 12 2 10 10.6 106.2 1.8 15.6 23.7 0.1 9.1 0.2 15.4 3.0 3.7 3.3 7.0 0.051
293 Drew Eubanks PHX 27 68 37 31 15.7 112.5 2.9 17.2 27.2 0.4 16.6 0.9 37.9 5.8 5.1 5.2 15.1 0.051
294 Buddy Hield PHI 31 77 39 38 26.2 117.3 2.5 9.9 15.2 0.8 20.9 0.5 16.1 8.9 7.8 8.0 31.0 0.051
295 Caleb Houstan ORL 21 56 30 26 14.1 111.0 1.0 6.7 10.0 0.2 12.9 0.1 3.6 4.8 3.9 4.4 14.1 0.051
296 Jordan Hawkins NOP 21 63 37 26 17.9 114.0 1.8 10.1 15.4 0.3 10.0 0.1 6.5 5.9 5.3 5.5 17.8 0.051
297 Brandon Miller CHA 21 67 16 51 32.2 118.4 3.4 11.2 16.7 0.9 19.3 0.6 18.3 11.2 9.3 8.9 36.7 0.050
298 Jeff Dowtin Jr. PHI 26 7 2 5 12.3 108.9 1.3 9.9 16.7 0.6 36.4 0.1 9.1 3.3 4.1 1.9 12.0 0.050
299 Julian Champagnie SAS 22 67 15 52 18.5 114.5 2.0 11.2 16.2 0.6 19.7 0.5 18.9 7.3 5.0 5.5 21.2 0.050
300 Devonte' Graham SAS 29 16 4 12 8.9 104.3 1.2 13.7 20.7 0.3 21.7 0.1 5.3 1.9 2.8 2.8 8.9 0.050
301 Andre Drummond CHI 30 75 36 39 17.0 113.8 5.5 32.9 49.0 0.9 32.1 0.6 32.9 5.5 4.9 4.5 15.3 0.050
302 Svi Mykhailiuk BOS 26 33 26 7 8.9 104.5 0.8 9.0 13.5 0.3 20.8 0.0 0.0 3.3 2.3 2.6 9.2 0.050
303 Jericho Sims NYK 25 43 28 15 13.1 110.3 2.0 15.4 23.5 0.2 11.3 0.4 40.0 4.4 3.6 3.0 12.3 0.049
304 Neemias Queta BOS 24 26 22 4 11.4 108.8 2.3 19.6 28.9 0.4 25.6 0.6 48.4 2.5 2.8 3.1 9.4 0.049
305 Hamidou Diallo WAS 25 2 1 1 2.4 50.0 0.0 0.0 0.0 1.0 100 0.0 0.0 0.0 0.0 0.0 1.0 0.049
306 Pat Connaughton MIL 31 68 43 25 21.7 116.0 2.5 11.3 16.7 0.5 15.7 0.2 11.9 6.4 6.2 6.3 22.9 0.049
307 Dru Smith MIA 26 9 7 2 14.5 112.5 0.9 5.8 9.9 1.0 34.6 0.3 23.1 4.9 5.4 4.0 13.3 0.049
308 TyTy Washington Jr. MIL 22 5 3 2 4.1 84.8 0.2 5.6 6.3 0.4 40.0 0.0 0.0 2.6 0.4 1.4 1.6 0.049
309 Marvin Bagley III WAS 25 49 6 43 21.3 115.9 3.7 17.5 25.2 0.4 13.2 0.7 36.3 7.7 5.9 6.4 25.2 0.049
310 Jared Butler WAS 23 33 5 28 12.4 110.0 1.0 7.6 11.9 0.6 30.2 0.2 13.9 4.6 3.4 2.5 11.3 0.048
311 Lester Quinones GSW 23 33 20 13 11.2 108.8 1.5 13.2 18.0 0.2 13.6 0.1 4.3 3.9 2.3 3.7 11.9 0.048
312 Bruno Fernando ATL 25 37 18 19 14.0 111.5 2.9 20.5 32.3 0.6 28.0 0.7 53.1 4.9 3.9 4.1 13.4 0.048
313 Mo Bamba PHI 25 53 26 27 13.3 111.3 2.8 21.5 33.1 0.4 18.0 1.0 57.3 3.8 3.4 4.8 12.4 0.047
314 Bol Bol PHX 24 36 23 13 11.3 109.6 2.5 19.3 28.6 0.2 13.3 0.6 33.3 4.3 3.4 4.1 10.1 0.046
315 Trayce Jackson-Davis GSW 24 60 33 27 15.7 113.6 2.8 17.0 25.5 0.4 18.1 1.1 55.3 5.5 4.9 4.3 16.5 0.046
316 Miles Bridges CHA 26 63 15 48 37.7 119.7 6.4 17.7 26.3 1.0 19.5 0.5 14.9 12.7 10.7 11.1 41.9 0.046
317 Jaden Ivey DET 22 69 13 56 28.6 118.4 2.3 8.1 11.4 0.8 22.2 0.6 20.1 11.8 8.0 8.4 32.8 0.045
318 Bones Hyland LAC 23 32 18 14 13.6 112.3 0.9 6.8 10.6 0.6 28.6 0.1 6.5 5.7 4.3 4.9 14.6 0.045
319 Saddiq Bey ATL 24 63 28 35 32.7 119.1 3.9 11.9 17.9 0.8 17.3 0.2 5.7 11.1 9.7 10.9 38.1 0.045
320 Bennedict Mathurin IND 21 59 33 26 26.1 117.9 2.9 11.3 17.8 0.6 13.9 0.2 8.4 9.9 9.0 7.7 33.4 0.045
321 Justin Minaya POR 25 28 2 26 7.7 103.6 0.6 8.9 13.2 0.2 18.2 0.3 43.8 3.2 2.1 2.2 6.4 0.045
322 Jeremiah Robinson-Earl NOP 23 33 18 15 9.3 107.7 1.5 14.9 22.2 0.3 22.7 0.1 17.4 4.2 3.1 2.7 10.5 0.045
323 Gary Trent Jr. TOR 25 66 22 44 27.8 118.3 2.2 8.0 12.4 1.0 23.4 0.2 5.6 9.3 9.0 8.3 32.5 0.045
324 Ousmane Dieng OKC 20 31 19 12 11.0 109.5 1.3 11.1 17.1 0.2 10.2 0.1 7.7 4.1 2.9 2.9 11.0 0.045
325 Chimezie Metu DET 27 43 23 20 14.0 112.6 2.5 17.9 26.5 0.6 27.8 0.3 23.2 5.7 3.6 4.1 14.0 0.045
326 Marcus Morris Sr. CLE 34 44 25 19 17.2 114.8 2.5 14.6 22.3 0.3 12.2 0.3 16.4 5.4 4.8 5.7 17.4 0.045
327 Davis Bertans CHA 31 36 18 18 14.3 113.0 1.1 8.5 11.9 0.5 23.4 0.2 20.0 5.5 3.1 3.8 14.1 0.045
328 Chuma Okeke ORL 25 43 22 21 9.8 107.8 1.4 14.4 21.0 0.2 15.5 0.2 15.9 4.1 2.2 2.8 10.1 0.045
329 Isaiah Jackson IND 22 55 33 22 12.8 112.1 2.5 19.6 31.9 0.6 25.8 1.0 54.6 4.9 4.5 3.6 15.0 0.044
330 De'Andre Hunter ATL 26 50 24 26 29.0 118.5 3.2 11.4 17.5 0.7 15.4 0.3 10.5 10.0 8.8 9.3 32.0 0.044
331 Killian Hayes DET 22 42 7 35 24.0 117.6 2.6 10.7 15.8 0.9 28.8 0.5 18.9 9.8 7.2 6.8 28.3 0.044
332 T.J. McConnell IND 32 64 35 29 18.0 115.5 2.2 12.6 19.4 1.0 33.0 0.1 5.7 6.2 5.4 5.1 21.8 0.044
333 JT Thor CHA 21 56 13 43 11.8 111.2 1.4 12.3 17.9 0.1 10.3 0.4 36.2 4.1 3.2 3.2 12.2 0.044
334 R.J. Hampton MIA 23 8 3 5 9.5 107.8 0.5 4.5 6.5 0.0 0.0 0.0 0.0 4.3 2.5 3.6 9.8 0.044
335 Andrew Funk CHI 24 2 1 1 1.3 0.0 0.0 0.0 0.0 0.0 0.0 0.0 0.0 0.0 0.0 0.0 0.0 0.044
336 Dario Saric GSW 29 62 33 29 17.4 115.2 3.3 19.0 27.8 0.5 19.2 0.1 11.8 6.5 4.4 5.1 18.5 0.043
337 Dejounte Murray ATL 27 71 32 39 35.7 119.7 4.6 13.1 19.3 1.5 26.7 0.3 9.6 12.5 10.6 12.3 40.6 0.043
338 Daniel Theis LAC 31 55 37 18 16.6 115.0 2.5 14.5 23.0 0.3 13.0 0.8 39.7 5.2 5.2 5.5 18.0 0.043
339 Bilal Coulibaly WAS 19 63 11 52 27.2 118.4 3.2 11.6 18.8 0.9 19.1 0.8 25.7 9.9 10.0 8.8 34.6 0.043
340 Cameron Payne PHI 29 71 39 32 16.4 115.0 1.2 7.1 10.8 0.5 19.2 0.1 7.1 4.4 4.9 4.5 17.4 0.043
341 Taj Gibson DET 38 17 7 10 10.4 109.6 1.2 11.4 15.2 0.2 12.5 0.4 50.0 2.7 1.8 3.2 8.9 0.042
342 Sasha Vezenkov SAC 28 36 19 17 12.5 112.4 1.6 12.8 19.8 0.5 33.3 0.2 14.9 4.9 3.3 3.4 12.9 0.042
343 KJ Martin PHI 23 56 29 27 11.9 111.8 1.5 12.8 20.7 0.4 16.7 0.2 12.2 4.0 4.2 3.3 13.4 0.042
344 Adam Flagler OKC 24 1 1 0 5.5 100.0 0.0 0.0 0.0 0.0 0.0 0.0 0.0 2.0 0.0 4.0 10.0 0.042
345 Davion Mitchell SAC 25 64 38 26 14.2 113.6 1.0 7.0 10.0 0.3 11.8 0.0 4.4 5.3 3.5 3.4 14.5 0.042
346 Blake Wesley SAS 21 54 15 39 13.5 113.3 1.1 8.2 12.1 0.5 23.4 0.2 11.0 4.6 4.1 4.1 14.9 0.041
347 Kira Lewis Jr. UTA 22 25 10 15 8.1 106.4 0.6 5.9 9.4 0.2 24.0 0.1 12.5 2.9 2.2 1.9 8.0 0.041
348 Thomas Bryant MIA 26 37 21 16 11.3 111.3 2.5 23.0 32.9 0.3 16.7 0.4 41.7 4.1 2.9 3.2 12.3 0.041
349 Nick Richards CHA 26 64 13 51 26.6 118.4 5.6 22.1 32.9 0.4 10.4 1.2 44.8 9.6 7.0 8.1 30.2 0.041
350 Obi Toppin IND 26 75 42 33 21.3 117.3 2.8 13.3 20.4 0.5 14.9 0.5 18.4 7.3 6.2 6.9 27.5 0.041
351 Trendon Watford BKN 23 56 22 34 12.0 112.0 1.9 16.1 23.5 0.4 21.9 0.3 28.6 4.3 3.5 3.7 10.9 0.041
352 Chris Boucher TOR 31 50 16 34 14.1 113.6 2.9 20.2 30.9 0.3 12.5 0.5 34.3 4.3 4.8 4.1 14.1 0.041
353 Jabari Walker POR 21 65 16 49 22.6 117.7 4.4 20.9 33.7 0.6 17.8 0.3 14.9 9.2 6.9 8.5 25.6 0.040
354 Collin Gillespie DEN 24 24 15 9 9.4 109.2 0.8 8.5 12.4 0.5 34.2 0.0 0.0 2.8 2.5 1.9 9.8 0.040
355 Filip Petrusev SAC 23 3 2 1 3.1 80.0 0.3 8.3 11.1 0.0 0.0 0.0 0.0 0.7 0.7 0.0 2.7 0.040
356 Vit Krejci ATL 23 14 7 7 25.8 118.2 1.6 6.8 9.6 0.6 14.0 0.4 16.7 9.4 6.6 8.5 28.3 0.040
357 Dalen Terry CHI 21 52 24 28 10.7 111.1 1.4 12.9 18.4 0.4 22.3 0.2 19.0 3.6 2.7 2.7 9.3 0.040
358 Oscar Tshiebwe IND 24 8 2 6 5.2 98.9 1.0 22.9 32.0 0.3 16.7 0.1 14.3 1.5 0.9 2.9 4.8 0.039
359 Kevon Looney GSW 28 67 38 29 16.5 115.6 3.8 22.4 32.4 0.4 17.6 0.3 27.4 6.3 4.1 5.6 16.6 0.039
360 Cody Zeller NOP 31 40 24 16 7.6 106.8 1.6 18.7 29.7 0.2 14.5 0.1 31.3 2.4 2.3 2.1 7.6 0.039
361 Keita Bates-Diop BKN 28 53 29 24 12.5 113.1 1.5 11.8 18.1 0.5 27.5 0.4 22.4 4.7 3.1 3.9 12.5 0.039
362 Johnny Davis WAS 22 44 7 37 11.3 112.2 1.0 9.0 13.5 0.3 17.7 0.2 18.0 3.3 3.5 3.1 12.8 0.039
363 Zach Collins SAS 26 62 15 47 22.3 117.9 3.5 15.5 22.7 0.5 17.6 0.7 34.9 9.2 6.5 7.0 25.5 0.038
364 Stanley Umude DET 24 24 4 20 12.8 113.8 1.8 13.0 18.8 0.3 22.9 0.3 24.1 5.8 2.8 4.3 13.7 0.038
365 Dwight Powell DAL 32 58 36 22 13.2 113.9 1.8 13.5 20.8 0.4 19.8 0.3 42.2 4.0 4.2 4.3 13.6 0.038
366 Olivier Sarr OKC 25 14 7 7 6.8 104.0 1.8 23.6 33.3 0.0 0.0 0.5 53.8 3.6 1.8 2.2 4.9 0.038
367 Keyonte George UTA 20 68 25 43 26.8 118.9 2.6 9.6 14.1 0.5 15.5 0.1 3.1 10.8 7.9 11.3 29.6 0.038
368 Josh Green DAL 23 54 31 23 26.6 118.9 2.5 9.4 14.2 0.8 21.7 0.2 7.0 9.2 8.3 8.9 29.0 0.038
369 Sandro Mamukelashvili SAS 24 39 8 31 6.9 105.0 1.3 18.4 26.9 0.2 14.0 0.2 37.5 2.5 2.1 1.5 6.2 0.038
370 Nate Hinton HOU 24 11 6 5 5.2 100.8 0.8 13.2 17.0 0.2 28.6 0.2 25.0 1.3 0.9 1.5 5.1 0.038
371 Craig Porter Jr. CLE 24 48 29 19 13.3 113.8 1.8 13.7 19.2 0.4 26.7 0.3 24.1 5.6 3.0 3.8 12.6 0.038
372 Orlando Robinson MIA 23 33 18 15 9.1 109.4 1.7 19.2 27.7 0.2 17.9 0.2 47.1 3.5 2.8 2.2 8.2 0.038
373 Marcus Sasser DET 23 64 10 54 17.8 116.5 1.6 9.1 13.6 0.6 26.0 0.1 8.6 7.5 5.0 5.5 19.6 0.038
374 Tristan Thompson CLE 33 45 27 18 11.8 112.8 2.2 17.8 25.7 0.3 17.6 0.3 35.9 4.2 2.9 3.7 10.9 0.038
375 Johnny Juzang UTA 23 14 3 11 15.0 114.7 1.2 7.6 11.4 0.0 0.0 0.0 0.0 4.7 4.9 5.4 13.0 0.038
376 Keyontae Johnson OKC 23 9 7 2 7.4 105.8 0.7 9.5 11.8 0.1 10.0 0.0 0.0 3.7 0.8 3.2 6.9 0.038
377 Ben Sheppard IND 22 50 27 23 13.3 114.3 1.3 9.8 15.1 0.5 21.1 0.0 2.6 4.1 4.0 4.4 15.9 0.037
378 Taylor Hendricks UTA 20 33 11 22 20.8 117.7 3.5 16.3 23.7 0.6 19.4 0.8 33.8 8.7 6.4 8.6 21.9 0.037
379 Nassir Little PHX 24 40 24 16 11.1 112.4 1.5 12.1 19.0 0.3 13.5 0.3 13.9 4.0 3.6 3.1 11.9 0.037
380 Jaxson Hayes LAL 23 63 36 27 12.0 113.3 1.9 14.4 22.0 0.4 26.2 0.4 38.7 4.7 4.2 4.2 13.1 0.037
381 Anthony Gill WAS 31 44 8 36 7.0 105.9 0.9 11.8 19.1 0.2 20.0 0.2 20.0 2.5 2.1 1.6 7.0 0.037
382 Jordan Clarkson UTA 31 55 22 33 30.6 119.7 2.5 8.3 12.3 0.6 16.3 0.1 3.1 12.2 9.1 11.6 33.0 0.037
383 Kris Dunn UTA 30 64 25 39 18.8 117.1 2.1 11.0 16.3 1.0 34.4 0.4 22.4 7.1 5.2 7.4 19.8 0.037
384 Juan Toscano-Anderson SAC 30 11 7 4 4.8 99.2 0.9 16.7 22.7 0.1 16.7 0.1 10.0 1.8 1.5 0.8 3.6 0.037
385 Ochai Agbaji TOR 23 72 29 43 20.2 117.7 1.8 8.4 12.9 0.6 22.0 0.5 20.9 8.2 6.9 6.6 22.7 0.036
386 Jaden Hardy DAL 21 65 39 26 13.6 114.7 1.4 10.3 16.2 0.3 14.5 0.1 5.0 4.9 4.5 4.6 14.8 0.036
387 Jontay Porter TOR 24 26 6 20 13.8 115.0 2.2 15.3 23.4 0.8 31.7 0.8 51.3 5.1 3.3 3.8 16.5 0.036
388 Jordan Poole WAS 24 73 14 59 29.7 119.7 2.3 7.3 11.5 1.1 24.6 0.3 10.7 10.2 10.4 9.5 36.7 0.036
389 Troy Brown Jr. DET 24 51 29 22 12.4 113.6 1.8 14.2 20.3 0.2 13.6 0.0 3.1 5.2 3.3 3.6 14.1 0.036
390 Reggie Bullock Jr. HOU 33 36 21 15 9.6 110.9 1.6 16.2 23.1 0.3 17.0 0.1 8.6 3.0 2.6 3.1 10.1 0.036
391 Onyeka Okongwu ATL 23 55 23 32 25.5 119.0 4.2 16.9 25.2 0.5 11.6 1.1 50.4 8.7 7.5 8.3 28.8 0.036
392 A.J. Lawson DAL 23 36 23 13 7.0 106.9 0.7 8.6 13.3 0.3 24.4 0.1 10.7 2.4 2.2 2.9 7.7 0.036
393 Chris Duarte SAC 26 54 32 22 12.8 114.0 1.4 11.2 16.4 0.5 25.7 0.1 14.0 5.0 3.0 3.2 12.9 0.036
394 Yuta Watanabe MEM 29 34 18 16 13.7 114.7 1.3 8.8 14.1 0.4 16.7 0.2 11.3 5.1 4.6 3.5 13.9 0.036
395 Garrison Mathews ATL 27 58 27 31 14.2 115.1 1.1 8.1 12.5 0.3 12.0 0.1 11.5 5.3 3.9 4.7 14.8 0.036
396 Malachi Flynn DET 25 61 27 34 11.8 113.2 1.3 10.9 17.4 0.5 23.5 0.1 9.9 4.6 4.0 3.3 13.0 0.036
397 Corey Kispert WAS 25 73 14 59 24.7 118.8 2.3 9.1 14.2 0.5 13.8 0.2 8.8 9.5 8.4 7.7 29.8 0.036
398 Furkan Korkmaz PHI 26 35 22 13 8.6 110.2 0.7 8.7 14.2 0.4 21.2 0.1 10.7 2.7 2.7 2.6 9.5 0.035
399 LaMelo Ball CHA 22 22 7 15 32.3 120.2 3.8 12.2 17.9 1.8 33.3 0.2 6.8 10.5 8.6 10.8 36.0 0.035
400 MarJon Beauchamp MIL 23 46 30 16 12.9 114.5 1.6 12.0 18.3 0.3 12.5 0.1 10.5 4.5 4.4 3.6 13.8 0.035
401 Jules Bernard WAS 24 15 2 13 7.4 106.8 0.6 8.0 12.5 0.1 16.7 0.1 7.7 3.0 2.6 2.1 7.3 0.035
402 Kevin Knox II DET 24 31 4 27 18.1 117.2 1.8 10.8 15.2 0.4 17.1 0.2 17.1 7.0 4.2 5.6 21.0 0.035
403 Nick Smith Jr. CHA 19 46 8 38 14.0 115.1 0.9 7.1 10.8 0.2 8.9 0.2 12.5 4.9 3.9 3.8 14.0 0.035
404 AJ Green MIL 24 50 33 17 10.2 111.6 1.0 9.2 14.0 0.1 7.6 0.1 7.5 3.3 3.1 1.9 8.8 0.035
405 Jalen Wilson BKN 23 36 11 25 13.8 115.0 1.6 12.4 19.3 0.2 10.9 0.0 2.5 4.7 3.5 4.5 13.7 0.034
406 Dalano Banton POR 24 47 22 25 17.0 116.9 2.3 13.3 20.5 0.5 19.2 0.3 18.5 7.3 4.8 6.2 17.7 0.034
407 Kenneth Lofton Jr. UTA 21 17 5 12 6.3 106.3 0.9 15.5 23.9 0.2 18.8 0.2 16.7 2.0 2.1 1.7 6.2 0.034
408 Terry Taylor CHI 24 30 12 18 5.9 104.6 0.7 10.3 15.9 0.1 13.8 0.1 11.1 1.8 2.0 1.4 5.0 0.034
409 Anfernee Simons POR 24 46 11 35 34.4 120.5 3.2 9.7 14.8 0.5 9.5 0.1 4.2 14.0 9.8 12.1 39.2 0.034
410 Nathan Mensah CHA 25 25 3 22 12.3 114.5 1.4 12.7 19.4 0.2 14.3 0.6 50.0 4.3 3.6 4.2 11.8 0.033
411 JD Davison BOS 21 6 6 0 1.9 70.4 0.3 13.3 20.0 0.0 0.0 0.0 0.0 0.0 0.5 0.3 2.0 0.033
412 Noah Clowney BKN 19 16 7 9 10.3 112.6 1.6 16.8 27.8 0.3 13.8 0.2 23.1 2.8 4.6 2.6 9.5 0.033
413 Pete Nance CLE 24 4 2 2 2.6 73.7 0.5 28.6 28.6 0.0 0.0 0.0 0.0 0.0 0.0 0.0 1.5 0.033
414 Gui Santos GSW 21 20 14 6 7.9 109.3 1.5 16.7 22.1 0.2 15.8 0.1 10.0 2.8 2.0 2.8 8.3 0.033
415 Duop Reath POR 27 60 15 45 18.2 117.5 2.2 13.2 21.0 0.5 16.5 0.6 37.5 6.8 5.8 6.6 20.6 0.033
416 Torrey Craig CHI 33 46 19 27 20.3 118.3 2.8 14.4 21.1 0.6 16.7 0.4 23.8 5.8 5.5 5.4 19.7 0.033
417 Onuralp Bitim CHI 25 18 8 10 12.5 114.9 1.3 10.5 16.1 0.2 9.4 0.1 11.1 4.7 4.5 2.9 11.9 0.033
418 Malaki Branham SAS 20 70 16 54 20.4 118.3 1.5 7.5 11.3 0.4 13.2 0.1 4.0 8.1 6.3 6.3 23.7 0.033
419 Jerome Robinson GSW 27 19 14 5 3.6 93.2 0.2 5.3 7.1 0.0 0.0 0.2 21.4 0.8 0.4 1.4 3.1 0.032
420 Mason Plumlee LAC 34 39 25 14 14.3 116.1 3.7 24.7 38.4 0.3 12.9 0.4 25.0 5.1 4.4 5.3 16.1 0.032
421 Ibou Badji POR 21 21 5 16 10.3 113.3 1.5 14.7 22.8 0.1 9.1 1.0 62.5 4.6 3.6 3.5 9.9 0.032
422 Talen Horton-Tucker UTA 23 46 12 34 19.1 118.0 1.9 9.7 14.9 0.9 31.3 0.3 13.9 8.0 5.7 6.0 19.0 0.032
423 Garrett Temple TOR 37 21 4 17 7.1 108.5 1.0 14.0 24.1 0.4 24.2 0.0 10.0 3.1 3.1 2.7 7.9 0.032
424 Tosan Evbuomwan DET 23 14 1 13 19.7 118.2 2.4 12.3 17.6 0.2 8.6 0.1 10.5 8.1 5.5 6.6 22.3 0.032
425 Richaun Holmes WAS 30 40 13 27 13.9 115.8 2.8 19.8 29.7 0.3 13.6 0.5 42.2 5.2 3.9 4.6 15.3 0.032
426 Bryce McGowens CHA 21 53 9 44 15.1 116.7 1.5 9.9 15.4 0.4 19.4 0.1 9.3 5.1 4.4 3.6 15.8 0.031
427 Rayan Rupert POR 19 31 5 26 12.0 115.0 1.4 13.1 20.2 0.2 10.3 0.1 7.4 5.3 3.3 4.3 12.1 0.031
428 Alec Burks NYK 32 62 16 46 19.0 118.4 2.0 10.2 15.9 0.4 18.2 0.2 9.7 7.9 5.6 5.5 21.3 0.031
429 Collin Sexton UTA 25 75 29 46 26.6 119.8 1.7 6.4 9.5 0.8 21.2 0.2 7.7 10.6 7.5 10.1 28.3 0.031
430 Mike Muscala OKC 32 46 13 33 11.8 114.8 1.7 14.0 20.9 0.2 12.3 0.3 27.3 4.3 3.4 3.6 14.0 0.031
431 Leaky Black CHA 24 22 1 21 9.9 113.1 1.4 13.8 20.3 0.2 20.8 0.3 23.1 3.5 2.5 3.3 10.9 0.031
432 Ricky Council IV PHI 22 27 10 17 8.7 112.1 1.0 12.2 18.2 0.1 5.9 0.0 3.3 2.4 2.4 2.8 9.8 0.031
433 Skylar Mays LAL 26 35 13 22 12.2 115.0 0.9 8.4 13.6 0.6 29.4 0.1 9.3 4.5 3.3 5.1 14.2 0.031
434 Jordan Nwora TOR 25 45 13 32 12.9 116.0 2.0 15.6 24.6 0.5 21.4 0.2 16.1 5.0 4.1 5.1 15.2 0.030
435 Luka Samanic UTA 24 36 13 23 7.0 109.5 1.6 19.7 27.1 0.1 6.1 0.2 16.2 2.8 1.7 2.5 6.9 0.030
436 Kelly Olynyk TOR 32 72 29 43 22.0 119.2 3.7 16.5 25.9 0.9 27.3 0.4 16.5 9.8 7.5 7.8 24.4 0.030
437 Jaden Springer BOS 21 45 29 16 10.0 113.5 0.8 8.4 12.9 0.6 29.3 0.3 28.0 2.6 2.8 2.9 10.8 0.030
438 Joshua Primo LAC 21 2 2 0 5.1 104.5 0.0 0.0 0.0 0.0 0.0 0.5 50.0 4.0 3.5 1.0 9.0 0.030
439 Wesley Matthews ATL 37 33 10 23 12.0 115.3 1.3 10.7 17.0 0.5 24.2 0.3 25.0 3.2 3.9 4.3 12.4 0.030
440 Izaiah Brockington NOP 24 1 1 0 3.4 100.0 1.0 16.7 33.3 0.0 0.0 0.0 0.0 0.0 3.0 2.0 8.0 0.030
441 Admiral Schofield ORL 27 21 14 7 3.8 97.6 0.6 14.8 25.5 0.0 12.5 0.0 0.0 2.2 1.4 1.4 4.2 0.030
442 Ryan Arcidiacono NYK 30 20 15 5 2.3 80.0 0.4 13.8 21.6 0.1 20.0 0.0 0.0 0.8 0.7 0.2 2.2 0.030
443 Armoni Brooks BKN 25 10 3 7 10.4 114.0 1.1 9.8 15.3 0.1 7.7 0.1 14.3 2.3 3.9 2.1 9.0 0.029
444 Jett Howard ORL 20 14 7 7 3.7 98.3 0.3 7.0 10.0 0.0 0.0 0.1 25.0 1.7 1.0 1.1 4.0 0.029
445 Jacob Gilyard BKN 25 39 12 27 17.1 117.8 0.9 5.6 9.1 0.7 27.2 0.1 7.2 5.9 5.3 4.5 17.9 0.029
446 Julian Phillips CHI 20 40 20 20 8.1 111.7 0.6 7.7 11.3 0.2 12.3 0.2 16.7 2.1 2.3 2.4 8.2 0.029
447 Kyle Kuzma WAS 28 69 13 56 32.5 120.8 5.7 16.7 26.7 0.5 10.6 0.7 18.9 10.8 11.7 10.4 41.5 0.029
448 Trent Forrest ATL 25 36 18 18 10.8 114.4 1.0 10.1 15.7 0.3 16.7 0.1 7.3 3.6 2.9 3.7 12.1 0.028
449 Justin Champagnie WAS 22 10 3 7 15.1 117.2 1.8 12.7 20.0 0.6 31.6 0.6 33.3 4.7 5.0 4.1 14.2 0.028
450 Lindy Waters III OKC 26 31 21 10 6.4 108.2 0.8 12.4 18.8 0.1 6.5 0.2 26.3 2.1 1.9 2.3 5.7 0.028
451 Bruce Brown TOR 27 62 25 37 28.2 120.5 3.5 12.6 19.3 0.9 19.6 0.3 8.5 10.9 9.6 8.4 35.3 0.028
452 Gordon Hayward OKC 34 45 22 23 25.0 119.9 2.9 11.8 17.5 0.8 20.0 0.3 9.5 9.5 8.0 7.7 27.9 0.028
453 Kessler Edwards SAC 23 48 29 19 5.1 105.1 0.6 12.8 18.6 0.2 19.0 0.1 17.4 1.9 1.1 1.3 4.7 0.028
454 Greg Brown III DAL 22 6 3 3 6.6 110.6 1.0 12.2 17.1 0.0 0.0 0.7 57.1 3.5 2.3 5.8 12.3 0.028
455 Nate Williams HOU 25 18 9 9 5.5 106.6 0.3 5.4 7.7 0.2 18.8 0.0 0.0 0.9 1.6 1.2 5.8 0.028
456 Amir Coffey LAC 26 62 42 20 19.6 119.0 1.5 7.8 12.2 0.5 18.3 0.2 8.0 7.3 5.4 7.1 22.2 0.028
457 Jalen Smith IND 24 54 31 23 17.5 118.4 3.8 21.9 34.3 0.3 8.8 0.6 36.2 5.9 5.8 5.5 21.2 0.028
458 Scoot Henderson POR 20 55 16 39 27.5 120.4 2.3 8.5 13.9 0.7 16.5 0.2 9.0 11.5 8.4 10.3 31.2 0.028
459 Mouhamadou Gueye TOR 25 8 0 8 8.0 111.5 0.4 3.9 8.3 0.1 7.7 1.1 81.8 5.0 4.4 3.1 9.8 0.027
460 Jarace Walker IND 20 30 15 15 10.5 114.9 1.5 15.3 23.1 0.5 21.5 0.4 28.2 3.7 3.0 3.7 12.1 0.027
461 JaVale McGee SAC 36 43 26 17 7.6 111.7 1.8 22.9 34.5 0.3 28.3 0.5 46.5 3.5 2.1 2.3 7.6 0.027
462 Jalen McDaniels TOR 26 43 10 33 9.9 114.4 1.2 11.6 18.5 0.4 25.4 0.1 10.2 4.3 3.6 3.3 10.9 0.027
463 Gradey Dick TOR 20 53 16 37 20.0 119.2 1.5 7.9 12.7 0.6 16.5 0.0 2.6 8.1 7.0 6.7 23.4 0.027
464 Julian Strawther DEN 21 45 30 15 11.7 116.0 1.1 8.9 14.0 0.4 23.3 0.2 10.6 4.7 3.5 3.3 12.1 0.027
465 Dylan Windler ATL 27 16 9 7 5.1 105.7 0.8 12.5 20.3 0.1 15.4 0.0 0.0 1.2 1.9 1.4 5.5 0.027
466 Eugene Omoruyi WAS 27 36 4 32 7.9 112.7 1.2 15.2 26.1 0.6 33.3 0.1 7.4 4.0 2.6 2.8 8.6 0.027
467 DaQuan Jeffries NYK 26 16 10 6 2.8 92.7 0.3 9.8 13.5 0.0 0.0 0.1 25.0 0.9 0.9 0.1 1.9 0.026
468 DeAndre Jordan DEN 35 34 23 11 11.3 115.7 3.0 23.7 38.3 0.2 14.6 0.5 33.3 4.6 3.5 3.5 11.0 0.026
469 Charlie Brown Jr. NYK 27 8 2 6 4.7 105.1 0.1 2.7 3.8 0.0 0.0 0.3 40.0 1.8 0.5 0.8 3.0 0.026
470 Zeke Nnaji DEN 23 53 37 16 9.8 114.9 1.0 9.5 16.2 0.2 16.5 0.7 38.1 3.7 3.6 1.8 10.0 0.026
471 Colby Jones SAC 21 23 12 11 6.3 109.5 0.7 11.7 17.4 0.2 17.4 0.0 6.3 2.7 1.7 1.8 5.6 0.025
472 Damian Jones CLE 28 34 22 12 7.3 111.7 1.2 17.8 25.0 0.2 25.9 0.4 60.0 3.1 1.7 2.4 5.8 0.025
473 Marques Bolden CHA 25 4 2 2 3.9 102.9 0.8 14.3 23.1 0.0 0.0 0.0 0.0 1.3 0.8 1.8 4.0 0.025
474 Jalen Pickett DEN 24 24 17 7 4.8 106.3 0.5 8.9 13.6 0.1 27.3 0.0 0.0 1.7 1.2 1.3 4.7 0.025
475 Olivier-Maxence Prosper DAL 21 35 21 14 7.5 112.9 1.3 15.7 23.2 0.1 14.7 0.1 15.8 2.2 2.3 3.0 8.3 0.024
476 Thaddeus Young PHX 35 29 9 20 14.0 117.8 1.9 13.5 21.6 0.7 31.3 0.2 13.2 3.9 4.8 3.9 16.1 0.024
477 Jordan Ford SAC 25 6 2 4 3.6 100.0 0.3 10.0 14.3 0.0 0.0 0.0 0.0 0.3 1.2 0.0 3.3 0.024
478 Ish Smith CHA 35 43 6 37 17.2 119.2 1.5 9.4 13.8 0.4 18.9 0.1 5.4 6.5 4.3 4.9 19.5 0.024
479 Cedi Osman SAS 28 71 17 54 17.6 119.3 2.1 12.2 18.5 0.5 20.0 0.2 7.4 6.8 5.6 5.6 19.6 0.024
480 James Wiseman DET 23 55 8 47 16.1 119.0 3.3 20.5 31.6 0.2 8.1 0.6 37.9 6.9 5.3 5.2 18.2 0.023
481 Charles Bassey SAS 23 19 3 16 10.8 116.7 2.8 26.5 39.6 0.4 25.0 0.9 60.7 4.7 3.3 5.1 11.2 0.023
482 Dmytro Skapintsev NYK 25 2 0 2 1.1 60.0 0.0 0.0 0.0 0.0 0.0 0.0 0.0 0.0 0.0 0.0 1.0 0.023
483 Cole Swider MIA 24 15 6 9 5.5 109.5 0.4 8.0 10.7 0.1 11.1 0.1 25.0 2.1 1.6 1.1 5.2 0.023
484 Daishen Nix MIN 22 12 9 3 3.3 101.2 0.1 2.7 4.5 0.3 40.0 0.0 0.0 0.4 1.2 1.2 3.2 0.022
485 Isaiah Mobley CLE 24 6 1 5 8.5 114.6 1.0 14.3 18.8 0.2 16.7 0.0 0.0 2.3 1.8 1.3 4.7 0.022
486 Kendall Brown IND 20 12 7 5 3.6 102.2 0.1 2.5 3.6 0.0 0.0 0.0 0.0 1.3 0.7 1.5 3.5 0.022
487 Javon Freeman-Liberty TOR 24 14 1 13 16.9 119.4 2.3 14.7 25.2 0.4 10.0 0.1 12.5 8.4 6.1 5.3 17.7 0.022
488 Cory Joseph GSW 32 26 10 16 11.4 117.2 0.9 8.3 11.7 0.2 10.0 0.1 10.0 3.9 2.8 3.2 11.7 0.022
489 Dominick Barlow SAS 20 33 7 26 12.7 117.8 2.1 16.7 25.2 0.4 18.2 0.4 31.8 3.3 4.5 3.4 15.3 0.022
490 Omer Yurtseven UTA 25 41 15 26 9.2 115.7 2.3 24.9 36.4 0.1 12.2 0.4 41.5 3.6 2.2 3.4 10.5 0.022
491 Landry Shamet WAS 27 46 6 40 15.8 119.2 1.0 6.5 9.7 0.5 22.9 0.2 17.2 5.2 4.7 4.6 19.4 0.021
492 Amari Bailey CHA 20 8 0 8 3.9 104.8 0.0 0.0 0.0 0.1 25.0 0.0 0.0 1.6 0.5 1.0 2.8 0.021
493 Jared Rhoden DET 24 10 1 9 9.9 116.4 1.4 15.7 24.1 0.1 9.1 0.4 40.0 3.9 3.1 2.0 9.8 0.021
494 Bojan Bogdanovic NYK 34 49 14 35 27.3 121.4 2.4 9.2 13.6 0.6 18.1 0.1 4.5 11.2 7.8 7.5 31.9 0.020
495 Henri Drell CHI 23 1 0 1 2.9 100.0 0.0 0.0 0.0 0.0 0.0 0.0 0.0 0.0 0.0 0.0 2.0 0.020
496 Drew Peterson BOS 24 1 1 0 2.6 100.0 0.0 0.0 0.0 0.0 0.0 0.0 0.0 0.0 2.0 0.0 4.0 0.020
497 Braxton Key DEN 27 19 13 6 3.1 103.1 0.7 21.7 33.3 0.1 22.2 0.1 14.3 0.8 0.7 0.7 2.8 0.019
498 Malcolm Cazalon DET 22 1 0 1 2.6 100.0 0.0 0.0 0.0 0.0 0.0 0.0 0.0 0.0 2.0 0.0 6.0 0.019
499 Josh Minott MIN 21 26 20 6 2.7 101.3 0.4 13.7 22.2 0.2 26.7 0.2 50.0 0.6 0.8 0.9 2.9 0.019
500 Hunter Tyson DEN 23 14 10 4 2.9 102.3 0.6 19.0 29.6 0.0 0.0 0.0 0.0 0.8 0.6 0.9 3.0 0.019
501 Jalen Hood-Schifino LAL 20 21 10 11 5.2 111.9 0.5 9.6 13.6 0.1 27.3 0.1 18.2 2.0 1.6 2.1 4.7 0.018
502 Jay Huff DEN 26 17 13 4 2.6 102.0 0.5 19.6 33.3 0.1 14.3 0.1 33.3 1.1 0.7 0.5 3.4 0.018
503 Leonard Miller MIN 20 11 10 1 3.0 104.2 0.9 29.4 50.0 0.1 9.1 0.1 25.0 0.6 0.5 1.1 3.3 0.018
504 Maxwell Lewis LAL 21 28 14 14 3.2 104.7 0.1 2.2 3.3 0.1 18.2 0.0 11.1 1.7 1.4 1.0 3.6 0.018
505 Thanasis Antetokounmpo MIL 31 29 19 10 4.7 110.7 0.2 4.3 6.5 0.2 21.7 0.1 30.8 2.5 1.8 1.7 3.7 0.018
506 John Collins UTA 26 68 27 41 28.0 121.7 6.1 22.2 32.5 0.6 16.1 0.9 30.3 10.6 7.8 11.3 31.0 0.017
507 Justin Jackson MIN 29 2 2 0 0.4 0.0 0.0 0.0 0.0 0.0 0.0 0.0 0.0 0.0 0.0 0.0 0.0 0.017
508 Kobi Simmons TOR 26 3 0 3 19.1 120.7 1.0 5.8 10.7 1.7 41.7 0.3 16.7 8.3 7.3 9.7 19.3 0.017
509 Jalen Crutcher NOP 24 1 1 0 2.7 100.0 0.0 0.0 0.0 0.0 0.0 0.0 0.0 2.0 0.0 0.0 4.0 0.016
510 Pat Spencer GSW 27 3 1 2 2.0 90.9 0.0 0.0 0.0 0.0 0.0 0.0 0.0 0.0 1.3 0.0 1.3 0.016
511 Danilo Gallinari MIL 35 45 15 30 13.1 119.5 1.8 14.6 22.2 0.3 15.8 0.1 16.7 4.2 4.2 3.0 15.1 0.016
512 Luka Garza MIN 25 20 15 5 5.0 113.4 0.6 11.8 15.7 0.1 13.3 0.1 25.0 1.8 1.2 1.9 5.8 0.016
513 Seth Lundy ATL 23 9 2 7 5.8 114.4 0.7 11.8 18.8 0.0 0.0 0.0 0.0 3.6 1.9 1.8 8.0 0.016
514 Taze Moore POR 25 3 1 2 3.4 111.5 0.0 0.0 0.0 0.3 25.0 0.0 0.0 2.0 0.7 1.3 2.7 0.015
515 Alondes Williams MIA 24 4 3 1 2.9 107.7 0.3 10.0 11.1 0.0 0.0 0.0 0.0 3.0 0.3 2.8 3.5 0.015
516 Aleksej Pokusevski CHA 22 20 11 9 12.7 119.8 1.9 15.8 23.6 0.6 34.3 0.4 46.7 5.7 3.3 4.2 13.0 0.015
517 Andre Jackson Jr. MIL 22 50 31 19 10.3 119.0 1.2 11.9 17.7 0.3 20.0 0.1 8.0 3.3 3.3 3.1 11.7 0.014
518 James Bouknight CHA 23 14 0 14 5.8 115.2 0.6 11.8 18.6 0.1 10.0 0.1 16.7 2.1 1.9 1.3 5.7 0.014
519 Joe Harris DET 32 16 4 12 10.6 119.4 0.6 5.7 9.6 0.2 13.6 0.1 8.7 4.7 4.1 2.6 12.3 0.014
520 D.J. Wilson PHI 28 2 1 1 7.7 117.2 0.5 7.1 11.1 0.0 0.0 1.0 100 1.0 2.0 1.0 10.0 0.013
521 Brandon Williams DAL 24 12 7 5 4.9 114.7 0.3 6.3 9.1 0.1 14.3 0.1 12.5 1.7 1.8 2.0 6.0 0.013
522 Moses Brown POR 24 19 4 15 8.8 118.8 2.1 24.5 35.8 0.2 13.6 0.4 43.8 3.8 1.5 3.1 8.9 0.013
523 Markieff Morris DAL 34 22 13 9 7.9 118.3 1.2 14.9 23.3 0.2 19.2 0.0 9.1 2.8 3.0 3.5 9.5 0.013
524 E.J. Liddell NOP 23 8 3 5 2.9 109.8 0.6 21.7 35.7 0.3 33.3 0.3 66.7 1.4 1.4 0.8 3.3 0.012
525 Wendell Moore Jr. MIN 22 19 15 4 2.8 110.5 0.4 12.7 20.0 0.3 38.5 0.1 20.0 0.9 0.7 1.1 3.4 0.012
526 Jermaine Samuels Jr. HOU 25 11 6 5 4.8 115.5 0.8 18.0 24.3 0.1 16.7 0.1 20.0 1.2 1.2 1.2 5.3 0.012
527 Tyus Jones WAS 27 66 11 55 29.3 122.5 2.4 8.1 12.9 1.1 23.4 0.3 7.9 10.1 10.8 10.1 38.6 0.012
528 James Johnson IND 37 8 3 5 5.0 115.9 0.4 9.4 18.8 0.6 35.7 0.1 50.0 1.9 2.0 1.9 4.5 0.012
529 Terquavion Smith PHI 21 12 4 8 5.8 117.9 0.2 3.0 4.8 0.6 38.9 0.0 0.0 2.2 2.3 1.8 6.8 0.011
530 Doug McDermott IND 32 58 18 40 14.4 121.3 0.8 5.6 8.4 0.2 12.5 0.0 2.0 4.9 4.6 4.4 15.6 0.011
531 AJ Griffin ATL 20 18 8 10 7.4 119.5 0.7 10.1 14.5 0.1 4.0 0.1 7.7 2.6 1.6 2.2 8.8 0.010
532 Robin Lopez MIL 36 16 10 6 4.0 115.9 0.1 3.0 5.0 0.1 10.0 0.2 75.0 1.6 1.9 1.3 3.6 0.009
533 Danny Green PHI 36 2 1 1 9.2 120.5 1.0 11.1 15.4 0.5 50.0 0.0 0.0 4.0 2.5 2.5 9.0 0.009
534 Jalen Slawson SAC 24 9 6 3 3.5 114.3 0.7 18.8 35.3 0.1 33.3 0.1 33.3 2.4 1.4 1.1 4.4 0.009
535 Theo Maledon PHX 22 17 5 12 12.5 121.6 1.2 9.3 14.1 0.4 23.3 0.0 0.0 6.4 3.0 4.2 12.0 0.009
536 Colin Castleton LAL 23 10 5 5 4.5 117.2 0.6 14.3 24.0 0.1 12.5 0.0 0.0 1.9 2.0 0.4 5.4 0.008
537 Kobe Brown LAC 24 38 25 13 7.9 120.2 1.0 12.5 20.8 0.2 17.1 0.1 10.0 3.4 2.6 2.7 9.0 0.008
538 Chris Livingston MIL 20 17 11 6 4.2 117.4 0.8 19.4 26.5 0.1 25.0 0.0 0.0 2.2 1.4 1.5 3.8 0.008
539 Frank Ntilikina CHA 25 5 0 5 8.6 121.1 1.0 11.1 15.6 0.0 0.0 0.0 0.0 2.6 2.6 1.6 10.4 0.007
540 Jacob Toppin NYK 23 9 2 7 4.2 118.4 0.4 14.8 20.0 0.0 0.0 0.1 50.0 2.3 0.6 1.6 3.3 0.007
541 Boban Marjanovic HOU 35 12 8 4 4.6 119.7 1.4 31.5 43.6 0.0 0.0 0.1 20.0 2.1 1.0 2.3 4.5 0.006
542 Xavier Moon LAC 29 9 5 4 4.1 119.2 0.3 8.1 12.5 0.1 100 0.1 33.3 2.1 1.1 1.6 5.6 0.006
543 Moussa Diabate LAC 22 11 7 4 5.8 121.1 0.8 12.9 25.0 0.5 50.0 0.1 25.0 3.4 2.3 1.3 5.5 0.005
544 Jordan Miller LAC 24 8 5 3 3.5 119.7 0.3 5.7 11.8 0.0 0.0 0.0 0.0 2.0 2.1 1.8 5.3 0.005
545 D.J. Carton TOR 23 4 2 2 8.9 122.8 0.5 4.3 9.5 0.3 20.0 0.0 0.0 3.5 7.5 0.5 10.5 0.003
546 Emoni Bates CLE 20 13 7 6 7.8 122.6 0.8 10.8 17.9 0.1 7.1 0.2 22.2 3.7 2.4 2.9 6.5 0.003
547 Quenton Jackson IND 25 1 1 0 1.8 120.0 1.0 50.0 50.0 0.0 0.0 0.0 0.0 4.0 0.0 2.0 2.0 0.003
548 Isaiah Thomas PHX 35 2 1 1 4.7 122.2 0.0 0.0 0.0 0.0 0.0 0.0 0.0 0.0 1.5 1.0 4.0 0.002
549 Shaquille Harrison MEM 30 3 1 2 2.0 121.4 0.7 40.0 50.0 0.0 0.0 0.3 100 0.0 0.3 1.0 2.7 0.002
550 Brandon Boston Jr. LAC 22 26 15 11 8.5 123.3 0.7 8.6 14.0 0.2 15.4 0.3 24.1 3.9 3.1 3.4 11.1 0.001
551 Brice Sensabaugh UTA 20 25 6 19 16.8 123.8 2.4 14.8 21.4 0.4 20.4 0.1 5.4 7.2 4.7 7.2 17.7 0.000
552 Harry Giles III LAL 25 22 10 12 4.5 123.8 0.7 16.3 28.1 0.1 16.7 0.1 37.5 1.5 1.5 1.8 4.7 0.000
553 Darius Bazley UTA 23 3 0 3 3.3 126.3 0.3 14.3 25.0 0.0 0.0 0.0 0.0 2.3 0.0 1.3 4.7 -0.002
554 Mouhamed Gueye ATL 21 2 2 0 2.2 127.3 0.0 0.0 0.0 0.5 50.0 0.0 0.0 1.5 0.0 0.0 3.0 -0.002
555 Usman Garuba GSW 22 3 2 1 2.6 129.4 0.0 0.0 0.0 0.3 100 0.0 0.0 1.0 1.3 1.7 2.7 -0.004
556 Udoka Azubuike PHX 24 14 10 4 7.7 126.0 1.5 18.3 29.2 0.1 8.3 0.4 30.0 4.3 3.1 2.0 7.1 -0.005
557 Lindell Wigginton MIL 26 3 3 0 2.5 131.3 0.0 0.0 0.0 0.0 0.0 0.0 0.0 2.7 1.7 3.3 4.0 -0.005
558 Javonte Smart PHI 24 1 1 0 0.7 150.0 0.0 0.0 0.0 0.0 0.0 0.0 0.0 0.0 3.0 0.0 0.0 -0.007
559 Isaiah Livers WAS 25 23 1 22 20.4 125.4 1.4 7.3 11.5 0.6 19.1 0.2 13.5 8.1 6.8 5.8 24.5 -0.009
560 Kevon Harris ORL 26 2 1 1 3.0 133.3 1.0 28.6 40.0 0.0 0.0 0.0 0.0 1.0 2.0 1.0 4.0 -0.010
561 D'Moi Hodge LAL 25 7 1 6 5.9 130.6 0.0 0.0 0.0 0.1 14.3 0.1 25.0 4.0 3.1 0.9 7.1 -0.011
562 Alex Fudge DAL 20 4 1 3 3.6 137.9 0.0 0.0 0.0 0.0 0.0 0.0 0.0 3.8 1.3 0.5 4.0 -0.014
563 Ty Jerome CLE 26 2 1 1 7.4 143.8 0.0 0.0 0.0 0.0 0.0 0.0 0.0 3.5 2.0 5.5 12.0 -0.044
564 Keon Johnson BKN 22 4 0 4 12.8 144.2 0.5 5.1 9.5 0.8 60.0 0.3 100 2.3 5.8 5.0 15.0 -0.074
565 Ron Harper Jr. TOR 23 1 1 0 3.7 188.9 0.0 0.0 0.0 0.0 0.0 0.0 0.0 5.0 5.0 1.0 10.0 -0.080
566 Dariq Whitehead BKN 19 2 1 1 12.0 153.7 2.0 19.0 28.6 0.0 0.0 0.5 50.0 1.5 7.0 3.5 14.0 -0.112