PLAYER GP W L MIN EST. 
OFFRTG EST. 
DEFRTG EST. 
NETRTG EST. 
AST RATIO EST. 
OREB% EST. 
DREB% EST. 
REB% EST. 
TO RATIO EST. 
USG% EST. 
PACE
1 Buddy Hield 77 39 38 26 116.1 116.4 -0.4 20.1 2.9 11.2 7.0 8.4 18.9 102.55
2 Obi Toppin 75 42 33 21 118.6 116.6 2.0 15.1 5.4 15.3 10.3 8.5 16.0 105.79
2 Collin Sexton 75 29 46 27 115.6 119.1 -3.6 22.0 3.8 7.2 5.5 9.2 27.1 102.91
2 Austin Reaves 75 42 33 32 114.0 114.1 -0.1 27.1 2.5 12.4 7.7 10.3 20.4 102.88
2 Mikal Bridges 75 29 46 36 110.2 113.4 -3.2 15.4 2.5 12.3 7.2 8.8 24.8 99.52
2 Dennis Schroder 75 27 48 31 111.6 115.1 -3.6 29.2 1.6 8.8 5.1 9.3 20.6 99.42
2 Reggie Jackson 75 52 23 22 112.3 111.6 0.7 25.9 2.0 7.3 4.7 8.7 21.4 99.37
2 Georges Niang 75 45 30 23 113.9 112.6 1.3 12.0 1.5 15.7 8.8 8.7 17.8 99.06
2 Christian Braun 75 52 23 20 109.1 110.1 -1.0 16.6 5.1 14.6 10.0 7.9 15.9 98.95
2 Paul Reed 75 40 35 19 114.3 112.7 1.6 15.1 13.3 21.4 17.2 9.5 15.9 98.50
2 Andre Drummond 75 36 39 17 114.3 114.0 0.3 5.6 21.4 37.2 29.1 11.7 20.7 97.96
12 Jeremy Sochan 74 18 56 30 106.6 114.1 -7.5 20.3 6.8 17.1 11.9 11.4 18.9 103.06
12 Chet Holmgren 74 52 22 30 118.5 109.8 8.7 14.7 6.1 22.0 14.6 9.3 21.3 102.75
12 Harrison Barnes 74 43 31 29 112.9 115.7 -2.8 9.9 2.9 8.5 5.6 6.0 15.7 101.84
12 Jalen Green 74 38 36 32 112.4 112.1 0.3 14.4 1.7 15.7 8.7 9.3 27.6 101.54
12 Bobby Portis 74 47 27 24 116.1 114.9 1.3 8.4 7.6 25.9 16.8 7.6 22.7 101.53
12 Cason Wallace 74 52 22 21 115.8 109.8 6.0 18.6 3.6 8.8 6.3 6.9 12.9 101.28
12 Domantas Sabonis 74 43 31 36 114.7 114.8 -0.2 31.0 10.8 33.0 21.6 12.3 22.2 101.26
12 Nickeil Alexander-Walker 74 51 23 24 114.0 105.4 8.6 24.6 2.3 7.3 4.9 9.2 14.4 99.79
12 Jonas Valanciunas 74 45 29 24 116.7 111.8 4.9 15.6 11.5 29.9 21.1 9.9 20.5 99.59
12 Michael Porter Jr. 74 52 22 32 118.5 111.6 6.8 9.0 4.8 19.7 12.3 6.9 20.4 98.64
12 Payton Pritchard 74 58 16 22 120.0 110.5 9.5 27.4 4.5 11.8 8.2 6.3 16.3 97.21
23 Jordan Poole 73 14 59 30 107.9 118.2 -10.3 18.1 1.4 8.3 4.8 10.6 26.2 105.66
23 Corey Kispert 73 14 59 25 107.2 117.7 -10.5 13.0 1.5 10.3 5.8 8.7 19.7 104.50
23 Josh Giddey 73 52 21 25 118.9 111.1 7.8 26.1 6.5 20.8 14.0 11.1 22.7 102.83
23 Pascal Siakam 73 33 40 34 115.6 114.4 1.2 18.4 5.5 17.8 11.6 7.3 25.4 101.84
23 Naz Reid 73 51 22 24 111.5 103.8 7.7 9.6 4.5 18.7 11.9 9.5 22.5 100.36
23 Ayo Dosunmu 73 36 37 29 111.5 113.7 -2.2 22.1 2.5 8.1 5.3 8.9 17.1 98.82
23 Peyton Watson 73 51 22 18 109.6 110.2 -0.6 12.7 4.2 13.3 9.0 9.2 16.9 98.78
23 DeMar DeRozan 73 35 38 38 113.1 113.8 -0.8 19.5 1.7 11.5 6.5 5.8 25.5 98.44
23 Donte DiVincenzo 73 44 29 28 115.2 113.5 1.7 15.7 3.1 11.2 7.1 7.9 21.4 98.41
23 Cole Anthony 73 43 30 23 111.5 108.6 2.9 19.4 4.4 16.4 10.4 10.1 23.7 98.36
23 Josh Hart 73 43 30 33 113.9 109.3 4.6 27.7 5.4 22.7 14.0 10.1 13.4 97.40
34 Luguentz Dort 72 50 22 29 119.3 110.5 8.8 12.3 4.0 10.0 7.1 8.0 15.0 102.88
34 Malik Monk 72 42 30 26 113.5 115.5 -1.9 24.6 1.7 11.3 6.4 10.0 25.4 102.46
34 Kelly Olynyk 72 29 43 22 110.1 118.7 -8.6 33.2 7.0 18.5 12.9 14.1 17.4 102.43
34 Ochai Agbaji 72 29 43 20 108.8 116.9 -8.1 13.5 5.0 9.4 7.3 10.1 13.7 101.98
34 Paolo Banchero 72 42 30 35 110.0 109.7 0.3 18.5 3.3 19.8 11.4 10.9 29.3 99.96
34 Moritz Wagner 72 42 30 18 113.6 110.5 3.1 12.0 10.2 20.0 15.1 11.7 22.6 99.37
34 Nikola Jokic 72 50 22 35 120.5 109.9 10.6 28.1 9.7 30.1 20.2 9.1 29.2 99.08
34 Coby White 72 34 38 37 113.9 114.1 -0.2 21.6 1.7 12.7 7.2 8.9 22.8 98.44
42 Cedi Osman 71 17 54 18 106.4 119.2 -12.8 20.9 2.1 13.8 7.7 8.3 15.0 104.16
42 Myles Turner 71 40 31 27 118.2 114.6 3.6 7.9 6.3 21.7 14.1 8.7 23.6 103.72
42 Malik Beasley 71 44 27 30 118.8 110.3 8.6 11.9 2.1 11.0 6.7 6.1 14.4 103.65
42 Brook Lopez 71 46 25 31 117.3 110.5 6.9 13.0 5.1 12.5 9.0 7.5 15.4 103.52
42 Shai Gilgeous-Alexander 71 51 20 34 119.9 109.2 10.6 19.5 2.9 14.5 8.9 6.8 32.3 103.28
42 Taurean Prince 71 39 32 28 112.8 116.1 -3.3 15.0 0.9 10.3 5.7 8.7 13.6 103.21
42 Tim Hardaway Jr. 71 44 27 28 116.0 115.0 1.0 10.5 1.2 12.0 6.6 5.4 22.9 102.88
42 Dejounte Murray 71 32 39 36 115.5 118.2 -2.8 21.8 2.1 14.4 8.0 8.5 26.1 102.79
42 Bogdan Bogdanovic 71 33 38 30 116.7 114.3 2.4 16.0 2.5 10.5 6.3 7.0 22.5 101.87
42 Aaron Holiday 71 37 34 17 110.7 107.6 3.1 22.3 1.9 8.8 5.3 8.3 16.5 101.68
42 Royce O'Neale 71 32 39 25 112.5 110.5 2.0 26.1 3.4 17.5 10.4 8.8 13.7 101.45
42 Cameron Payne 71 39 32 16 114.2 114.7 -0.5 25.7 1.5 8.0 4.7 8.3 19.6 100.11
42 Kyle Anderson 71 50 21 23 110.8 105.2 5.6 36.4 4.2 13.4 8.9 10.0 14.3 99.70
42 Anthony Edwards 71 49 22 35 114.6 106.0 8.6 16.6 2.2 15.0 9.0 10.1 32.3 99.59
42 Sam Hauser 71 56 15 21 119.4 108.4 11.0 11.9 2.9 13.7 8.5 5.3 14.2 98.88
57 Malaki Branham 70 16 54 20 106.4 117.2 -10.8 18.2 2.0 8.5 5.1 10.0 19.7 104.15
57 Anthony Davis 70 40 30 36 114.4 112.8 1.6 13.9 10.1 28.1 19.6 8.1 26.4 103.49
57 Tre Jones 70 17 53 27 110.3 112.5 -2.2 39.0 2.9 10.8 7.0 9.4 14.9 103.11
57 Isaiah Joe 70 49 21 18 117.4 108.8 8.7 14.1 2.3 11.3 6.8 7.1 16.3 102.87
57 Jonathan Kuminga 70 36 34 26 114.7 110.7 4.0 12.1 5.3 13.9 9.7 9.5 24.6 102.77
57 Klay Thompson 70 36 34 30 114.1 116.0 -2.0 11.8 1.7 10.4 6.0 7.9 23.7 102.71
57 Norman Powell 70 44 26 26 117.3 113.1 4.2 8.2 0.9 10.0 5.6 6.8 20.0 101.15
57 Jeff Green 70 36 34 17 109.6 110.8 -1.3 12.2 3.6 10.9 7.2 9.3 15.5 100.96
57 Grant Williams 70 32 38 28 110.2 114.2 -4.0 16.8 4.5 12.4 8.3 11.7 15.9 100.65
57 Aaron Wiggins 70 50 20 15 117.0 109.9 7.2 15.1 6.3 11.1 8.8 11.0 15.9 100.63
57 Toumani Camara 70 19 51 25 105.1 110.7 -5.6 13.3 8.3 13.6 10.8 12.9 13.6 100.53
57 Jarrett Allen 70 43 27 32 114.7 109.7 5.0 16.1 11.4 26.1 18.9 9.7 19.6 99.14
57 Nikola Vucevic 70 34 36 34 111.4 113.9 -2.6 15.5 8.8 26.1 17.3 7.4 23.9 98.59
70 Kyle Kuzma 69 13 56 33 108.8 118.6 -9.8 15.6 2.9 19.0 10.8 10.0 30.2 104.96
70 D'Angelo Russell 69 41 28 32 114.8 112.6 2.2 26.8 1.4 8.6 5.2 8.6 23.0 103.77
70 Giannis Antetokounmpo 69 44 25 35 118.7 112.4 6.3 19.2 8.6 26.7 17.9 10.3 32.7 103.07
70 Jaden Ivey 69 13 56 29 109.8 117.3 -7.5 18.3 4.6 9.1 6.8 12.1 24.4 102.79
70 Derrick Jones Jr. 69 42 27 23 114.5 112.4 2.0 10.7 5.0 10.5 7.8 9.4 14.9 102.41
70 Jusuf Nurkic 69 42 27 27 118.5 110.9 7.6 23.4 12.8 31.3 22.6 14.2 19.3 101.44
70 Keegan Murray 69 40 29 33 114.6 113.2 1.4 10.7 4.3 14.3 9.2 5.4 17.8 101.43
70 Spencer Dinwiddie 69 33 36 29 115.7 114.6 1.1 30.6 1.6 8.6 5.1 7.7 16.9 100.91
70 Jayson Tatum 69 54 15 36 120.9 109.5 11.4 16.4 2.9 21.1 12.5 8.6 30.5 99.82
70 Kentavious Caldwell-Pope 69 49 20 32 120.8 110.0 10.8 20.7 1.6 6.9 4.3 8.5 12.9 98.89
70 Jalen Brunson 69 43 26 35 117.8 111.9 5.9 20.0 1.8 9.7 5.7 7.3 31.5 98.55
70 Mike Conley 69 49 20 29 113.0 106.4 6.6 37.1 1.9 8.9 5.6 7.2 15.8 98.12
82 Deni Avdija 68 13 55 30 108.7 116.2 -7.4 21.3 4.3 21.8 13.0 11.7 20.0 105.38
82 Keldon Johnson 68 17 51 30 107.7 115.8 -8.1 15.6 4.9 15.1 9.9 7.8 21.7 104.17
82 Damian Lillard 68 46 22 35 118.6 110.6 7.9 23.4 1.6 11.4 6.7 8.4 27.9 103.88
82 Devin Vassell 68 17 51 33 106.8 113.9 -7.1 18.1 1.3 11.3 6.3 7.1 23.5 103.50
82 Stephen Curry 68 39 29 33 116.3 114.5 1.7 17.0 1.8 12.3 7.1 9.6 31.1 103.08
82 John Collins 68 27 41 28 112.8 121.0 -8.1 7.7 9.0 24.7 16.7 9.8 20.3 102.26
82 Pat Connaughton 68 43 25 22 115.4 115.5 -0.1 27.6 3.3 12.8 8.1 8.7 10.6 102.18
82 Keyonte George 68 25 43 27 108.8 118.3 -9.5 23.9 0.8 10.7 5.8 12.6 22.7 101.85
82 Grayson Allen 68 40 28 34 118.1 113.9 4.2 22.1 2.3 10.2 6.5 9.0 14.3 101.09
82 Derrick White 68 55 13 33 121.7 108.0 13.7 26.8 2.5 11.3 7.1 8.1 18.8 100.86
82 Jabari Smith Jr. 68 36 32 32 110.7 112.4 -1.7 9.9 6.3 21.6 13.9 8.3 17.6 100.75
82 Herbert Jones 68 42 26 30 115.8 109.1 6.7 20.7 3.9 9.3 6.7 9.5 14.5 99.84
82 Drew Eubanks 68 37 31 16 108.9 112.7 -3.8 15.0 10.4 19.8 15.4 15.3 13.5 99.73
82 Isaiah Hartenstein 68 42 26 25 117.6 109.7 8.0 25.4 14.9 22.8 18.9 12.7 11.6 99.42
82 Kawhi Leonard 68 44 24 34 117.9 109.4 8.4 14.8 4.3 15.5 10.2 7.2 26.7 99.12
82 Patrick Beverley 68 41 27 20 110.7 110.9 -0.2 29.9 3.5 13.7 8.5 9.7 14.8 99.07
82 Paul George 68 44 24 34 120.1 110.9 9.2 14.8 1.8 15.5 9.0 8.3 26.8 98.79
82 Aaron Gordon 68 46 22 32 118.5 110.8 7.7 20.7 8.7 14.5 11.7 9.1 17.9 98.64
82 Rudy Gobert 68 48 20 34 114.5 105.0 9.5 9.9 13.6 28.3 21.6 11.7 15.5 97.76
101 Daniel Gafford 67 25 42 25 112.9 114.3 -1.4 14.9 11.8 21.2 16.5 9.8 14.6 105.12
101 Julian Champagnie 67 15 52 19 110.7 113.9 -3.2 17.0 3.4 12.5 7.8 9.4 14.3 103.09
101 Jalen Williams 67 47 20 32 117.5 109.3 8.2 20.9 2.0 11.4 6.9 8.1 23.8 103.01
101 Kevin Durant 67 38 29 37 117.1 112.5 4.6 17.1 1.8 17.8 10.3 11.1 29.1 101.81
101 Jalen Suggs 67 39 28 27 110.8 108.7 2.1 17.9 2.8 10.9 6.7 12.5 19.7 101.21
101 Fred VanVleet 67 37 30 37 112.5 109.2 3.3 32.8 1.1 9.7 5.4 7.1 19.4 100.99
101 Kevon Looney 67 38 29 17 114.1 115.4 -1.4 30.5 12.8 25.1 18.9 11.0 11.1 100.15
101 Jevon Carter 67 33 34 14 108.5 108.5 0.0 17.8 0.9 5.8 3.3 7.7 17.1 99.57
101 Brandon Miller 67 16 51 32 107.3 117.3 -10.0 12.1 2.9 12.5 7.5 8.8 23.8 99.36
101 Jaime Jaquez Jr. 67 39 28 29 111.7 110.1 1.6 17.5 4.4 10.7 7.5 10.3 18.7 99.11
101 James Harden 67 43 24 35 119.3 113.4 5.9 34.7 1.7 14.8 8.5 10.3 20.6 98.30
101 Terance Mann 67 43 24 25 117.5 115.2 2.3 17.6 5.6 9.4 7.6 6.4 13.6 97.60
101 Precious Achiuwa 67 35 32 23 111.0 111.8 -0.8 14.0 12.9 20.8 16.7 11.6 16.4 96.99
114 Tyus Jones 66 11 55 29 109.5 120.4 -10.9 39.3 1.1 9.1 5.0 5.3 16.3 105.80
114 Simone Fontecchio 66 29 37 25 111.4 112.9 -1.5 13.5 4.2 12.0 8.1 9.1 16.3 103.93
114 Victor Wembanyama 66 16 50 29 107.5 111.5 -4.0 14.0 8.4 30.2 19.4 14.0 32.1 103.42
114 De'Aaron Fox 66 39 27 36 115.5 113.5 2.0 17.9 3.0 11.4 7.1 8.4 30.7 102.67
114 Clint Capela 66 31 35 26 114.5 116.2 -1.8 10.1 18.0 25.0 21.3 8.2 16.9 102.55
114 P.J. Washington 66 25 41 30 111.9 115.4 -3.5 12.8 4.2 16.3 10.1 8.5 18.8 101.44
114 Jaylen Brown 66 50 16 34 119.7 110.1 9.7 14.0 4.0 13.2 8.9 8.9 28.7 101.20
114 Gary Trent Jr. 66 22 44 28 111.8 117.0 -5.2 11.1 1.4 9.1 5.1 4.3 19.7 101.05
114 Brandin Podziemski 66 35 31 27 117.1 111.4 5.7 27.3 6.7 16.3 11.6 8.9 15.7 100.89
114 Tobias Harris 66 37 29 34 115.5 112.1 3.4 15.9 3.5 17.5 10.4 7.0 20.8 100.08
114 Franz Wagner 66 40 26 33 110.7 106.5 4.2 16.7 3.5 15.7 9.5 8.6 25.5 99.69
114 Alex Caruso 66 32 34 28 111.4 109.3 2.1 25.4 3.5 11.8 7.7 10.9 15.1 99.29
126 Aaron Nesmith 65 36 29 28 117.2 114.1 3.1 12.5 3.6 11.6 7.7 7.5 16.4 103.51
126 Jaden Hardy 65 39 26 14 111.3 114.7 -3.4 16.3 1.9 11.8 6.7 8.2 24.5 102.79
126 LeBron James 65 36 29 35 116.1 112.6 3.6 25.5 2.8 19.2 11.6 10.6 29.1 102.63
126 Luka Doncic 65 42 23 37 117.9 113.1 4.8 23.7 2.4 24.3 13.5 9.6 36.2 102.51
126 Andrew Wiggins 65 33 32 27 114.3 115.4 -1.1 11.5 6.4 11.7 9.1 8.0 20.7 102.04
126 Dillon Brooks 65 34 31 31 112.0 110.9 1.2 11.6 2.6 9.5 6.1 8.7 17.8 101.59
126 Anthony Black 65 37 28 17 106.8 108.4 -1.6 21.4 3.4 10.8 7.1 12.6 12.5 100.91
126 Matisse Thybulle 65 18 47 23 106.6 113.4 -6.8 19.6 2.2 8.7 5.3 8.7 10.8 100.68
126 Jabari Walker 65 16 49 23 105.9 117.2 -11.4 9.8 9.4 24.4 16.4 9.6 16.0 99.95
126 Tyrese Maxey 65 38 27 38 116.2 112.9 3.3 20.4 1.5 9.5 5.5 5.6 28.0 99.89
126 Dorian Finney-Smith 65 26 39 29 110.4 111.8 -1.4 15.4 6.0 12.1 8.9 7.9 13.5 98.99
126 Isaac Okoro 65 39 26 27 112.1 109.3 2.8 18.1 4.1 8.2 6.1 7.8 14.2 98.90
126 Nic Claxton 65 24 41 30 108.0 113.8 -5.7 16.0 9.8 27.1 18.1 9.6 16.0 98.89
139 T.J. McConnell 64 35 29 18 117.0 115.5 1.4 34.9 3.4 14.4 8.8 10.2 23.2 104.01
139 Kris Dunn 64 25 39 19 116.6 116.5 0.1 38.6 4.4 12.4 8.4 12.1 13.6 103.19
139 Marcus Sasser 64 10 54 18 108.1 116.8 -8.8 28.4 0.8 10.3 5.4 10.0 19.3 102.29
139 Kevin Huerter 64 37 27 24 116.2 114.5 1.7 20.8 2.7 13.8 8.2 6.6 17.5 101.90
139 Jae'Sean Tate 64 32 32 16 110.1 104.9 5.2 18.4 6.2 14.3 10.2 10.7 11.8 101.72
139 Jaren Jackson Jr. 64 20 44 32 104.4 112.7 -8.3 9.2 4.2 15.2 9.5 9.9 30.4 101.55
139 Davion Mitchell 64 38 26 14 108.8 114.4 -5.7 26.4 1.7 7.8 4.7 8.9 14.7 99.49
139 Duncan Robinson 64 36 28 29 110.8 110.1 0.8 19.3 0.9 9.4 5.2 9.4 19.1 98.67
139 Nick Richards 64 13 51 27 105.1 117.4 -12.3 9.1 11.0 24.4 17.5 12.3 13.2 98.52
139 Jaden McDaniels 64 43 21 29 113.5 108.3 5.2 11.5 3.4 8.6 6.2 10.2 16.2 98.12
149 Bilal Coulibaly 63 11 52 27 106.5 116.9 -10.3 16.0 3.4 13.3 8.2 12.7 14.3 104.45
149 Saddiq Bey 63 28 35 33 116.8 118.3 -1.6 9.9 8.5 13.3 10.8 5.8 16.6 103.18
149 Ausar Thompson 63 10 53 25 107.1 112.5 -5.4 16.3 8.8 19.7 14.0 11.4 16.4 102.23
149 Jaxson Hayes 63 36 27 12 110.7 114.0 -3.3 11.4 9.3 16.0 12.9 14.3 12.6 101.79
149 Zion Williamson 63 38 25 31 114.0 110.9 3.1 19.2 6.4 14.3 10.4 10.5 28.9 101.51
149 Walker Kessler 63 26 37 24 110.4 115.6 -5.2 11.5 12.6 22.3 17.6 12.9 12.9 101.24
149 Jordan Hawkins 63 37 26 18 113.2 113.7 -0.5 11.9 2.6 11.4 6.9 6.4 19.6 101.14
149 Max Strus 63 40 23 32 113.9 107.5 6.4 22.7 3.1 12.5 7.9 9.4 17.2 100.66
149 Alperen Sengun 63 29 34 33 112.0 111.8 0.2 19.4 9.6 21.5 15.5 10.1 27.3 100.66
149 Jrue Holiday 63 49 14 33 120.2 109.9 10.3 28.6 4.2 13.0 8.9 10.5 16.4 99.89
149 Brandon Ingram 63 38 25 33 115.7 111.1 4.6 21.8 2.4 14.7 8.7 9.7 27.4 99.77
149 Miles Bridges 63 15 48 38 106.8 118.4 -11.6 13.5 3.0 19.8 11.0 8.3 24.9 99.29
149 Bam Adebayo 63 35 28 34 109.2 108.2 1.0 17.0 7.2 27.8 17.3 10.0 25.5 98.32
162 Tyrese Haliburton 62 35 27 32 119.2 114.9 4.3 36.5 1.9 11.4 6.7 7.8 24.8 105.23
162 Bruce Brown 62 25 37 28 114.8 118.5 -3.8 20.9 3.4 14.3 8.8 9.2 16.4 104.38
162 Zach Collins 62 15 47 22 104.9 117.0 -12.0 19.5 8.0 17.4 12.6 13.2 22.3 103.40
162 Russell Westbrook 62 41 21 22 117.1 113.1 4.0 25.8 7.2 17.5 12.4 11.8 24.3 102.61
162 David Roddy 62 22 40 19 103.4 113.2 -9.8 13.8 4.8 15.4 9.9 9.9 18.2 101.73
162 Immanuel Quickley 62 26 36 29 112.4 113.0 -0.7 22.6 0.9 13.2 7.0 6.7 23.4 101.14
162 Dario Saric 62 33 29 17 112.1 114.6 -2.5 22.3 7.2 21.2 14.1 11.6 19.3 100.86
162 Alec Burks 62 16 46 19 107.8 118.2 -10.4 11.0 2.2 11.7 6.8 6.0 24.6 100.73
162 Amir Coffey 62 42 20 20 116.7 118.7 -2.0 17.1 2.2 9.0 5.6 7.7 11.6 100.46
162 Naji Marshall 62 40 22 19 116.9 106.8 10.1 21.2 4.9 16.2 10.7 10.8 16.5 100.29
162 Caris LeVert 62 35 27 29 113.7 110.1 3.6 26.1 2.2 13.7 8.0 8.3 22.9 100.12
162 Ivica Zubac 62 38 24 27 116.2 111.4 4.8 12.3 13.1 25.4 19.5 10.7 16.2 97.90
174 Max Christie 61 34 27 15 111.2 110.6 0.6 16.4 1.7 13.3 8.0 10.5 13.5 102.97
174 Rui Hachimura 61 35 26 27 115.7 111.8 3.9 9.0 3.5 12.9 8.5 5.4 18.5 102.69
174 Andrew Nembhard 61 36 25 25 114.3 112.8 1.6 29.7 2.4 6.8 4.6 11.0 16.8 102.38
174 Cade Cunningham 61 9 52 33 108.1 116.7 -8.7 23.7 1.7 12.9 7.3 10.8 30.4 102.05
174 Eric Gordon 61 36 25 29 115.7 111.5 4.2 16.3 1.1 6.2 3.9 8.6 16.8 101.57
174 Jaylin Williams 61 43 18 13 115.7 107.7 7.9 26.3 4.7 24.9 15.0 8.9 13.4 100.54
174 Kelly Oubre Jr. 61 33 28 30 112.5 114.2 -1.7 8.5 5.0 13.2 9.0 7.4 22.3 100.33
174 Kenrich Williams 61 44 17 14 119.5 106.0 13.5 22.9 7.5 16.1 12.0 5.9 13.0 100.29
174 Malachi Flynn 61 27 34 12 103.9 112.7 -8.8 24.7 2.9 12.7 7.5 11.7 18.3 99.92
174 Miles McBride 61 37 24 19 108.5 109.6 -1.1 18.3 2.5 5.6 4.0 4.7 16.8 95.89
184 Scottie Barnes 60 22 38 35 111.9 114.6 -2.7 23.0 7.2 19.0 12.9 10.4 24.7 101.98
184 Devin Booker 60 37 23 36 118.3 113.4 4.9 21.8 2.8 11.9 7.6 8.0 29.9 101.19
184 Trayce Jackson-Davis 60 33 27 16 115.3 112.6 2.8 15.8 12.9 19.1 16.0 8.7 16.3 100.64
184 Duop Reath 60 15 45 18 108.0 116.5 -8.5 10.7 8.2 15.3 11.5 8.7 20.6 99.83
184 Joe Ingles 60 38 22 17 115.2 109.9 5.4 39.4 2.2 12.5 7.4 12.3 11.7 99.63
184 Santi Aldama 60 22 38 27 104.4 113.7 -9.3 16.8 4.7 19.9 11.9 8.5 18.3 99.60
184 Karl-Anthony Towns 60 41 19 33 115.1 107.5 7.6 12.7 5.7 22.9 14.8 12.0 27.5 99.45
184 Al Horford 60 47 13 27 120.1 108.7 11.4 26.5 5.4 20.2 13.1 7.4 11.8 99.21
192 Bennedict Mathurin 59 33 26 26 114.0 116.5 -2.5 12.2 4.3 12.8 8.5 9.9 23.2 104.90
192 Cam Thomas 59 20 39 31 110.7 115.8 -5.2 12.0 1.4 10.6 5.8 7.5 30.1 100.63
194 Doug McDermott 58 18 40 14 109.5 120.6 -11.0 18.5 1.2 6.2 3.7 7.7 14.8 104.26
194 Dwight Powell 58 36 22 13 117.1 114.2 2.8 31.8 12.2 15.2 13.7 12.0 9.2 102.81
194 Garrison Mathews 58 27 31 14 111.6 115.1 -3.4 13.4 1.9 9.3 5.5 7.1 10.8 101.65
194 Moses Moody 58 32 26 17 112.3 110.7 1.6 9.5 6.2 12.2 9.2 8.1 18.4 101.27
194 CJ McCollum 58 38 20 32 115.3 111.1 4.2 20.2 1.8 12.8 7.4 7.0 24.3 99.70
194 Haywood Highsmith 58 34 24 20 109.9 109.8 0.1 15.1 4.7 11.5 8.1 7.6 12.6 98.62
200 Day'Ron Sharpe 57 23 34 15 113.3 107.6 5.7 17.3 18.5 26.9 22.7 13.5 19.1 99.93
200 Goga Bitadze 57 32 25 16 109.1 109.2 -0.1 21.7 12.8 20.6 16.7 11.7 12.9 99.42
200 Terry Rozier 57 20 37 34 109.5 116.4 -6.9 22.6 1.9 12.3 6.9 6.8 26.0 98.99
200 Sam Merrill 57 35 22 18 110.2 109.6 0.5 20.1 2.4 10.3 6.4 3.6 17.7 97.75
204 Jalen Duren 56 13 43 30 108.0 115.4 -7.5 16.5 12.1 31.8 22.0 14.0 18.0 102.49
204 Josh Okogie 56 34 22 17 112.6 110.9 1.7 18.5 9.2 9.1 9.1 10.1 12.7 101.29
204 KJ Martin 56 29 27 12 111.8 112.2 -0.4 18.2 5.6 14.6 10.0 11.1 13.2 101.23
204 JT Thor 56 13 43 12 107.2 111.7 -4.6 11.7 6.1 13.8 9.8 6.6 11.3 99.84
204 Dennis Smith Jr. 56 19 37 19 109.7 109.6 0.0 32.0 5.3 12.7 8.9 10.7 17.9 98.87
204 Trendon Watford 56 22 34 12 112.3 112.7 -0.4 16.9 7.5 18.4 12.8 10.9 20.3 98.86
204 Cameron Johnson 56 19 37 28 111.0 114.9 -3.9 16.1 3.6 14.1 8.5 6.6 19.6 98.81
204 Caleb Martin 56 31 25 27 111.4 110.4 1.0 16.8 5.0 14.5 9.6 9.2 17.4 97.29
204 Caleb Houstan 56 30 26 14 109.9 109.9 0.0 11.0 3.8 7.7 5.7 6.3 12.7 96.87
213 Isaiah Jackson 55 33 22 13 112.9 112.6 0.2 13.5 13.8 22.6 18.2 10.9 17.6 104.96
213 Onyeka Okongwu 55 23 32 26 116.8 118.5 -1.8 13.8 11.1 19.0 14.9 8.4 13.6 104.10
213 Amen Thompson 55 27 28 21 110.5 109.2 1.3 20.0 10.4 20.9 15.4 11.9 18.2 103.49
213 James Wiseman 55 8 47 16 104.6 119.0 -14.5 11.5 11.3 23.6 17.3 14.6 16.6 103.06
213 Lauri Markkanen 55 22 33 33 116.5 116.9 -0.5 9.2 7.4 19.8 13.6 6.4 24.6 102.96
213 Dereck Lively II 55 35 20 24 120.4 113.7 6.6 13.6 11.9 20.1 16.2 11.3 12.8 101.87
213 Jordan Clarkson 55 22 33 31 112.2 119.0 -6.8 20.9 3.2 9.3 6.2 11.0 26.1 101.85
213 Scoot Henderson 55 16 39 28 104.9 118.8 -13.9 22.3 3.2 10.0 6.4 14.6 26.0 101.45
213 Daniel Theis 55 37 18 17 116.7 113.7 3.0 15.5 9.6 16.6 13.2 9.9 15.2 100.19
213 Larry Nance Jr. 55 32 23 20 113.0 108.3 4.7 25.2 8.5 20.5 14.5 11.2 11.1 99.80
213 John Konchar 55 18 37 21 105.0 111.2 -6.1 29.3 6.5 18.7 12.3 12.3 9.8 99.76
213 Kyle Lowry 55 27 28 28 110.0 110.7 -0.8 33.1 2.3 11.2 6.5 11.2 13.4 98.09
213 Luke Kornet 55 42 13 16 118.5 111.8 6.7 20.3 13.6 15.2 14.4 7.4 11.1 97.06
226 Jalen Smith 54 31 23 18 117.2 118.5 -1.3 11.4 11.0 24.8 17.8 8.1 18.9 103.71
226 Blake Wesley 54 15 39 14 107.6 113.9 -6.3 37.2 2.3 9.2 5.6 10.3 14.2 102.66
226 Josh Green 54 31 23 27 117.5 117.8 -0.3 22.3 3.0 10.6 6.8 10.2 13.1 102.22
226 Kris Murray 54 10 44 20 105.3 112.0 -6.7 17.0 5.7 12.6 9.0 10.5 13.7 100.23
226 Jerami Grant 54 17 37 34 105.9 115.1 -9.2 12.1 2.2 10.1 5.9 9.2 26.1 100.15
226 Dean Wade 54 36 18 21 113.0 102.2 10.8 14.0 3.7 17.8 10.8 6.5 10.4 100.07
226 Chris Duarte 54 32 22 13 110.7 114.2 -3.5 15.0 3.9 12.5 8.0 8.2 14.9 99.69
226 Jamal Murray 54 40 14 32 118.4 111.8 6.6 24.8 2.6 11.5 7.3 7.9 27.8 98.33
234 Gradey Dick 53 16 37 20 105.3 118.7 -13.3 13.7 2.3 9.0 5.5 8.8 16.8 102.15
234 RJ Barrett 53 24 29 32 113.5 115.9 -2.4 14.5 3.0 15.5 9.2 9.1 25.7 101.95
234 Lonnie Walker IV 53 22 31 17 112.8 110.8 2.0 11.2 1.2 12.0 6.6 8.2 24.4 101.11
234 Dyson Daniels 53 30 23 22 116.8 110.5 6.3 29.2 5.3 13.6 9.4 11.2 12.6 100.16
234 Nicolas Batum 53 29 24 25 117.0 111.6 5.3 29.4 5.6 13.2 9.4 9.1 8.7 99.55
234 Bryce McGowens 53 9 44 15 105.0 116.3 -11.3 15.3 2.2 11.4 6.6 8.6 14.3 99.15
234 Zeke Nnaji 53 37 16 10 101.6 115.7 -14.1 13.7 12.0 11.1 11.6 12.3 15.9 98.82
234 Vasilije Micic 53 31 22 19 111.3 111.7 -0.4 33.9 1.7 6.8 4.3 12.9 19.3 97.81
234 Mo Bamba 53 26 27 13 107.2 111.7 -4.5 13.9 10.7 24.0 17.0 13.5 15.4 97.81
234 Keita Bates-Diop 53 29 24 13 110.7 114.0 -3.3 16.0 5.6 13.5 9.7 6.3 13.4 97.72
244 Kyrie Irving 52 34 18 35 118.2 112.7 5.5 18.8 2.4 13.2 7.9 6.0 28.2 102.20
244 Kristaps Porzingis 52 39 13 30 120.2 108.7 11.6 10.0 6.5 17.3 12.3 8.3 25.2 101.74
244 Vince Williams Jr. 52 18 34 28 106.3 110.5 -4.2 24.9 4.4 18.5 11.2 13.1 15.8 100.49
244 Dalen Terry 52 24 28 11 115.6 111.1 4.5 29.6 4.9 14.4 9.7 11.2 12.6 98.75
244 Jimmy Butler 52 28 24 34 115.6 109.3 6.4 20.8 6.1 12.0 9.1 7.1 24.5 98.28
249 Trae Young 51 22 29 37 116.0 118.3 -2.3 28.7 1.2 7.1 4.1 11.4 30.0 105.25
249 Jalen Johnson 51 25 26 34 114.3 115.5 -1.2 18.6 4.0 23.4 13.5 9.1 18.8 103.81
249 Troy Brown Jr. 51 29 22 12 107.9 112.5 -4.7 18.1 3.4 15.9 9.8 9.6 15.2 101.16
249 Ziaire Williams 51 20 31 20 101.1 112.6 -11.6 13.6 3.5 15.5 9.3 12.0 19.7 101.02
249 Donovan Mitchell 51 34 17 35 115.1 107.1 8.0 19.4 2.7 13.2 8.0 9.0 31.0 100.76
249 Jose Alvarado 51 34 17 18 116.8 104.7 12.1 22.5 2.7 11.3 7.1 8.0 17.5 100.21
249 Justin Holiday 51 33 18 15 113.3 110.5 2.8 23.5 1.2 8.1 4.7 4.7 10.5 99.48
249 Quentin Grimes 51 32 19 20 106.9 108.7 -1.8 14.9 1.6 9.0 5.2 6.3 15.9 98.50
249 Darius Garland 51 28 23 33 112.7 110.8 1.9 25.5 1.9 6.9 4.5 12.1 25.6 98.24
249 Jonathan Isaac 51 31 20 15 115.6 101.2 14.4 7.2 9.9 23.6 16.9 7.2 17.4 97.97
259 Ben Sheppard 50 27 23 13 118.1 115.8 2.2 17.4 1.7 11.2 6.3 4.0 12.8 104.03
259 Christian Wood 50 28 22 17 110.5 108.6 1.8 12.1 5.5 25.7 16.4 12.4 17.9 102.03
259 Andre Jackson Jr. 50 31 19 10 115.6 119.3 -3.7 28.9 9.2 13.4 11.3 14.5 9.9 101.87
259 De'Andre Hunter 50 24 26 29 117.1 117.6 -0.5 8.8 2.2 12.7 7.3 8.6 20.7 101.79
259 Trey Lyles 50 30 20 20 116.6 112.0 4.6 14.9 5.9 19.1 12.7 8.5 14.3 101.67
259 Jakob Poeltl 50 21 29 26 112.6 113.0 -0.4 20.2 12.2 23.9 18.0 12.2 16.2 101.52
259 Chris Paul 50 27 23 26 113.6 110.6 3.0 42.0 1.5 14.7 8.1 7.3 15.4 100.46
259 Chris Boucher 50 16 34 14 115.3 112.4 2.9 7.5 9.6 22.8 16.1 9.1 17.2 100.17
259 Jordan Goodwin 50 27 23 17 104.5 110.2 -5.6 25.5 7.6 15.1 11.4 10.0 18.4 98.90
259 AJ Green 50 33 17 10 115.7 111.9 3.7 12.7 1.9 10.4 6.3 3.8 16.6 98.43
269 Draymond Green 49 29 20 27 115.5 110.4 5.1 37.5 5.5 22.6 14.3 15.1 15.6 103.84
269 Khris Middleton 49 30 19 27 119.1 113.7 5.4 26.3 2.8 14.8 9.0 10.8 23.1 103.21
269 Marvin Bagley III 49 6 43 21 108.7 116.5 -7.8 9.6 13.4 19.6 16.4 10.2 20.7 102.99
269 Bojan Bogdanovic 49 14 35 27 109.1 120.2 -11.2 10.7 1.6 10.4 5.9 11.0 24.7 100.71
269 Trey Murphy III 49 31 18 28 114.9 106.3 8.7 14.4 2.7 15.3 9.1 3.8 19.1 99.28
269 Keon Ellis 49 30 19 16 117.7 109.8 7.9 24.7 3.4 10.4 6.9 9.3 11.9 98.86
275 Jock Landale 48 25 23 12 113.6 104.3 9.3 19.1 13.4 12.3 12.8 8.9 13.9 102.41
275 Dante Exum 48 31 17 19 121.0 111.7 9.4 28.6 2.7 11.7 7.4 8.5 15.8 102.28
275 Oshae Brissett 48 40 8 12 118.9 109.0 10.0 17.9 9.7 16.4 13.1 7.1 13.2 99.64
275 Jordan McLaughlin 48 30 18 11 110.0 101.2 8.8 38.5 3.2 10.8 7.0 6.6 12.4 99.41
275 Deandre Ayton 48 12 36 32 106.5 114.4 -7.9 9.6 10.8 28.4 19.3 10.9 20.3 99.21
275 Kessler Edwards 48 29 19 5 104.1 108.0 -3.9 12.2 3.7 14.6 8.7 3.3 14.2 98.64
275 Craig Porter Jr. 48 29 19 13 112.3 114.3 -2.0 28.2 4.1 15.4 9.9 10.7 21.0 96.76
282 Shake Milton 47 31 16 12 106.4 110.2 -3.8 19.5 2.6 11.2 6.9 10.1 18.1 102.58
282 Xavier Tillman 47 25 22 19 106.8 108.3 -1.5 18.5 7.8 17.0 12.2 8.6 14.8 99.85
282 Kevin Love 47 26 21 18 115.2 109.3 5.9 21.3 6.6 33.8 19.8 7.7 20.7 99.38
282 Gary Harris 47 31 16 23 111.9 109.7 2.3 19.1 2.4 6.1 4.3 7.2 12.5 99.24
282 Dalano Banton 47 22 25 17 104.5 116.7 -12.2 16.2 5.1 15.1 10.0 10.7 24.6 99.23
282 Wendell Carter Jr. 47 26 21 26 110.0 107.1 2.9 14.5 9.1 23.0 16.0 10.7 17.5 98.36
288 MarJon Beauchamp 46 30 16 13 113.9 113.4 0.5 13.3 4.3 13.9 9.2 11.9 14.2 103.87
288 Cam Reddish 46 27 19 21 109.9 111.6 -1.8 14.3 3.1 8.0 5.6 9.4 12.5 103.66
288 Landry Shamet 46 6 40 16 109.7 119.4 -9.7 14.3 2.3 7.3 4.6 7.9 18.9 103.37
288 Mike Muscala 46 13 33 12 108.7 115.5 -6.8 16.6 6.6 15.8 11.1 9.0 13.9 101.80
288 Talen Horton-Tucker 46 12 34 19 112.2 116.6 -4.5 25.0 2.5 11.1 6.8 8.6 23.7 101.45
288 Isaiah Stewart 46 9 37 31 109.4 113.9 -4.5 13.1 5.9 17.9 11.9 11.8 14.6 101.31
288 Julius Randle 46 29 17 35 116.8 113.2 3.6 16.9 6.9 21.9 14.5 11.7 29.1 100.35
288 Anfernee Simons 46 11 35 34 108.4 118.3 -9.9 19.7 1.5 11.1 6.0 9.7 28.3 99.45
288 Torrey Craig 46 19 27 20 110.1 118.4 -8.3 16.0 7.2 16.1 11.4 8.9 12.8 98.25
288 Nick Smith Jr. 46 8 38 14 100.5 116.1 -15.6 15.4 2.7 7.8 5.1 10.4 19.9 97.68
298 Jordan Nwora 45 13 32 13 105.3 116.6 -11.2 13.8 3.9 17.5 10.7 10.8 22.6 103.74
298 Danilo Gallinari 45 15 30 13 111.0 119.4 -8.5 18.0 3.5 16.8 10.0 6.2 17.7 101.30
298 Julian Strawther 45 30 15 12 106.2 116.0 -9.8 15.1 1.0 10.1 5.5 6.5 20.0 101.23
298 Gordon Hayward 45 22 23 25 111.2 118.1 -6.9 23.8 3.5 13.1 8.2 9.5 18.3 101.18
298 Bradley Beal 45 27 18 33 115.9 113.2 2.7 22.4 3.3 10.7 7.2 11.1 23.3 100.77
298 Jaden Springer 45 29 16 10 109.9 114.3 -4.4 18.0 7.8 9.3 8.5 13.5 17.6 98.76
298 Tristan Thompson 45 27 18 12 114.7 112.3 2.4 24.1 15.7 20.2 18.0 13.7 13.2 98.33
305 Johnny Davis 44 7 37 11 103.8 112.9 -9.1 14.1 3.6 10.1 6.7 4.7 12.2 105.36
305 Anthony Gill 44 8 36 7 115.5 108.4 7.0 14.3 10.3 13.7 12.0 12.4 18.6 103.90
305 Seth Curry 44 25 19 14 110.3 107.4 2.9 15.6 3.2 8.9 6.1 7.4 16.7 100.96
305 Delon Wright 44 13 31 15 109.3 111.5 -2.1 34.6 2.7 10.4 6.5 3.8 13.1 100.86
305 OG Anunoby 44 26 18 34 116.0 106.4 9.6 13.8 3.2 10.5 6.9 9.8 17.6 100.27
305 Marcus Morris Sr. 44 25 19 17 110.2 113.9 -3.7 10.2 3.0 16.8 9.6 8.3 16.8 98.88
311 JaVale McGee 43 26 17 8 109.2 112.9 -3.7 7.9 12.8 26.4 19.5 16.8 21.9 103.64
311 Jae Crowder 43 24 19 23 113.0 113.9 -0.9 18.5 2.5 13.0 7.6 6.0 11.4 102.17
311 Jalen McDaniels 43 10 33 10 101.9 114.8 -12.9 12.2 3.2 13.3 8.1 11.8 18.8 100.96
311 Ish Smith 43 6 37 17 101.8 118.6 -16.8 41.2 1.5 10.9 5.7 13.4 12.2 100.76
311 Evan Mobley 43 26 17 31 110.6 108.7 1.9 18.0 8.3 25.5 17.2 10.4 20.5 100.38
311 Chimezie Metu 43 23 20 14 108.1 112.3 -4.2 12.2 6.1 20.3 13.6 13.7 17.0 99.96
311 Josh Richardson 43 24 19 26 108.4 112.4 -4.0 20.5 1.9 10.8 6.3 7.0 16.5 99.30
311 Patrick Williams 43 19 24 27 114.1 113.9 0.1 12.9 4.3 11.8 7.9 11.2 16.6 98.33
311 Chuma Okeke 43 22 21 10 101.6 108.0 -6.4 13.0 4.4 16.6 10.2 10.3 13.5 96.26
311 Jericho Sims 43 28 15 13 107.3 110.3 -3.0 23.1 10.7 17.1 13.9 15.4 6.3 94.12
321 Killian Hayes 42 7 35 24 106.4 116.8 -10.4 36.5 1.2 12.2 6.6 9.1 15.2 102.88
321 Desmond Bane 42 14 28 34 106.2 113.7 -7.6 19.3 2.6 11.7 7.0 9.4 28.0 102.51
323 Omer Yurtseven 41 15 26 9 103.5 116.2 -12.6 11.0 13.4 28.4 20.5 15.6 17.1 101.19
324 Cody Zeller 40 24 16 8 116.2 107.5 8.7 28.2 14.9 21.7 18.1 11.7 12.2 103.66
324 Richaun Holmes 40 13 27 14 107.8 115.1 -7.3 11.5 12.8 22.7 17.4 11.1 14.4 102.86
324 Nassir Little 40 24 16 11 106.3 111.0 -4.6 13.2 3.5 13.8 8.8 8.2 13.4 100.98
324 Alex Len 40 21 19 9 116.6 103.2 13.5 25.5 11.8 20.2 16.0 15.2 12.4 100.63
324 GG Jackson 40 11 29 24 101.5 111.1 -9.7 7.3 4.8 12.3 8.5 9.2 23.4 100.36
324 Julian Phillips 40 20 20 8 113.2 113.8 -0.6 12.0 3.8 8.7 6.1 9.2 12.6 99.51
330 Cam Whitmore 39 16 23 18 108.3 111.5 -3.2 4.0 5.2 17.6 11.2 7.6 26.3 103.96
330 Sandro Mamukelashvili 39 8 31 7 110.3 107.5 2.8 24.1 11.7 20.8 16.0 7.1 16.6 103.87
330 Gary Payton II 39 23 16 15 114.9 109.2 5.7 19.0 7.7 11.4 9.5 9.9 13.0 103.75
330 Malcolm Brogdon 39 15 24 29 109.7 113.1 -3.4 26.1 2.7 12.3 7.4 7.3 23.2 100.57
330 Mason Plumlee 39 25 14 14 117.8 115.4 2.4 18.6 11.1 27.6 19.8 12.1 14.9 100.40
330 Jacob Gilyard 39 12 27 17 104.4 117.3 -12.9 43.1 1.2 6.5 3.6 9.4 11.6 98.47
336 Nikola Jovic 38 19 19 19 115.1 105.1 10.0 22.1 3.7 20.3 12.2 10.4 16.6 99.03
336 Kobe Brown 38 25 13 8 112.8 118.7 -5.8 18.9 3.6 14.6 8.9 7.8 10.6 98.89
338 Maxi Kleber 37 23 14 20 117.1 112.7 4.4 25.6 3.5 14.1 9.1 10.8 9.7 101.56
338 Bismack Biyombo 37 18 19 21 108.3 113.0 -4.6 22.1 8.9 20.0 14.5 17.5 10.6 101.13
338 Luke Kennard 37 13 24 25 105.5 115.5 -10.0 25.3 1.3 12.0 6.6 10.0 17.2 100.03
338 Bruno Fernando 37 18 19 14 110.7 110.9 -0.2 13.3 12.5 23.6 18.1 14.6 18.0 98.93
338 Thomas Bryant 37 21 16 11 112.7 111.5 1.3 11.0 10.1 26.0 18.0 9.5 19.0 98.81
343 Eugene Omoruyi 36 4 32 8 97.3 114.3 -17.0 14.8 10.3 17.9 13.8 9.9 22.3 107.11
343 Luka Samanic 36 13 23 7 108.5 109.1 -0.6 6.8 5.2 21.7 13.9 11.4 20.0 106.38
343 A.J. Lawson 36 23 13 7 114.5 107.8 6.7 10.7 4.5 10.0 7.1 7.6 18.5 105.56
343 Sasha Vezenkov 36 19 17 13 112.7 113.3 -0.6 7.9 7.4 14.9 11.1 5.9 17.5 102.86
343 De'Anthony Melton 36 23 13 28 119.8 111.2 8.6 20.7 3.0 12.3 7.6 7.3 17.8 102.43
343 Reggie Bullock Jr. 36 21 15 10 108.7 112.7 -4.0 13.6 1.8 18.2 10.0 8.4 10.2 100.43
343 Tyler Herro 36 19 17 34 111.2 111.3 -0.2 17.2 1.6 15.8 8.6 8.4 27.5 99.92
343 Bol Bol 36 23 13 11 112.9 108.9 4.1 9.3 8.3 21.4 15.4 8.7 16.5 99.78
343 Davis Bertans 36 18 18 14 106.5 113.7 -7.2 12.5 1.5 9.4 5.3 4.7 17.3 99.35
343 Jalen Wilson 36 11 25 14 113.4 113.9 -0.5 18.7 8.2 14.8 11.2 7.1 13.9 97.43
343 Trent Forrest 36 18 18 11 107.4 115.6 -8.1 43.6 2.8 11.5 6.9 9.2 12.7 97.29
354 Furkan Korkmaz 35 22 13 9 116.3 111.4 4.9 20.9 1.4 9.8 5.5 8.3 13.1 103.77
354 Olivier-Maxence Prosper 35 21 14 8 106.4 114.8 -8.4 17.4 7.0 17.8 12.0 4.3 14.9 102.39
354 Markelle Fultz 35 21 14 22 109.1 105.8 3.3 24.7 6.8 10.5 8.7 9.5 18.4 99.70
354 Skylar Mays 35 13 22 12 102.3 117.2 -14.9 31.2 2.4 9.8 5.7 7.4 18.5 99.16
358 Joel Embiid 34 26 8 34 118.8 109.2 9.7 15.4 8.8 27.0 18.2 10.1 39.2 102.36
358 Danuel House Jr. 34 21 13 15 109.8 108.5 1.3 16.3 3.3 9.0 6.1 11.0 12.0 101.43
358 Yuta Watanabe 34 18 16 14 106.8 115.2 -8.5 9.5 2.7 9.8 6.4 12.1 13.3 100.06
358 Lamar Stevens 34 19 15 13 103.1 105.0 -1.9 8.6 6.5 16.9 11.7 9.0 22.7 99.37
358 DeAndre Jordan 34 23 11 11 106.3 114.1 -7.8 15.7 14.8 27.7 21.3 13.9 15.6 98.28
358 Damian Jones 34 22 12 7 100.0 113.6 -13.6 13.8 8.4 19.9 14.0 12.8 16.2 94.52
364 Taylor Hendricks 33 11 22 21 108.4 117.1 -8.7 8.5 6.2 18.0 12.2 8.9 13.9 102.63
364 Wesley Matthews 33 10 23 12 109.4 114.7 -5.4 16.6 2.3 12.6 7.1 6.0 12.1 102.17
364 Jared Butler 33 5 28 12 106.4 110.5 -4.1 32.7 1.6 8.8 5.2 14.2 20.0 101.34
364 Dominick Barlow 33 7 26 13 114.1 116.8 -2.7 20.4 11.1 18.9 14.8 5.1 14.2 101.29
364 Lester Quinones 33 20 13 11 110.1 109.3 0.8 17.9 5.7 14.5 10.1 8.7 16.8 100.98
364 Jeremiah Robinson-Earl 33 18 15 9 108.9 110.1 -1.2 15.9 7.3 16.4 11.9 10.3 14.4 100.72
364 Orlando Robinson 33 18 15 9 113.6 110.9 2.8 25.2 11.7 22.0 17.0 13.3 14.9 97.62
364 Svi Mykhailiuk 33 26 7 9 117.8 107.4 10.5 16.8 3.0 9.8 6.6 6.9 15.9 97.30
364 Tre Mann 33 18 15 22 105.8 111.8 -6.0 28.5 2.7 15.7 9.3 11.3 19.0 96.64
373 Patrick Baldwin Jr. 32 6 26 10 102.3 106.2 -3.9 13.6 3.8 22.2 12.7 9.5 16.0 104.73
373 Shaedon Sharpe 32 8 24 33 103.6 114.0 -10.3 14.4 4.2 13.5 8.5 11.0 22.4 101.61
373 Bones Hyland 32 18 14 14 107.9 112.6 -4.7 23.1 1.0 7.8 4.4 12.7 23.8 99.15
376 Kevin Knox II 31 4 27 18 109.1 115.8 -6.7 9.6 3.4 12.6 7.6 9.1 16.2 103.92
376 Rayan Rupert 31 5 26 12 105.0 116.4 -11.4 23.9 4.6 14.9 9.3 12.2 14.0 101.00
376 Ousmane Dieng 31 19 12 11 109.6 108.5 1.1 20.5 3.2 12.7 8.0 10.6 16.4 100.53
376 Lindy Waters III 31 21 10 6 103.9 109.9 -6.0 17.5 2.1 14.1 8.1 6.6 16.7 99.07
380 Jarace Walker 30 15 15 11 120.1 116.4 3.7 23.6 4.0 17.4 10.5 9.6 15.9 103.05
380 Patty Mills 30 14 16 13 111.4 108.6 2.7 18.6 2.3 7.3 4.6 9.0 15.6 100.14
380 Terry Taylor 30 12 18 6 110.4 106.9 3.5 18.1 9.3 11.6 10.5 12.7 11.3 98.10
383 Jarred Vanderbilt 29 14 15 20 113.6 109.0 4.7 18.6 8.3 18.8 13.7 14.4 11.5 104.08
383 Jake LaRavia 29 5 24 21 99.9 110.3 -10.4 12.7 7.6 10.9 9.2 8.4 19.8 101.15
383 Robert Covington 29 20 9 17 114.7 103.5 11.1 16.6 7.3 14.3 11.0 7.6 10.7 99.29
383 Thanasis Antetokounmpo 29 19 10 5 103.9 112.5 -8.6 26.5 6.1 4.8 5.4 22.7 13.0 99.29
383 Thaddeus Young 29 9 20 14 116.0 117.3 -1.3 31.0 11.8 15.3 13.5 7.3 13.0 99.08
388 Cody Martin 28 7 21 27 105.6 115.5 -9.9 27.5 2.7 13.8 8.0 11.7 16.1 99.09
388 Maxwell Lewis 28 14 14 3 76.7 112.6 -35.8 17.9 1.2 2.3 1.8 28.6 11.6 98.92
388 Justin Minaya 28 2 26 8 98.4 105.9 -7.5 14.9 6.6 9.8 8.1 11.6 10.2 97.30
391 Ricky Council IV 27 10 17 9 111.1 113.1 -2.0 7.7 6.0 13.9 9.8 2.8 23.4 102.60
392 Josh Minott 26 20 6 3 103.9 103.4 0.5 10.2 4.3 16.7 10.1 5.1 20.8 106.27
392 Jontay Porter 26 6 20 14 107.6 114.6 -7.0 31.1 7.8 18.1 12.8 10.9 15.8 103.28
392 Cory Joseph 26 10 16 11 115.4 117.2 -1.8 34.7 2.1 9.4 5.6 9.9 11.2 101.66
392 Brandon Boston Jr. 26 15 11 9 107.5 121.8 -14.3 5.6 5.2 9.7 7.4 8.8 23.1 98.46
392 Neemias Queta 26 22 4 11 128.8 111.4 17.4 11.9 17.1 21.4 19.3 8.5 14.9 96.58
397 Evan Fournier 25 7 18 17 96.6 108.0 -11.4 15.3 1.0 10.3 5.6 7.7 19.8 102.03
397 Kira Lewis Jr. 25 10 15 8 100.7 107.4 -6.7 24.7 3.8 6.8 5.3 9.9 19.1 101.54
397 Brice Sensabaugh 25 6 19 17 109.7 124.2 -14.5 17.1 2.9 16.4 9.5 15.8 20.2 101.46
397 Monte Morris 25 16 9 15 111.1 104.9 6.2 28.7 1.7 10.6 5.9 3.2 16.3 99.65
397 Nathan Mensah 25 3 22 12 94.2 115.9 -21.8 16.0 9.8 14.5 11.9 24.9 6.8 99.52
397 Zach LaVine 25 10 15 35 109.0 113.8 -4.8 17.2 1.0 15.3 8.1 9.1 24.4 98.94
397 P.J. Tucker 25 10 15 16 110.8 112.1 -1.4 19.9 6.7 13.7 10.2 13.3 5.5 98.05
404 Stanley Umude 24 4 20 13 104.0 113.9 -9.8 8.9 3.0 14.9 9.2 11.4 15.7 103.75
404 Matt Ryan 24 13 11 16 109.1 107.3 1.8 11.1 1.6 9.1 5.3 11.8 15.2 103.40
404 Derrick Rose 24 6 18 17 103.6 106.3 -2.7 27.3 1.9 10.3 6.0 10.8 22.7 102.30
404 Collin Gillespie 24 15 9 9 114.1 108.7 5.4 23.4 0.5 9.3 4.9 12.1 17.3 98.97
404 Jalen Pickett 24 17 7 5 106.8 110.5 -3.7 29.1 1.1 9.8 5.8 14.6 17.6 95.51
409 Isaiah Livers 23 1 22 20 106.1 124.1 -17.9 15.2 3.4 8.4 5.8 9.7 12.6 104.09
409 Mitchell Robinson 23 13 10 28 114.7 114.0 0.7 8.9 19.9 19.8 19.9 14.8 10.1 97.92
409 Colby Jones 23 12 11 6 108.3 112.2 -3.9 18.4 8.6 13.1 10.6 7.9 18.3 95.81
412 LaMelo Ball 22 7 15 32 111.3 119.5 -8.1 24.2 4.2 14.0 8.8 11.4 32.4 103.56
412 Markieff Morris 22 13 9 8 105.2 116.2 -11.0 15.4 2.5 16.8 9.6 12.9 16.1 103.14
412 Tari Eason 22 12 10 22 111.8 101.6 10.2 10.8 10.4 23.2 16.9 8.0 19.4 102.54
412 Harry Giles III 22 10 12 5 109.6 128.2 -18.6 8.9 12.0 18.8 15.1 8.9 24.6 101.65
412 Jamal Cain 22 11 11 12 108.4 109.5 -1.2 9.3 6.6 9.9 8.2 7.5 16.7 99.04
412 Leaky Black 22 1 21 10 104.6 115.7 -11.1 26.4 3.9 15.4 9.5 7.3 10.1 98.37
418 Ibou Badji 21 5 16 10 93.2 114.0 -20.8 24.9 10.1 17.3 13.5 26.8 7.8 101.42
418 Jalen Hood-Schifino 21 10 11 5 91.4 114.9 -23.5 11.3 2.0 10.7 6.3 12.7 25.1 100.76
418 Garrett Temple 21 4 17 7 103.7 111.8 -8.1 24.5 6.1 15.4 10.8 9.2 14.1 99.78
418 Saben Lee 21 12 9 9 109.8 102.9 6.9 27.7 6.0 12.9 9.7 7.4 19.5 99.33
418 Admiral Schofield 21 14 7 4 93.7 99.3 -5.6 17.2 2.7 18.8 10.6 11.5 17.1 98.35
423 Marcus Smart 20 7 13 30 106.8 106.6 0.2 21.0 1.1 8.3 4.7 15.1 22.8 104.71
423 Luka Garza 20 15 5 5 104.2 115.1 -10.9 4.1 12.3 12.9 12.6 6.9 28.7 103.67
423 Gui Santos 20 14 6 8 111.9 110.0 1.9 16.0 10.1 17.8 14.1 10.2 14.8 101.61
423 Aleksej Pokusevski 20 11 9 13 102.1 118.8 -16.7 20.7 5.7 17.4 11.4 10.4 16.3 97.40
423 Ryan Arcidiacono 20 15 5 2 88.2 84.3 3.9 33.3 0.0 14.5 8.5 16.7 8.3 94.91
428 Wendell Moore Jr. 19 15 4 3 94.2 113.9 -19.8 12.5 0.0 14.6 7.2 18.8 10.9 109.02
428 Charles Bassey 19 3 16 11 105.9 117.1 -11.2 26.7 11.8 30.6 20.7 19.1 11.5 105.11
428 Jerome Robinson 19 14 5 4 114.6 95.1 19.5 12.4 1.5 6.1 3.7 5.0 21.2 101.44
428 Mark Williams 19 7 12 27 114.7 114.0 0.7 10.1 15.5 23.5 19.4 7.8 16.3 101.25
428 Moses Brown 19 4 15 9 101.6 122.7 -21.0 7.9 18.2 26.7 22.2 10.5 17.2 100.23
428 Braxton Key 19 13 6 3 100.8 108.2 -7.4 30.4 5.9 24.5 15.4 3.4 16.1 99.54
434 AJ Griffin 18 8 10 7 111.5 120.0 -8.6 7.2 1.7 11.2 6.2 10.7 16.5 106.71
434 Nate Williams 18 9 9 6 116.4 106.8 9.6 14.2 10.0 5.9 7.9 4.0 17.2 102.79
434 Trey Jemison 18 3 15 20 104.5 112.8 -8.3 12.5 12.6 13.4 13.0 17.1 13.7 98.85
434 Onuralp Bitim 18 8 10 13 109.2 115.4 -6.2 14.8 2.9 11.8 7.3 8.0 14.5 98.50
438 Kenneth Lofton Jr. 17 5 12 6 103.4 108.8 -5.4 19.6 1.8 17.8 9.0 11.2 22.1 104.91
438 Theo Maledon 17 5 12 13 108.7 121.7 -13.0 22.8 1.9 10.9 6.0 14.7 18.0 103.86
438 Jay Huff 17 13 4 3 96.7 110.8 -14.1 11.8 2.6 23.1 13.0 5.9 15.7 101.33
438 Taj Gibson 17 7 10 10 104.6 112.0 -7.4 22.6 6.5 13.1 9.8 12.5 7.9 99.65
438 Chris Livingston 17 11 6 4 117.0 119.9 -2.8 17.9 3.8 21.3 13.2 14.3 14.6 99.26
443 Devonte' Graham 16 4 12 9 116.7 103.0 13.7 29.5 1.4 16.1 8.1 7.7 16.2 103.21
443 Joe Harris 16 4 12 11 107.4 120.8 -13.4 18.6 2.0 6.6 4.3 7.4 10.9 102.24
443 Robin Lopez 16 10 6 4 101.8 114.0 -12.2 15.5 4.8 3.8 4.3 7.7 14.8 101.95
443 Dylan Windler 16 9 7 5 113.7 106.6 7.1 27.3 1.4 15.4 8.8 3.0 13.3 99.97
443 Noah Clowney 16 7 9 10 113.7 113.4 0.3 14.9 7.0 20.3 12.8 10.0 13.3 98.60
443 DaQuan Jeffries 16 10 6 3 92.6 98.2 -5.6 19.3 0.0 10.2 5.3 11.6 21.4 97.59
443 Ashton Hagans 16 2 14 17 104.4 111.0 -6.7 32.5 4.5 12.1 8.3 19.4 15.2 96.71
450 Otto Porter Jr. 15 6 9 12 110.3 109.2 1.2 18.1 3.8 14.6 9.2 4.5 8.6 103.25
450 Jules Bernard 15 2 13 7 107.2 107.4 -0.1 18.4 6.0 8.9 7.3 5.7 20.1 102.98
450 Ben Simmons 15 7 8 24 109.9 112.5 -2.6 44.4 8.7 26.8 17.3 13.9 12.8 102.32
450 Cole Swider 15 6 9 6 102.9 114.5 -11.5 8.2 1.3 8.3 4.6 16.4 23.6 95.70
454 Udoka Azubuike 14 10 4 8 111.8 119.3 -7.6 8.9 11.2 22.8 16.8 11.8 12.3 103.19
454 Jett Howard 14 7 7 4 100.3 103.3 -2.9 10.1 2.3 7.8 5.3 6.7 22.2 102.07
454 Javon Freeman-Liberty 14 1 13 17 105.8 119.8 -14.0 19.2 3.6 16.8 9.7 10.5 16.9 100.62
454 Hunter Tyson 14 10 4 3 112.7 107.3 5.4 9.5 3.0 22.2 13.0 9.5 21.8 99.88
454 Tosan Evbuomwan 14 1 13 20 100.0 118.3 -18.3 12.2 5.4 13.6 9.4 8.6 11.5 98.96
454 Johnny Juzang 14 3 11 15 112.8 113.4 -0.6 13.2 2.7 8.5 5.8 7.2 15.1 98.28
454 Olivier Sarr 14 7 7 7 112.7 107.3 5.3 6.5 13.2 25.8 20.2 9.8 13.3 97.61
454 Vit Krejci 14 7 7 26 118.9 117.2 1.6 28.7 1.8 7.6 4.4 10.2 9.2 97.24
454 James Bouknight 14 0 14 6 107.3 119.5 -12.2 12.0 1.4 13.1 6.7 4.0 24.5 96.69
463 Scotty Pippen Jr. 13 2 11 23 103.3 113.0 -9.7 26.9 3.6 11.3 7.2 14.9 21.6 99.80
463 Trevelin Queen 13 5 8 13 111.4 106.5 4.9 26.4 2.3 11.2 7.0 10.3 14.5 97.70
463 Emoni Bates 13 7 6 8 97.8 123.3 -25.5 14.7 1.1 12.2 6.5 4.2 18.7 96.51
466 Terquavion Smith 12 4 8 6 117.8 118.1 -0.3 18.1 0.0 3.4 1.6 7.2 24.8 113.47
466 Daishen Nix 12 9 3 3 123.9 101.3 22.6 7.8 0.0 3.3 1.4 7.8 25.1 104.62
466 Brandon Williams 12 7 5 5 97.3 114.2 -16.9 28.7 4.5 7.0 5.6 7.2 21.4 103.15
466 Boban Marjanovic 12 8 4 5 104.0 122.7 -18.7 11.8 12.2 34.7 23.5 5.9 23.0 102.28
466 Kendall Brown 12 7 5 4 90.4 104.8 -14.4 21.6 6.5 2.6 4.7 5.4 13.7 97.81
466 Micah Potter 12 2 10 11 100.6 105.7 -5.1 7.3 4.3 17.9 11.3 11.0 8.8 97.56
472 Leonard Miller 11 10 1 3 89.9 103.4 -13.5 29.4 6.7 37.0 21.1 5.9 16.2 104.66
472 Nate Hinton 11 6 5 5 118.8 109.1 9.7 19.9 5.6 14.3 10.3 6.6 17.1 103.16
472 Jermaine Samuels Jr. 11 6 5 5 109.2 122.8 -13.6 14.4 4.3 20.5 12.2 0.0 9.6 100.37
472 Juan Toscano-Anderson 11 7 4 5 102.2 104.5 -2.4 22.2 7.5 18.2 13.0 11.1 11.2 100.06
472 Moussa Diabate 11 7 4 6 122.7 115.1 7.6 12.8 25.9 15.8 20.9 6.4 17.8 96.93
477 Ryan Rollins 10 1 9 7 118.0 81.4 36.6 21.8 3.6 13.6 9.1 13.9 23.9 110.58
477 Ish Wainright 10 2 8 6 84.9 89.8 -4.9 3.6 4.2 19.3 10.9 7.2 18.3 102.31
477 Justin Champagnie 10 3 7 15 103.2 120.4 -17.2 15.7 6.9 14.5 10.2 11.8 17.5 101.13
477 Jared Rhoden 10 1 9 10 114.2 119.4 -5.2 18.0 2.7 17.9 10.5 15.4 14.4 99.36
477 Armoni Brooks 10 3 7 10 125.8 115.2 10.6 9.1 6.8 10.6 8.7 5.5 19.5 98.77
477 Colin Castleton 10 5 5 5 91.0 123.5 -32.5 16.9 10.0 15.8 12.8 11.3 15.2 94.73
483 Kobe Bufkin 9 6 3 10 106.1 101.9 4.2 25.5 2.6 14.3 8.6 8.5 21.3 103.43
483 Jaylen Nowell 9 3 6 17 107.2 107.3 -0.1 20.7 2.1 8.0 4.9 6.5 16.7 102.33
483 Ja Morant 9 6 3 35 109.9 109.7 0.2 24.5 2.1 15.3 8.8 9.1 30.5 102.22
483 DeJon Jarreau 9 2 7 17 99.1 109.7 -10.5 28.9 4.9 26.3 14.7 10.0 17.2 101.86
483 Dru Smith 9 7 2 15 98.0 110.4 -12.4 26.5 4.5 6.6 5.5 9.5 13.0 100.35
483 Keyontae Johnson 9 7 2 7 100.2 108.2 -8.0 16.7 7.0 10.5 8.8 16.7 13.1 99.19
483 Seth Lundy 9 2 7 6 110.0 116.8 -6.8 0.0 2.4 13.0 8.0 5.1 17.9 98.04
483 Xavier Moon 9 5 4 4 78.5 124.3 -45.8 27.0 5.4 9.1 7.1 15.5 22.6 97.99
483 Jalen Slawson 9 6 3 4 103.8 114.6 -10.9 22.2 3.4 23.1 12.7 22.2 9.6 94.32
483 Jacob Toppin 9 2 7 4 95.9 128.3 -32.4 21.6 8.8 17.4 12.3 7.2 13.2 92.67
493 Oscar Tshiebwe 8 2 6 5 115.0 102.9 12.1 7.8 17.8 25.8 21.1 0.0 20.7 106.04
493 T.J. Warren 8 5 3 13 110.6 101.1 9.4 15.3 4.5 12.4 8.2 8.7 15.1 104.14
493 Jordan Miller 8 5 3 4 102.0 116.8 -14.9 0.0 11.5 6.7 8.9 9.2 16.3 103.28
493 E.J. Liddell 8 3 5 3 105.6 112.8 -7.2 10.1 0.0 23.8 11.9 20.2 16.4 102.81
493 James Johnson 8 3 5 5 119.6 118.1 1.4 33.5 2.5 11.1 6.0 19.2 14.2 101.50
493 R.J. Hampton 8 3 5 10 114.9 107.2 7.7 30.9 3.1 5.1 4.2 11.6 10.1 100.29
493 Matt Hurt 8 2 6 14 97.7 105.6 -7.9 9.7 8.2 6.9 7.5 4.8 13.8 98.45
493 Amari Bailey 8 0 8 4 108.8 104.8 4.0 12.6 7.7 0.0 3.8 6.3 20.0 97.83
493 Mouhamadou Gueye 8 0 8 8 75.3 109.3 -33.9 6.5 12.9 4.7 8.7 19.6 20.4 97.79
493 Charlie Brown Jr. 8 2 6 5 102.9 112.5 -9.5 0.0 2.6 3.2 2.9 16.7 14.3 94.47
503 Jahmi'us Ramsey 7 0 7 17 102.2 111.4 -9.3 13.6 3.6 14.9 9.4 11.9 18.4 101.69
503 D'Moi Hodge 7 1 6 6 91.0 133.5 -42.5 22.9 0.0 0.0 0.0 4.6 18.4 97.02
503 Jeff Dowtin Jr. 7 2 5 12 118.1 110.3 7.8 39.6 2.6 11.4 7.1 11.7 13.4 93.24
506 Greg Brown III 6 3 3 7 105.2 109.9 -4.8 17.4 6.7 13.3 10.0 17.4 18.4 111.67
506 Sidy Cissoko 6 1 5 5 106.6 86.4 20.2 0.0 0.0 18.2 8.8 11.4 10.7 108.23
506 Dereon Seabron 6 3 3 9 116.3 92.8 23.5 24.2 2.3 9.4 6.5 0.0 12.1 104.20
506 Gabe Vincent 6 3 3 24 99.9 103.0 -3.1 28.6 1.6 3.1 2.3 5.4 12.2 101.87
506 Robert Williams III 6 2 4 20 102.2 113.3 -11.1 11.9 8.9 26.5 16.8 16.7 13.0 101.62
506 Jamaree Bouyea 6 0 6 10 80.1 102.7 -22.6 21.6 3.1 17.8 9.2 21.6 20.7 100.32
506 Isaiah Mobley 6 1 5 9 111.9 118.5 -6.6 30.0 0.0 16.2 7.5 5.0 13.2 92.97
506 JD Davison 6 6 0 2 131.6 80.8 50.8 20.5 10.0 15.4 13.0 0.0 15.8 92.36
506 Jordan Walsh 6 6 0 7 131.8 91.1 40.7 28.6 8.6 21.7 16.0 14.3 10.9 91.36
506 Jordan Ford 6 2 4 4 139.7 108.3 31.4 18.4 0.0 10.5 5.4 9.2 19.5 90.38
516 TyTy Washington Jr. 5 3 2 4 78.3 92.9 -14.5 10.0 0.0 5.6 2.5 20.0 18.8 102.06
516 Frank Ntilikina 5 0 5 9 116.5 121.7 -5.2 26.9 2.3 12.5 7.1 6.7 10.9 101.95
516 Maozinha Pereira 5 1 4 11 94.6 96.9 -2.3 4.7 11.6 18.0 14.3 9.4 14.8 101.77
516 Wenyen Gabriel 5 1 4 16 84.6 95.5 -10.8 8.5 8.8 25.4 16.6 22.7 16.7 101.36
516 Tristan Vukcevic 5 2 3 6 89.0 87.6 1.5 14.3 0.0 26.5 15.8 14.3 17.0 100.33
516 Buddy Boeheim 5 0 5 10 118.2 103.7 14.4 11.9 2.1 13.2 8.0 0.0 19.6 100.04
516 Mamadi Diakite 5 4 1 5 97.5 88.8 8.7 17.2 4.0 11.5 7.8 8.6 18.1 96.16
523 Dexter Dennis 4 1 3 8 89.9 102.5 -12.7 14.6 2.6 23.5 12.3 11.0 29.8 116.10
523 Marques Bolden 4 2 2 4 131.6 99.8 31.8 0.0 0.0 16.7 10.3 50.0 5.8 107.07
523 D.J. Carton 4 2 2 9 86.8 122.9 -36.1 21.1 5.7 4.8 5.2 7.0 13.7 104.66
523 Alondes Williams 4 3 1 3 71.4 113.6 -42.2 0.0 0.0 10.0 5.0 18.4 20.0 103.91
523 Adama Sanogo 4 1 3 3 95.0 7.7 87.3 0.0 23.1 40.0 30.4 15.8 21.6 102.58
523 Jason Preston 4 1 3 8 125.5 98.7 26.8 46.7 11.5 13.3 12.5 13.3 11.4 99.37
523 Alex Fudge 4 1 3 4 66.1 137.6 -71.5 0.0 16.7 0.0 8.0 12.7 23.7 98.48
523 Keon Johnson 4 0 4 13 123.3 143.9 -20.5 9.9 6.1 6.3 6.2 13.2 22.5 97.41
523 Pete Nance 4 2 2 3 106.6 80.8 25.8 0.0 0.0 28.6 16.7 0.0 11.8 78.05
532 Taze Moore 3 1 2 3 130.4 106.8 23.6 14.3 0.0 0.0 0.0 14.3 20.6 125.48
532 Usman Garuba 3 2 1 3 97.7 128.8 -31.1 50.0 10.0 0.0 6.7 0.0 4.9 106.09
532 Shaquille Harrison 3 1 2 2 50.0 128.8 -78.8 0.0 0.0 50.0 20.0 0.0 16.7 101.36
532 Mason Jones 3 1 2 7 102.2 93.5 8.6 38.8 4.2 22.2 11.9 7.8 15.7 99.89
532 Kobi Simmons 3 0 3 19 90.6 121.1 -30.5 32.1 2.1 7.0 4.4 3.6 15.1 98.59
532 Filip Petrusev 3 2 1 3 114.6 89.5 25.1 0.0 0.0 8.3 5.9 0.0 15.0 95.59
532 Lindell Wigginton 3 3 0 3 79.3 128.7 -49.4 0.0 0.0 0.0 0.0 14.5 49.6 94.99
532 Javonte Green 3 2 1 17 122.3 102.6 19.7 12.5 8.8 16.0 13.1 18.8 12.9 93.53
532 Darius Bazley 3 0 3 3 128.6 137.6 -9.0 50.0 0.0 20.0 10.0 25.0 10.6 86.65
532 Pat Spencer 3 1 2 2 91.9 102.5 -10.5 66.7 0.0 0.0 0.0 0.0 8.4 83.49
542 Joshua Primo 2 2 0 5 96.7 89.3 7.4 0.0 12.5 0.0 5.3 57.1 28.3 113.42
542 Mouhamed Gueye 2 2 0 2 10.1 141.7 -131.6 0.0 0.0 0.0 0.0 0.0 9.2 108.19
542 Dariq Whitehead 2 1 1 12 108.6 161.5 -52.9 33.8 0.0 19.0 8.7 0.0 9.3 107.63
542 Danny Green 2 1 1 9 110.8 118.0 -7.1 33.3 0.0 11.8 6.9 0.0 4.4 106.98
542 Kevon Harris 2 1 1 3 156.7 142.0 14.7 20.0 0.0 28.6 22.2 20.0 31.3 106.47
542 Brandon Clarke 2 0 2 20 115.3 104.5 10.8 18.8 7.3 24.0 13.6 0.0 17.4 103.97
542 Hamidou Diallo 2 1 1 2 78.7 57.1 21.6 25.0 20.0 0.0 13.3 25.0 19.4 102.06
542 Ty Jerome 2 1 1 7 107.5 152.5 -45.0 37.5 7.1 0.0 4.2 12.5 15.3 97.06
542 Isaiah Thomas 2 1 1 5 130.3 123.0 7.3 28.6 0.0 0.0 0.0 0.0 28.0 89.06
542 D.J. Wilson 2 1 1 8 130.8 115.2 15.6 25.0 8.3 9.1 8.7 0.0 19.7 88.51
542 Dmytro Skapintsev 2 0 2 1 75.0 87.2 -12.2 0.0 0.0 0.0 0.0 0.0 25.0 83.70
542 Andrew Funk 2 1 1 1 200.0 0.0 200.0 0.0 0.0 0.0 0.0 0.0 16.7 75.29
542 Justin Jackson 2 2 0 0 0.0 0.0 0.0 0.0 0.0 0.0 0.0 0.0 0.0 68.57
555 Ron Harper Jr. 1 1 0 4 100.0 155.1 -55.1 100.0 0.0 0.0 0.0 0.0 0.0 124.67
555 Izaiah Brockington 1 1 0 3 127.1 121.0 6.2 0.0 14.3 16.7 15.4 0.0 37.2 119.74
555 Quenton Jackson 1 1 0 2 0.0 123.0 -123.0 0.0 0.0 50.0 25.0 0.0 0.0 117.31
555 Adam Flagler 1 1 0 6 105.5 100.0 5.5 25.0 0.0 0.0 0.0 0.0 22.5 110.49
555 Malcolm Cazalon 1 0 1 3 174.1 120.0 54.1 0.0 0.0 0.0 0.0 0.0 0.0 105.17
555 Kaiser Gates 1 0 1 7 80.2 94.5 -14.2 0.0 0.0 10.0 5.0 0.0 22.0 103.58
555 Zavier Simpson 1 0 1 9 153.6 92.8 60.8 66.7 8.3 0.0 4.8 16.7 8.0 99.94
555 Jalen Crutcher 1 1 0 3 120.0 91.9 28.1 0.0 0.0 0.0 0.0 0.0 20.0 94.55
555 Markquis Nowell 1 0 1 4 133.1 71.4 61.7 51.5 50.0 0.0 28.6 0.0 21.5 93.91
555 Drew Peterson 1 1 0 3 160.0 123.0 37.0 50.0 0.0 0.0 0.0 0.0 20.0 92.99
555 Henri Drell 1 0 1 3 180.0 102.0 78.0 50.0 50.0 0.0 33.3 0.0 33.3 90.56
555 Javonte Smart 1 1 0 1 0.0 300.0 -300.0 0.0 0.0 0.0 0.0 0.0 0.0 72.00