VS PLAYER TEAM GP W L MIN OPP
FGM OPP
FGA OPP
FG% OPP
3PM OPP
3PA OPP
3P% OPP
FTM OPP
FTA OPP
FT% OPP
OREB OPP
DREB OPP
REB OPP
AST OPP
TOV OPP
STL OPP
BLK OPP
BLKA OPP
PF OPP
PFD OPP
PTS +/-



















1 Braun, Christian DEN 75 52 23 48.8 40.0 89.9 44.5 11.8 32.2 36.7 19.4 25.0 77.6 12.4 32.6 45.0 24.6 12.5 6.8 6.3 6.5 18.3 20.8 111.2 2.0
1 Bridges, Mikal BKN 75 29 46 48.7 42.2 88.8 47.5 12.6 33.6 37.7 17.2 21.5 80.2 10.2 35.3 45.5 25.6 12.7 6.8 4.8 5.4 18.3 18.6 114.3 2.9
1 Drummond, Andre CHI 75 36 39 49.0 41.0 86.8 47.2 15.1 40.3 37.4 16.8 21.0 80.1 10.3 29.5 39.8 27.3 14.1 7.2 5.8 5.5 22.7 19.1 113.8 -0.7
1 Jackson, Reggie DEN 75 52 23 48.2 40.2 87.5 45.9 11.8 31.5 37.3 18.2 23.9 76.2 11.0 31.8 42.8 25.7 11.9 7.1 4.8 5.3 18.2 20.0 110.4 -2.3
1 Niang, Georges CLE 75 45 30 48.8 41.4 88.5 46.8 12.8 35.1 36.6 17.6 22.9 76.9 10.4 32.8 43.2 25.4 12.4 7.5 4.7 4.6 18.5 19.3 113.3 -1.4
1 Reaves, Austin LAL 75 42 33 47.0 43.5 91.2 47.7 14.1 37.2 38.0 14.1 17.5 80.2 10.3 32.4 42.7 28.0 12.3 7.9 4.6 5.4 20.2 15.0 115.3 0.4
1 Reed, Paul PHI 75 40 35 49.6 42.1 86.6 48.6 12.3 33.9 36.2 18.6 23.9 77.7 10.9 33.4 44.3 27.1 15.9 6.4 6.9 6.2 17.6 21.6 115.0 -1.1
1 Sexton, Collin UTA 75 29 46 47.1 43.7 88.8 49.2 14.8 36.1 41.0 17.5 22.6 77.5 10.6 29.7 40.3 29.4 12.3 7.7 6.9 5.2 19.3 18.6 119.7 2.3
1 Toppin, Obi IND 75 42 33 45.7 43.7 86.1 50.8 9.8 27.3 35.9 20.1 25.2 79.9 10.0 30.2 40.2 23.4 13.5 6.7 5.1 5.7 18.2 21.3 117.3 -2.1
10 Alexander-Walker, Nickeil MIN 74 51 23 48.0 38.1 85.5 44.6 11.5 32.4 35.7 18.1 23.3 77.7 10.2 31.5 41.7 23.8 14.9 7.5 4.1 6.2 18.8 19.6 105.8 -7.2
10 Barnes, Harrison SAC 74 43 31 47.6 42.9 86.4 49.6 13.4 33.5 40.1 17.4 21.7 80.0 8.5 34.6 43.0 28.3 13.2 7.2 4.5 3.3 17.7 18.8 116.5 2.3
10 Green, Jalen HOU 74 38 36 47.7 41.0 87.9 46.7 12.7 35.6 35.5 17.8 23.6 75.5 10.6 34.0 44.5 25.1 12.7 6.9 6.0 4.1 19.6 19.6 112.6 -1.5
10 Holmgren, Chet OKC 74 52 22 46.8 39.7 88.7 44.8 13.3 36.8 36.2 17.5 22.0 79.5 12.2 31.4 43.7 26.0 14.4 6.5 5.3 7.2 18.7 18.1 110.3 -8.3
10 Porter Jr., Michael DEN 74 52 22 48.9 41.6 88.1 47.3 11.3 31.4 36.1 16.7 21.2 78.4 10.0 31.2 41.2 26.9 12.2 7.2 4.8 4.8 18.8 17.0 111.3 -8.8
10 Portis, Bobby MIL 74 47 27 47.6 43.1 89.4 48.2 12.4 34.4 35.9 17.7 21.9 80.7 10.1 32.6 42.6 27.0 12.2 6.2 4.1 4.4 18.4 20.4 116.3 -0.1
10 Pritchard, Payton BOS 74 58 16 49.8 42.4 91.3 46.4 12.3 35.2 35.1 13.8 18.0 76.7 10.9 31.6 42.5 25.1 11.9 5.7 4.0 6.2 17.8 17.0 110.8 -10.9
10 Sabonis, Domantas SAC 74 43 31 48.0 42.2 86.0 49.1 13.3 33.1 40.3 17.9 22.0 81.2 8.4 33.0 41.5 28.2 13.5 7.5 4.7 3.6 18.2 19.2 115.7 -1.0
10 Sochan, Jeremy SAS 74 18 56 47.2 44.3 90.1 49.2 11.9 32.8 36.3 14.9 18.8 79.2 9.9 33.4 43.3 28.0 12.7 8.7 4.5 6.3 16.6 16.4 115.5 7.4
10 Valanciunas, Jonas NOP 74 45 29 48.6 41.7 89.7 46.4 14.7 39.9 36.8 14.8 19.4 76.6 9.7 31.5 41.2 28.6 12.4 6.5 5.2 5.5 18.6 18.7 112.9 -4.8
10 Wallace, Cason OKC 74 52 22 47.5 40.2 87.2 46.2 12.5 34.4 36.3 18.3 23.0 79.5 12.4 32.1 44.5 26.4 16.4 7.4 4.9 6.6 17.6 19.4 111.2 -3.4
21 Anthony, Cole ORL 73 43 30 49.1 40.0 85.1 47.0 11.5 33.8 34.0 17.6 23.1 76.2 9.9 30.4 40.3 23.8 15.0 7.8 4.9 5.7 21.7 21.4 109.1 -3.2
21 DeRozan, DeMar CHI 73 35 38 49.0 41.4 87.5 47.3 14.8 40.2 36.8 17.0 21.8 78.0 10.0 33.8 43.8 28.1 13.6 6.4 4.8 4.9 19.6 18.6 114.5 1.1
21 DiVincenzo, Donte NYK 73 44 29 49.3 42.2 87.8 48.1 13.7 35.5 38.5 15.8 20.5 77.1 10.1 31.1 41.1 27.8 13.7 6.7 4.9 4.5 19.3 18.2 113.9 -3.3
21 Dosunmu, Ayo CHI 73 36 37 48.9 41.7 88.8 46.9 14.4 39.7 36.2 17.4 22.4 77.7 10.9 33.9 44.8 28.2 13.5 6.8 5.4 5.1 17.9 19.3 115.1 3.4
21 Giddey, Josh OKC 73 52 21 46.9 40.8 88.5 46.1 13.0 35.9 36.3 16.6 21.3 77.9 12.1 31.8 43.9 27.7 14.4 7.0 5.2 7.1 18.0 18.0 111.3 -8.4
21 Hart, Josh NYK 73 43 30 50.0 41.1 88.4 46.5 13.1 35.6 36.8 14.9 19.8 75.3 10.2 31.0 41.2 25.8 13.8 6.8 5.6 4.4 19.9 17.8 110.2 -6.2
21 Kispert, Corey WAS 73 14 59 46.1 44.1 89.2 49.5 12.1 33.7 36.0 17.6 22.5 78.1 11.3 35.0 46.3 27.2 12.5 8.0 6.4 4.1 17.8 19.1 118.0 10.0
21 Poole, Jordan WAS 73 14 59 45.8 44.6 89.2 50.0 11.9 32.3 36.8 18.4 23.3 78.8 11.4 35.6 46.9 28.2 13.0 7.4 5.3 4.9 16.7 19.4 119.4 10.8
21 Reid, Naz MIN 73 51 22 47.9 37.7 86.2 43.8 11.1 32.5 34.3 17.6 22.6 77.7 10.6 31.8 42.4 23.7 14.8 7.0 4.8 6.8 18.8 19.0 104.1 -7.4
21 Watson, Peyton DEN 73 51 22 48.9 40.1 91.2 44.0 11.1 32.0 34.6 20.7 26.7 77.5 13.2 32.7 45.9 24.2 11.9 7.2 5.7 7.1 17.4 21.6 112.0 2.7
31 Banchero, Paolo ORL 72 42 30 48.8 41.0 85.2 48.1 11.6 31.6 36.6 17.9 23.1 77.7 9.1 32.3 41.4 24.7 15.3 8.4 4.8 5.3 21.3 19.8 111.5 -0.3
31 Dort, Luguentz OKC 72 50 22 47.1 40.3 87.9 45.9 13.6 37.3 36.4 18.2 23.4 78.0 11.6 32.0 43.6 26.9 15.1 6.6 4.8 6.6 19.0 19.2 112.4 -7.3
31 Jokic, Nikola DEN 72 50 22 48.9 41.9 88.9 47.1 11.1 31.8 34.8 15.6 19.9 78.7 9.7 30.8 40.6 27.1 12.6 7.3 4.4 4.6 18.6 16.2 110.5 -11.8
31 Monk, Malik SAC 72 42 30 47.1 40.7 84.1 48.3 12.8 32.3 39.7 20.7 25.8 80.3 9.2 31.7 41.0 25.8 13.3 7.6 4.8 4.3 19.9 20.8 114.9 -0.3
31 Wagner, Moritz ORL 72 42 30 48.5 40.7 84.6 48.1 11.9 34.3 34.6 17.6 23.1 76.1 9.3 29.0 38.3 25.0 14.9 7.7 4.9 4.9 21.6 21.1 110.8 -3.3
31 White, Coby CHI 72 34 38 49.3 41.9 88.8 47.1 14.8 40.8 36.4 17.0 21.7 78.3 10.3 33.6 43.9 29.0 13.2 6.7 5.0 4.6 19.0 18.7 115.5 0.7
37 Anderson, Kyle MIN 71 50 21 48.1 37.8 85.3 44.3 11.3 33.1 34.3 18.5 22.9 80.6 9.9 31.6 41.5 23.6 14.8 7.2 4.6 6.5 20.7 19.1 105.4 -4.9
37 Beasley, Malik MIL 71 44 27 46.7 42.1 91.7 45.9 11.8 33.8 35.0 15.6 19.7 79.2 10.3 33.5 43.8 26.1 11.2 6.6 4.1 5.4 18.8 17.3 111.6 -7.7
37 Bogdanovic, Bogdan ATL 71 33 38 47.2 42.0 86.5 48.5 13.7 36.4 37.7 16.2 20.8 77.8 9.9 32.4 42.3 26.8 13.8 7.0 5.4 4.2 18.5 17.2 113.9 -3.8
37 Edwards, Anthony MIN 71 49 22 48.8 39.2 88.0 44.6 11.3 32.7 34.4 17.7 22.5 78.8 10.4 30.7 41.1 24.6 13.8 7.7 4.5 6.3 19.4 18.9 107.4 -8.7
37 Gilgeous-Alexander, Shai OKC 71 51 20 47.0 39.3 86.7 45.3 13.0 36.3 35.9 18.9 23.9 79.0 11.5 32.4 43.9 26.1 15.4 6.1 4.9 6.6 19.1 19.2 110.5 -10.3
37 Hardaway Jr., Tim DAL 71 44 27 46.9 42.9 89.3 48.1 13.0 35.7 36.6 16.6 21.9 75.5 11.7 33.5 45.2 27.3 13.2 6.8 3.8 4.2 21.5 18.3 115.5 -1.3
37 Hauser, Sam BOS 71 56 15 48.8 41.1 91.8 44.7 11.7 35.3 33.1 14.5 18.7 77.7 11.4 32.3 43.7 24.8 11.3 6.1 4.1 6.7 16.9 17.1 108.3 -12.7
37 Holiday, Aaron HOU 71 37 34 46.9 38.0 83.7 45.4 11.2 33.3 33.8 19.7 26.3 74.8 10.1 33.0 43.1 22.5 14.1 6.9 5.7 4.6 19.6 21.3 106.9 -3.4
37 Lopez, Brook MIL 71 46 25 46.7 42.1 91.8 45.9 11.7 33.4 35.1 15.2 18.9 80.4 10.2 33.4 43.6 25.8 10.7 6.9 4.2 5.4 19.6 16.9 111.2 -7.0
37 Murray, Dejounte ATL 71 32 39 47.3 44.3 88.7 50.0 13.6 34.9 39.0 17.2 21.5 79.8 10.7 32.6 43.3 28.0 13.5 7.7 5.9 4.5 18.9 18.4 119.5 2.1
37 Osman, Cedi SAS 71 17 54 45.9 43.6 86.7 50.3 13.3 33.5 39.6 18.4 23.7 77.5 10.3 34.5 44.8 26.7 13.0 8.2 4.4 5.5 17.9 18.8 119.0 13.0
37 Prince, Taurean LAL 71 39 32 46.9 44.3 91.4 48.5 14.2 36.8 38.7 14.2 17.8 79.5 10.8 33.5 44.3 28.6 12.3 7.0 5.1 5.3 19.1 15.5 117.0 3.3
37 Turner, Myles IND 71 40 31 46.9 43.9 88.8 49.5 10.4 28.1 36.9 17.5 22.7 77.1 10.0 33.3 43.3 24.7 12.2 5.8 5.1 6.0 17.5 19.1 115.8 -4.3
50 Allen, Jarrett CLE 70 43 27 48.9 41.5 89.2 46.5 12.2 33.9 36.1 16.1 20.2 79.7 10.2 32.4 42.6 25.5 13.6 7.9 5.2 4.6 19.2 16.8 111.3 -3.9
50 Branham, Malaki SAS 70 16 54 46.3 44.8 89.3 50.2 12.8 32.8 39.1 15.8 19.8 79.7 10.3 34.0 44.3 27.8 13.1 9.3 4.7 5.7 17.0 16.3 118.2 11.6
50 Camara, Toumani POR 70 19 51 48.5 41.2 86.5 47.6 11.4 33.2 34.4 18.3 23.0 79.5 10.7 32.7 43.4 26.4 15.4 9.3 6.7 4.2 18.1 20.4 112.1 5.3
50 Davis, Anthony LAL 70 40 30 47.1 43.3 91.6 47.3 14.2 36.7 38.7 13.8 17.1 80.5 10.2 32.6 42.8 27.9 12.7 7.8 4.7 5.8 19.5 14.6 114.6 -1.5
50 Green, Jeff HOU 70 36 34 47.7 40.2 86.9 46.2 11.5 34.5 33.3 20.0 26.0 76.8 11.1 33.5 44.6 23.0 13.6 6.7 5.5 5.6 20.9 21.3 111.8 2.3
50 Joe, Isaiah OKC 70 49 21 46.0 36.8 81.4 45.2 12.7 35.2 36.1 19.5 24.7 78.9 11.2 31.6 42.9 24.1 16.2 6.3 4.5 5.4 21.0 19.6 105.8 -11.3
50 Jones, Tre SAS 70 17 53 46.7 42.6 88.8 48.0 12.1 32.6 36.9 15.1 19.1 78.7 10.7 32.1 42.8 26.7 13.4 8.4 4.2 6.4 18.4 16.2 112.4 1.5
50 Kuminga, Jonathan GSW 70 36 34 47.0 41.0 88.7 46.2 12.2 35.4 34.3 17.6 22.4 78.6 10.8 32.0 42.8 26.2 13.2 7.5 5.1 4.3 17.7 19.2 111.7 -3.3
50 Powell, Norman LAC 70 44 26 47.9 41.5 88.6 46.9 12.8 35.0 36.5 18.4 23.7 77.5 11.1 31.9 43.0 25.8 13.1 6.7 5.0 5.8 20.7 20.4 114.2 -4.1
50 Thompson, Klay GSW 70 36 34 47.0 42.9 89.4 47.9 13.2 36.1 36.6 17.3 21.6 80.4 10.8 32.1 42.9 27.2 12.0 7.4 4.8 4.0 17.3 18.8 116.2 1.0
50 Vucevic, Nikola CHI 70 34 36 49.3 41.9 88.6 47.3 15.0 40.6 36.8 16.9 21.9 77.3 10.1 35.4 45.5 28.7 13.4 6.7 4.8 4.6 17.4 18.7 115.7 3.3
50 Wiggins, Aaron OKC 70 50 20 48.2 41.7 91.2 45.7 13.8 37.9 36.3 16.1 21.2 75.9 12.8 31.4 44.2 27.1 15.3 7.1 5.3 6.8 18.5 17.6 113.2 -2.8
62 Antetokounmpo, Giannis MIL 69 44 25 47.0 42.1 90.3 46.6 12.7 35.3 36.0 16.6 20.4 81.3 9.8 32.4 42.2 25.4 11.4 6.3 4.1 4.9 20.5 18.9 113.5 -6.2
62 Brunson, Jalen NYK 69 43 26 49.4 41.7 87.8 47.5 13.0 34.5 37.6 15.6 20.7 75.3 10.2 30.6 40.8 26.8 13.4 6.7 4.9 4.1 21.2 18.1 112.0 -9.1
62 Caldwell-Pope, Kentavious DEN 69 49 20 49.0 41.9 89.4 46.9 10.9 31.2 35.1 16.3 20.3 80.4 10.5 30.7 41.2 26.8 13.1 7.3 4.3 5.0 19.1 16.6 111.0 -11.3
62 Conley, Mike MIN 69 49 20 49.2 39.9 88.9 44.8 11.5 31.8 36.2 15.7 20.1 78.0 11.0 30.8 41.9 24.7 13.8 8.0 4.7 6.0 21.2 18.5 106.9 -7.1
62 Ivey, Jaden DET 69 13 56 47.1 43.1 87.9 49.1 12.1 32.1 37.8 19.7 24.2 81.6 8.8 31.7 40.5 26.8 10.9 8.4 6.1 4.7 18.1 21.3 118.1 7.2
62 Jones Jr., Derrick DAL 69 42 27 47.1 42.1 89.7 46.9 12.5 35.3 35.5 16.7 21.2 78.9 11.3 33.3 44.7 27.8 13.2 7.6 3.7 5.2 19.1 18.1 113.4 -1.1
62 Kuzma, Kyle WAS 69 13 56 46.4 46.0 91.5 50.2 11.8 32.2 36.7 17.5 22.4 78.0 12.4 35.8 48.2 28.9 13.2 7.1 5.3 5.3 16.1 18.7 121.2 11.5
62 Murray, Keegan SAC 69 40 29 47.9 41.9 85.7 48.9 13.2 32.8 40.3 17.1 21.4 80.3 8.2 32.5 40.7 27.6 13.9 7.4 4.8 3.9 17.6 19.1 114.1 -2.5
62 Nurkic, Jusuf PHX 69 42 27 48.0 42.4 90.6 46.8 12.7 34.9 36.5 14.7 18.9 77.5 9.5 29.6 39.1 26.8 11.7 8.2 4.6 5.2 19.4 17.4 112.1 -8.4
62 Russell, D'Angelo LAL 69 41 28 46.5 43.2 91.3 47.3 13.0 35.2 36.8 13.8 17.0 81.2 10.8 32.5 43.3 27.4 12.5 7.5 4.7 5.6 18.3 15.1 113.2 -2.5
62 Tatum, Jayson BOS 69 54 15 48.6 42.0 92.5 45.4 13.1 36.9 35.6 13.2 17.3 76.4 11.1 32.6 43.7 24.7 11.9 6.2 3.3 6.4 18.0 16.0 110.4 -11.9
73 Allen, Grayson PHX 68 40 28 48.0 43.4 91.8 47.3 13.0 35.8 36.3 15.5 20.0 77.2 11.0 30.0 41.1 27.2 11.7 7.8 4.6 5.7 19.8 17.9 115.3 -4.1
73 Avdija, Deni WAS 68 13 55 45.8 44.0 89.1 49.3 11.6 32.2 36.1 17.4 22.1 78.5 11.3 34.3 45.5 27.6 13.1 7.8 5.6 4.5 17.3 18.8 116.9 7.8
73 Collins, John UTA 68 27 41 47.4 45.1 89.5 50.4 14.5 35.4 41.1 17.2 22.1 77.6 10.2 31.3 41.4 30.0 11.7 8.0 6.7 5.0 19.2 19.0 121.9 7.7
73 Connaughton, Pat MIL 68 43 25 47.1 43.1 88.8 48.6 13.5 36.3 37.0 16.0 20.3 78.9 9.7 33.1 42.8 26.5 12.1 6.5 4.0 4.3 20.3 19.0 115.7 -0.1
73 Curry, Stephen GSW 68 39 29 46.9 42.0 88.9 47.3 12.7 36.1 35.2 17.7 22.1 80.4 10.8 31.2 42.0 26.3 12.2 7.9 4.5 4.0 18.0 18.8 114.5 -3.3
73 Eubanks, Drew PHX 68 37 31 48.2 41.2 90.1 45.7 13.9 37.8 36.9 16.6 21.8 76.2 12.4 30.4 42.7 25.5 12.9 8.3 4.4 6.9 20.1 17.8 113.0 4.1
73 George, Keyonte UTA 68 25 43 47.3 44.3 90.4 49.0 14.5 36.6 39.6 15.3 20.0 76.5 10.6 31.6 42.2 29.9 11.4 8.8 6.1 5.9 19.8 17.3 118.4 8.7
73 George, Paul LAC 68 44 24 49.3 41.7 89.6 46.6 13.5 36.1 37.3 15.7 20.0 78.7 10.8 30.8 41.6 27.0 14.0 7.2 4.5 5.4 20.2 18.3 112.6 -9.1
73 Gobert, Rudy MIN 68 48 20 49.6 39.4 89.6 43.9 12.0 33.6 35.8 15.7 19.9 78.8 10.7 29.5 40.2 25.1 13.6 8.1 4.8 6.1 20.9 18.5 106.4 -8.8
73 Gordon, Aaron DEN 68 46 22 48.9 42.3 88.5 47.8 11.1 31.1 35.7 15.3 19.7 77.6 10.0 31.2 41.2 27.1 12.9 7.2 4.4 4.9 18.8 16.2 111.0 -8.6
73 Hartenstein, Isaiah NYK 68 42 26 48.8 40.6 87.2 46.5 12.6 34.7 36.2 16.1 20.7 77.9 9.7 30.3 40.0 26.5 13.5 6.5 5.1 4.5 19.4 18.7 109.8 -10.1
73 Johnson, Keldon SAS 68 17 51 46.4 43.2 88.1 49.1 12.3 32.9 37.5 17.5 22.6 77.2 10.2 34.1 44.3 26.1 12.7 7.9 4.6 5.4 17.6 18.3 116.3 7.8
73 Jones, Herbert NOP 68 42 26 48.7 40.5 88.4 45.9 13.7 39.6 34.6 16.5 21.3 77.5 9.6 32.4 42.0 26.9 13.8 6.1 4.9 5.5 18.3 19.4 111.3 -5.0
73 Leonard, Kawhi LAC 68 44 24 49.1 41.1 89.6 45.9 12.8 35.6 36.0 15.9 20.6 77.6 11.1 31.2 42.3 26.1 13.9 7.2 4.4 5.1 19.1 17.7 111.1 -8.3
73 Lillard, Damian MIL 68 46 22 46.8 42.4 91.3 46.4 11.6 33.7 34.5 15.9 19.8 80.4 10.0 33.2 43.2 26.2 11.5 6.6 4.2 5.0 19.9 17.9 112.3 -7.6
73 Smith Jr., Jabari HOU 68 36 32 48.0 41.0 88.1 46.6 12.7 35.6 35.7 18.0 23.9 75.3 11.2 34.5 45.7 24.9 12.8 6.7 6.0 4.2 19.3 20.3 112.8 0.7
73 Vassell, Devin SAS 68 17 51 46.9 43.9 89.8 48.9 11.4 31.9 35.8 15.4 19.5 79.0 10.6 33.7 44.3 27.1 12.8 8.6 4.4 6.1 17.2 16.4 114.6 6.1
73 White, Derrick BOS 68 55 13 48.1 41.6 92.2 45.1 13.0 36.8 35.3 13.0 17.1 76.1 10.8 32.8 43.7 24.5 12.2 6.2 3.6 6.8 18.2 15.9 109.3 -13.6
91 Carter, Jevon CHI 67 33 34 48.4 38.7 84.2 46.0 13.9 38.1 36.4 17.2 22.2 77.9 10.7 33.4 44.0 26.3 16.7 6.8 5.7 5.1 18.7 18.9 108.5 -0.6
91 Champagnie, Julian SAS 67 15 52 46.6 44.3 88.4 50.1 12.6 31.9 39.4 13.4 17.1 78.8 9.5 32.4 41.9 28.4 14.1 9.0 4.3 7.2 17.3 15.2 114.5 4.3
91 Durant, Kevin PHX 67 38 29 47.8 43.0 91.4 47.0 13.0 35.9 36.3 15.0 19.7 76.4 10.9 29.4 40.3 26.7 12.1 8.6 4.6 5.7 19.6 17.2 114.0 -4.6
91 Harden, James LAC 67 43 24 49.6 42.9 90.9 47.2 13.7 36.4 37.7 15.5 19.8 78.3 11.4 30.9 42.2 27.5 13.2 7.0 4.3 5.4 20.0 18.1 115.0 -6.2
91 Jaquez Jr., Jaime MIA 67 39 28 48.9 41.3 88.3 46.7 13.5 38.1 35.4 15.8 20.4 77.1 9.4 33.8 43.2 27.0 13.5 6.7 5.2 3.5 20.0 18.2 111.8 -0.5
91 Looney, Kevon GSW 67 38 29 48.0 42.3 89.5 47.3 13.8 38.1 36.3 17.0 21.4 79.5 10.0 30.8 40.8 27.0 11.2 7.8 4.2 3.6 18.8 19.4 115.5 1.0
91 Mann, Terance LAC 67 43 24 49.4 43.7 91.3 47.9 13.8 36.5 37.7 15.1 19.3 77.9 10.9 29.8 40.8 27.7 12.0 7.0 4.0 4.6 18.2 17.8 116.2 -1.3
91 Miller, Brandon CHA 67 16 51 48.9 44.2 88.7 49.8 12.9 35.4 36.4 17.5 21.4 81.5 10.6 35.2 45.8 28.9 13.7 6.9 5.0 4.6 17.8 18.5 118.8 10.2
91 Suggs, Jalen ORL 67 39 28 48.0 40.3 83.8 48.0 11.6 31.1 37.3 18.2 23.3 78.2 8.0 31.7 39.7 24.5 15.5 8.9 4.5 5.0 20.8 19.8 110.4 -1.6
91 VanVleet, Fred HOU 67 37 30 48.1 40.0 87.3 45.9 12.0 35.1 34.2 18.4 24.3 75.6 10.5 34.0 44.6 23.7 13.7 6.9 5.5 4.5 19.9 20.5 110.4 -3.7
91 Williams, Jalen OKC 67 47 20 46.9 40.1 88.2 45.4 13.0 36.4 35.7 17.3 22.0 78.4 12.1 32.1 44.3 26.6 15.2 6.6 5.1 6.9 18.1 18.6 110.4 -7.3
102 Brown, Jaylen BOS 66 50 16 48.0 42.4 92.7 45.8 13.6 37.8 36.1 13.0 17.3 75.1 11.0 32.7 43.8 25.3 12.0 6.8 3.4 6.8 18.4 16.3 111.5 -9.6
102 Capela, Clint ATL 66 31 35 47.2 43.8 89.3 49.0 13.1 34.0 38.5 16.2 20.4 79.8 10.8 33.0 43.8 27.3 13.2 7.6 6.2 4.9 17.8 17.4 116.9 1.0
102 Caruso, Alex CHI 66 32 34 48.5 40.2 87.3 46.1 14.5 40.5 35.9 15.3 19.7 77.8 10.2 33.5 43.7 27.0 15.2 7.6 4.8 5.3 19.5 17.6 110.3 -0.6
102 Fox, De'Aaron SAC 66 39 27 47.0 41.2 85.3 48.3 13.4 33.5 39.8 17.6 22.1 79.7 8.9 32.7 41.6 26.5 13.7 7.2 4.8 4.1 18.8 19.3 113.3 -3.9
102 Harris, Tobias PHI 66 37 29 48.6 41.4 87.9 47.1 12.0 33.8 35.5 18.6 23.0 80.9 10.6 33.7 44.4 26.5 13.7 5.7 6.4 6.5 18.3 19.9 113.3 -3.8
102 Jones, Tyus WAS 66 11 55 46.0 46.5 90.7 51.3 11.9 31.3 38.1 17.5 22.4 77.9 12.1 35.8 48.0 29.9 13.2 7.2 5.1 5.4 15.9 18.4 122.4 11.8
102 Podziemski, Brandin GSW 66 35 31 47.7 40.6 88.3 46.0 12.7 36.2 35.0 17.5 22.2 78.5 11.0 30.6 41.5 25.7 12.9 6.9 5.1 4.4 17.8 18.6 111.4 -6.3
102 Trent Jr., Gary TOR 66 22 44 48.1 45.0 90.6 49.7 13.1 35.1 37.4 15.1 18.8 80.4 11.1 33.5 44.5 28.1 13.3 6.5 5.3 4.6 16.9 18.1 118.3 5.0
102 Wagner, Franz ORL 66 40 26 48.7 39.9 85.0 46.9 11.8 32.7 36.1 16.5 21.4 77.1 8.6 31.3 39.9 23.7 15.6 8.1 5.2 5.2 22.0 19.8 108.0 -3.9
102 Wembanyama, Victor SAS 66 16 50 46.3 42.5 88.4 48.1 12.4 33.4 37.2 13.6 17.3 78.5 9.8 32.5 42.3 27.3 13.4 9.2 4.0 7.7 18.8 14.9 111.0 3.4
112 Black, Anthony ORL 65 37 28 48.1 40.1 85.3 47.0 11.5 31.7 36.4 17.6 22.6 78.0 9.2 31.1 40.3 24.1 14.8 9.0 5.0 6.4 20.2 19.8 109.3 1.1
112 Brooks, Dillon HOU 65 34 31 48.1 41.1 88.9 46.2 12.9 36.2 35.5 18.0 23.8 75.6 11.0 33.5 44.5 24.6 13.6 7.5 5.9 4.3 18.9 20.6 113.1 -0.5
112 Claxton, Nic BKN 65 24 41 48.9 42.6 89.8 47.5 13.5 34.3 39.3 16.5 20.4 80.9 10.4 36.3 46.6 26.0 12.9 6.7 4.6 5.7 17.9 18.3 115.2 7.1
112 Doncic, Luka DAL 65 42 23 47.4 42.7 89.3 47.8 13.2 35.6 37.2 16.1 20.5 78.5 10.7 33.2 43.9 27.6 13.7 7.2 3.6 5.0 20.3 17.6 114.7 -4.7
112 Finney-Smith, Dorian BKN 65 26 39 49.0 42.1 89.5 47.0 12.6 34.4 36.5 16.6 20.3 81.9 10.1 35.8 45.9 25.2 13.1 6.4 4.6 5.0 17.7 17.9 113.4 2.4
112 Hardy, Jaden DAL 65 39 26 46.3 41.6 85.8 48.4 12.4 33.5 36.9 18.5 23.8 77.5 11.2 33.3 44.5 25.4 14.3 7.6 4.3 4.2 19.8 19.5 114.0 3.9
112 James, LeBron LAL 65 36 29 47.2 43.3 92.1 47.1 13.8 37.3 37.1 13.2 16.5 79.9 11.0 31.5 42.5 27.8 12.7 8.1 4.4 5.5 19.9 14.6 113.7 -3.7
112 Maxey, Tyrese PHI 65 38 27 48.7 41.6 87.9 47.4 12.0 33.1 36.1 18.6 23.6 78.9 11.3 33.1 44.4 26.8 13.8 5.7 5.9 6.4 18.3 20.7 113.8 -4.6
112 Nesmith, Aaron IND 65 36 29 46.9 42.7 87.9 48.6 11.0 30.1 36.6 19.2 24.3 78.8 10.9 32.0 42.9 24.0 13.6 6.4 5.7 5.9 17.8 20.5 115.6 -3.0
112 Okoro, Isaac CLE 65 39 26 49.3 41.7 89.8 46.4 12.1 34.2 35.5 16.6 21.5 77.1 10.3 33.9 44.2 25.6 13.6 7.4 5.1 5.0 18.9 18.2 112.1 -0.6
112 Thybulle, Matisse POR 65 18 47 48.3 42.7 86.5 49.3 11.8 32.4 36.3 18.2 23.3 78.1 11.0 33.0 44.0 27.5 15.9 8.7 6.5 4.9 18.3 20.5 115.3 7.5
112 Walker, Jabari POR 65 16 49 48.7 43.2 86.4 49.9 11.7 33.0 35.5 19.9 25.2 79.0 10.8 31.8 42.6 26.8 13.9 8.6 6.6 4.7 18.4 21.4 117.9 9.8
112 Wiggins, Andrew GSW 65 33 32 47.5 42.8 90.7 47.2 13.4 37.0 36.3 17.8 22.2 80.0 11.5 31.9 43.4 26.7 12.3 7.9 4.7 4.1 17.8 19.6 116.9 1.8
125 Dunn, Kris UTA 64 25 39 46.9 42.7 88.3 48.4 14.1 36.3 38.8 17.7 22.5 78.6 10.4 29.7 40.0 29.0 12.8 8.1 6.1 4.9 17.0 19.7 117.2 -0.6
125 Huerter, Kevin SAC 64 37 27 47.5 42.5 86.3 49.3 12.5 32.2 38.9 17.7 21.3 83.0 8.4 33.6 42.0 28.4 13.5 6.7 3.9 3.8 17.3 19.3 115.2 -2.3
125 Jackson Jr., Jaren MEM 64 20 44 48.0 41.7 87.3 47.8 14.0 35.5 39.5 16.7 21.0 79.7 10.3 36.5 46.8 26.8 15.1 7.5 6.9 6.4 19.9 19.3 114.2 8.1
125 McConnell, T.J. IND 64 35 29 46.2 42.2 83.5 50.6 10.3 28.4 36.2 21.0 26.9 78.2 9.9 29.7 39.7 24.3 14.7 6.1 5.2 4.9 18.3 22.2 115.7 -1.5
125 McDaniels, Jaden MIN 64 43 21 49.5 40.2 88.7 45.3 11.8 32.8 36.1 17.7 22.4 79.1 10.8 31.2 42.0 25.0 13.8 7.7 4.8 5.4 20.2 19.5 109.9 -4.4
125 Mitchell, Davion SAC 64 38 26 47.6 40.7 84.1 48.4 12.5 32.3 38.8 18.9 23.4 80.7 8.8 32.7 41.5 27.2 12.9 7.0 3.1 3.6 17.1 20.0 112.8 5.6
125 Richards, Nick CHA 64 13 51 49.3 45.1 90.1 50.0 13.9 36.4 38.1 14.7 18.6 78.9 11.0 34.3 45.3 30.9 13.8 7.9 5.4 4.8 18.0 17.8 118.7 12.4
125 Robinson, Duncan MIA 64 36 28 48.9 40.6 86.8 46.8 13.3 36.8 36.1 15.7 20.5 76.5 9.4 33.8 43.2 26.6 13.6 6.3 4.8 3.8 19.3 18.8 110.2 -1.6
125 Sasser, Marcus DET 64 10 54 47.0 41.7 85.4 48.9 12.1 32.4 37.5 20.9 26.7 78.4 9.8 33.3 43.1 25.5 12.5 8.5 5.7 4.3 18.6 20.6 116.5 8.0
125 Tate, Jae'Sean HOU 64 32 32 47.6 38.0 84.5 45.0 11.3 34.9 32.4 19.3 25.7 75.2 9.4 34.5 43.8 22.2 15.2 7.4 5.6 4.3 19.4 21.4 106.7 -3.5
135 Adebayo, Bam MIA 63 35 28 49.1 40.7 87.7 46.4 13.1 37.4 35.1 14.4 18.3 78.8 9.6 35.6 45.2 26.1 14.6 6.1 4.6 3.7 19.0 16.9 109.0 -0.7
135 Bey, Saddiq ATL 63 28 35 47.0 44.2 89.1 49.7 13.4 34.5 38.8 17.2 21.6 79.7 10.8 31.1 42.0 27.9 12.9 7.8 5.8 4.4 19.6 18.2 119.1 0.4
135 Bridges, Miles CHA 63 15 48 48.7 44.3 88.8 49.9 14.0 36.9 37.9 16.9 20.6 82.0 10.3 36.1 46.3 29.6 13.4 6.9 5.2 4.1 16.6 17.5 119.6 12.2
135 Coulibaly, Bilal WAS 63 11 52 46.5 45.0 89.0 50.5 11.1 31.1 35.7 17.7 22.9 77.2 11.8 35.5 47.4 27.7 14.3 8.0 5.4 5.1 17.9 19.4 118.8 11.4
135 Hawkins, Jordan NOP 63 37 26 47.3 41.4 87.4 47.3 13.5 38.1 35.3 16.4 21.2 77.7 11.1 33.9 45.1 27.1 13.5 6.1 5.6 3.9 18.5 18.3 112.7 -0.9
135 Hayes, Jaxson LAL 63 36 27 47.0 43.5 93.1 46.7 13.6 39.0 34.8 14.1 18.3 76.7 12.9 31.4 44.3 28.0 12.1 7.8 4.5 3.8 17.6 17.1 114.6 5.1
135 Holiday, Jrue BOS 63 49 14 48.6 42.2 93.3 45.2 13.8 38.1 36.2 13.2 17.3 76.2 11.4 32.9 44.3 25.2 11.8 6.4 3.6 6.4 17.7 16.1 111.4 -9.8
135 Ingram, Brandon NOP 63 38 25 48.6 41.2 88.0 46.9 13.7 38.7 35.3 16.1 20.9 77.0 9.6 31.6 41.1 27.3 13.4 6.7 5.1 5.0 18.0 18.9 112.2 -4.7
135 Kessler, Walker UTA 63 26 37 47.7 43.4 91.7 47.3 15.3 38.4 39.9 13.7 18.6 73.6 11.5 30.3 41.8 29.3 11.8 9.1 5.9 6.8 19.1 16.8 115.8 4.5
135 Sengun, Alperen HOU 63 29 34 48.3 41.3 88.1 46.8 12.9 35.8 36.1 17.3 23.3 74.3 10.6 34.4 45.0 25.4 13.0 7.2 5.9 3.9 19.4 19.4 112.8 -1.2
135 Strus, Max CLE 63 40 23 48.1 40.0 88.3 45.3 12.6 33.8 37.3 16.3 20.6 79.3 10.5 32.6 43.1 25.0 14.5 7.8 5.5 4.8 19.2 17.5 108.9 -5.5
135 Thompson, Ausar DET 63 10 53 47.5 41.2 86.9 47.4 11.8 32.2 36.8 20.3 25.2 80.8 9.2 32.3 41.4 26.5 13.1 9.0 5.5 5.3 17.9 21.3 114.7 6.9
135 Williamson, Zion NOP 63 38 25 47.3 40.1 86.6 46.3 13.6 38.8 35.0 17.1 21.6 78.9 9.9 32.1 42.0 26.8 13.8 6.5 5.5 5.2 18.0 18.2 110.8 -3.3
148 Coffey, Amir LAC 62 42 20 47.7 44.4 89.5 49.6 13.6 34.7 39.3 16.2 20.8 77.8 10.9 30.4 41.3 27.7 12.1 7.7 5.3 5.4 18.7 18.2 118.6 2.3
148 Collins, Zach SAS 62 15 47 47.0 44.5 89.7 49.6 12.6 33.2 38.1 17.1 22.7 75.6 9.8 34.4 44.2 27.6 11.6 9.0 4.3 4.4 16.2 18.7 118.7 12.8
148 Haliburton, Tyrese IND 62 35 27 46.3 43.7 89.3 49.0 9.8 27.9 35.1 18.9 24.2 78.4 11.1 33.0 44.1 23.6 12.4 6.4 5.1 6.1 17.5 20.1 116.2 -5.4
148 LeVert, Caris CLE 62 35 27 48.2 40.3 87.0 46.3 12.2 33.5 36.4 18.2 23.3 78.3 10.0 32.9 43.0 24.7 13.6 7.7 4.7 5.0 19.2 18.9 111.0 -3.0
148 Marshall, Naji NOP 62 40 22 47.8 38.8 86.6 44.7 13.1 39.2 33.4 16.7 21.3 78.6 10.4 31.8 42.2 26.0 15.0 6.3 5.8 4.1 19.1 18.6 107.3 -8.4
148 Saric, Dario GSW 62 33 29 47.9 41.8 87.2 48.0 12.9 35.0 36.8 18.0 22.7 79.3 10.3 31.6 41.9 25.4 13.0 8.2 4.8 3.4 18.8 19.9 114.5 1.0
148 Westbrook, Russell LAC 62 41 21 47.1 42.0 88.5 47.4 12.8 35.3 36.2 18.1 23.5 77.2 10.4 31.3 41.8 26.3 13.2 7.2 5.1 4.8 19.5 20.7 114.9 -2.3
148 Zubac, Ivica LAC 62 38 24 49.6 42.2 91.0 46.4 14.0 36.9 37.9 14.3 17.8 80.0 10.7 31.1 41.8 27.7 13.0 8.0 4.2 5.0 18.8 16.3 112.6 -5.0
156 Christie, Max LAL 61 34 27 46.1 41.3 90.4 45.8 13.1 36.0 36.5 14.5 18.2 79.6 10.3 31.8 42.1 27.0 11.7 7.9 4.6 5.4 18.7 15.9 110.3 1.1
156 Cunningham, Cade DET 61 9 52 47.6 42.8 87.6 48.8 11.7 31.9 36.8 20.8 25.1 82.9 9.1 31.4 40.5 26.5 11.6 8.9 6.3 4.8 17.4 21.8 118.0 8.3
156 Gordon, Eric PHX 61 36 25 47.8 41.9 91.6 45.8 12.8 35.6 36.0 16.8 21.9 76.9 11.7 29.5 41.1 26.0 12.2 8.2 4.3 6.6 20.3 18.6 113.5 -2.8
156 Hachimura, Rui LAL 61 35 26 47.0 43.4 92.2 47.0 13.4 37.3 36.0 12.5 15.8 79.5 10.9 32.1 43.0 27.5 12.5 7.3 4.7 5.1 18.8 14.1 112.7 -3.3
156 McBride, Miles NYK 61 37 24 50.4 40.7 87.8 46.4 12.5 35.6 35.1 15.8 20.5 76.9 10.6 33.3 43.9 26.8 13.9 7.0 5.9 4.3 17.4 18.3 109.7 -0.1
156 Nembhard, Andrew IND 61 36 25 47.4 42.6 88.1 48.3 10.7 28.8 37.0 18.4 23.5 78.2 11.3 33.2 44.5 23.7 14.1 6.7 5.2 5.9 17.1 20.2 114.2 -1.0
156 Oubre Jr., Kelly PHI 61 33 28 48.6 41.8 87.2 47.9 13.0 34.8 37.2 19.6 25.0 78.3 11.2 34.8 46.0 27.4 14.6 5.9 6.8 6.1 18.0 21.6 116.1 1.9
156 Williams, Jaylin OKC 61 43 18 47.6 38.4 84.2 45.5 12.7 35.0 36.3 18.2 23.7 76.8 10.8 32.6 43.4 26.4 16.0 7.1 4.7 4.9 18.9 19.3 107.6 -7.3
156 Williams, Kenrich OKC 61 44 17 47.9 39.2 86.1 45.5 12.2 34.8 35.0 17.2 22.0 78.5 10.8 30.6 41.4 26.8 16.8 6.8 5.2 6.3 19.2 19.4 107.9 -9.8
165 Aldama, Santi MEM 60 22 38 48.7 42.0 88.6 47.4 13.7 35.6 38.6 16.7 21.3 78.5 11.3 36.1 47.4 27.5 14.1 7.5 6.3 6.5 18.8 18.7 114.5 8.5
165 Barnes, Scottie TOR 60 22 38 47.5 43.6 89.5 48.7 13.3 35.1 37.8 15.4 19.3 79.9 10.4 33.2 43.6 28.2 13.5 6.5 5.5 5.2 17.7 17.6 115.8 3.3
165 Booker, Devin PHX 60 37 23 47.9 42.1 90.7 46.4 13.5 37.2 36.4 16.5 21.3 77.7 10.9 30.0 40.9 26.3 11.6 7.6 3.9 5.7 20.0 18.1 114.3 -5.7
165 Horford, Al BOS 60 47 13 48.5 41.6 91.2 45.6 12.7 36.7 34.7 12.9 16.9 76.5 9.9 32.5 42.4 24.4 11.4 6.4 3.6 6.6 17.4 16.2 108.9 -11.6
165 Ingles, Joe ORL 60 38 22 48.2 40.0 83.7 47.8 11.1 32.5 34.2 18.0 23.0 78.3 9.6 28.9 38.4 23.5 15.1 8.2 4.3 5.0 21.5 20.8 109.1 -7.2
165 Jackson-Davis, Trayce GSW 60 33 27 47.7 41.4 89.2 46.4 13.2 35.9 36.7 17.0 22.3 76.2 11.4 31.3 42.6 27.1 12.7 7.3 5.2 5.8 16.3 18.3 113.0 -2.1
165 Reath, Duop POR 60 15 45 48.9 43.1 86.1 50.1 11.5 33.1 34.7 20.4 25.2 81.0 10.7 32.7 43.5 26.9 14.9 8.7 6.2 3.9 18.0 22.0 118.2 7.9
165 Towns, Karl-Anthony MIN 60 41 19 48.7 39.9 87.9 45.4 11.4 32.0 35.5 16.9 21.4 78.8 10.1 30.4 40.5 24.8 13.3 7.2 4.7 5.4 20.5 19.1 108.0 -8.5
173 Mathurin, Bennedict IND 59 33 26 46.2 43.9 87.4 50.2 10.3 28.4 36.2 19.6 25.2 77.9 11.4 31.3 42.7 23.5 14.0 6.4 6.1 5.0 18.9 21.4 117.8 2.8
173 Thomas, Cam BKN 59 20 39 48.0 42.5 87.9 48.3 13.2 34.3 38.6 17.8 21.3 83.2 9.9 35.0 44.9 26.3 12.8 6.3 4.7 5.0 18.3 18.6 116.0 4.2
175 Highsmith, Haywood MIA 58 34 24 49.1 41.1 87.8 46.8 14.0 38.0 36.9 14.9 19.6 76.3 9.5 34.4 43.9 28.3 14.4 7.2 4.4 3.8 18.8 17.2 111.1 0.4
175 Mathews, Garrison ATL 58 27 31 47.5 42.1 85.3 49.3 14.0 35.9 38.9 17.7 23.4 75.9 10.4 33.3 43.6 27.0 15.5 7.4 5.5 3.5 19.5 20.3 115.8 3.7
175 McCollum, CJ NOP 58 38 20 48.2 40.9 87.2 47.0 13.5 37.8 35.6 15.5 19.8 78.4 9.5 32.5 42.0 27.1 13.4 6.1 5.5 5.2 17.8 18.0 110.9 -5.0
175 Moody, Moses GSW 58 32 26 47.4 40.2 87.1 46.2 13.0 35.0 37.1 16.2 21.4 75.8 10.5 32.0 42.4 25.7 13.0 7.6 5.8 4.3 18.4 19.9 109.6 -3.7
175 Powell, Dwight DAL 58 36 22 46.8 40.8 85.5 47.8 12.6 34.3 36.9 19.9 25.5 77.9 11.3 32.3 43.6 26.1 14.5 7.4 3.8 2.8 22.2 19.3 114.2 -3.5
180 Bitadze, Goga ORL 57 32 25 49.3 40.8 87.2 46.8 11.7 31.6 37.2 17.0 22.5 75.6 10.1 32.2 42.3 23.9 14.1 8.3 5.1 7.0 21.3 20.7 110.5 -2.1
180 Merrill, Sam CLE 57 35 22 49.1 40.0 87.4 45.8 12.3 33.8 36.5 16.3 20.8 78.6 9.5 33.7 43.2 24.3 12.2 7.0 4.8 4.2 18.8 18.2 108.7 -2.4
180 Sharpe, Day'Ron BKN 57 23 34 48.6 39.2 87.9 44.7 11.8 35.6 33.0 19.1 24.4 78.3 10.5 30.0 40.5 24.0 13.5 8.0 5.7 5.1 19.9 20.8 109.3 -4.8
183 Duren, Jalen DET 56 13 43 47.6 42.8 89.1 48.0 12.2 33.5 36.4 19.6 24.0 81.4 8.9 32.5 41.4 26.7 10.9 8.7 6.3 5.1 17.2 21.1 117.3 7.5
183 Houstan, Caleb ORL 56 30 26 49.7 40.7 88.4 46.0 11.8 34.9 33.7 17.8 22.8 78.2 10.4 33.7 44.2 23.8 13.0 7.0 3.9 5.3 19.1 20.5 110.9 1.2
183 Johnson, Cameron BKN 56 19 37 48.5 42.3 88.2 48.0 13.1 32.7 40.0 16.2 20.3 79.6 10.4 35.3 45.6 26.0 12.4 6.7 5.0 5.2 18.2 17.9 113.9 2.2
183 Martin, Caleb MIA 56 31 25 49.8 40.8 87.8 46.4 14.2 39.0 36.4 15.7 19.6 80.2 9.4 34.1 43.5 27.3 13.9 6.0 5.6 3.2 20.0 17.6 111.4 -1.1
183 Okogie, Josh PHX 56 34 22 47.8 41.0 87.9 46.6 12.5 35.1 35.5 17.9 22.4 80.0 11.2 28.7 39.9 25.8 14.7 9.0 5.5 5.8 22.6 18.5 112.4 -1.0
183 Smith Jr., Dennis BKN 56 19 37 49.0 39.4 86.0 45.8 12.9 36.4 35.5 19.8 24.4 81.1 9.7 32.5 42.1 24.0 14.6 6.6 5.6 4.2 17.7 21.0 111.5 1.7
183 Thor, JT CHA 56 13 43 47.8 39.5 84.6 46.7 11.7 33.5 35.1 20.3 25.0 81.2 9.8 34.9 44.7 25.2 13.5 7.0 5.1 4.2 16.8 19.3 111.1 4.4
183 Watford, Trendon BKN 56 22 34 48.7 39.9 85.8 46.5 13.8 38.4 35.9 19.1 24.3 78.7 9.3 30.6 39.9 24.6 12.9 7.9 5.8 4.1 19.5 20.0 112.8 0.0
191 Clarkson, Jordan UTA 55 22 33 47.6 44.0 89.0 49.4 14.2 35.4 40.2 17.1 22.2 77.1 10.2 31.0 41.2 28.9 11.7 8.5 6.3 5.5 20.0 18.7 119.3 5.4
191 Henderson, Scoot POR 55 16 39 48.3 44.2 88.1 50.2 12.8 34.8 36.7 19.8 24.0 82.3 11.2 33.3 44.5 28.9 14.3 9.5 6.5 4.3 19.0 21.1 121.0 13.5
191 Jackson, Isaiah IND 55 33 22 45.8 40.8 83.9 48.6 9.9 28.3 34.9 21.4 27.6 77.6 11.6 28.8 40.4 22.5 15.8 7.8 4.8 6.3 18.5 22.5 112.9 -0.2
191 Konchar, John MEM 55 18 37 48.7 41.9 86.5 48.4 13.2 34.5 38.4 15.5 20.2 76.7 9.5 34.6 44.1 27.5 15.3 8.3 6.6 7.1 18.0 18.5 112.5 6.3
191 Kornet, Luke BOS 55 42 13 49.7 42.5 91.6 46.5 13.4 37.1 36.1 13.1 16.7 78.6 11.0 31.2 42.3 26.4 11.9 6.3 4.6 6.0 16.4 15.4 111.6 -8.3
191 Lively II, Dereck DAL 55 35 20 47.5 43.5 91.2 47.7 14.2 36.7 38.8 14.2 18.5 76.4 10.8 31.9 42.7 28.9 12.9 6.9 4.0 5.5 19.2 16.6 115.3 -5.3
191 Markkanen, Lauri UTA 55 22 33 46.9 43.3 88.6 48.9 14.0 35.5 39.5 16.3 20.8 78.5 9.9 29.4 39.3 29.3 12.2 8.4 6.7 4.9 19.6 18.0 117.0 -0.5
191 Nance Jr., Larry NOP 55 32 23 47.9 39.3 85.7 45.8 12.9 38.8 33.1 17.2 21.0 82.1 10.1 32.5 42.6 25.2 15.5 7.0 5.2 4.1 18.2 17.5 108.6 -3.3
191 Okongwu, Onyeka ATL 55 23 32 46.5 44.1 87.0 50.7 14.1 36.2 39.0 16.8 22.1 76.0 9.9 32.5 42.4 28.1 13.8 7.3 5.4 3.9 20.5 18.4 119.2 1.1
191 Thompson, Amen HOU 55 27 28 46.6 39.1 84.4 46.3 12.0 33.4 35.9 19.7 25.2 78.2 10.0 32.9 42.9 23.6 15.0 7.6 6.4 4.9 18.8 20.4 109.9 -1.0
191 Wiseman, James DET 55 8 47 46.8 43.4 87.1 49.8 12.4 32.1 38.8 20.4 25.9 78.8 10.2 33.0 43.2 28.0 12.3 9.1 5.3 4.6 18.9 20.8 119.7 14.6
202 Duarte, Chris SAC 54 32 22 48.4 41.9 87.4 48.0 13.2 34.7 38.1 18.4 23.2 79.2 10.3 33.1 43.3 26.5 13.7 7.2 4.8 4.0 18.1 19.7 115.4 4.6
202 Grant, Jerami POR 54 17 37 48.8 43.8 88.3 49.6 11.3 32.4 34.7 18.4 23.6 77.9 10.8 34.1 44.9 28.6 14.0 8.5 6.2 4.7 18.4 20.2 117.2 9.4
202 Green, Josh DAL 54 31 23 47.5 44.0 89.0 49.4 13.7 35.0 39.2 18.3 23.9 76.6 11.0 32.5 43.5 28.2 13.3 7.4 4.0 4.3 20.6 19.6 119.9 1.6
202 Martin, KJ PHI 54 27 27 47.6 40.8 84.4 48.3 11.0 32.9 33.4 20.6 26.1 79.1 12.5 32.2 44.7 26.3 16.8 6.4 6.8 5.3 19.1 22.4 113.2 -0.1
202 Murray, Jamal DEN 54 40 14 49.1 42.2 90.1 46.9 11.3 32.1 35.3 16.6 21.5 77.0 11.4 30.2 41.6 26.6 12.4 7.3 5.0 6.2 18.3 17.3 112.4 -6.9
202 Murray, Kris POR 54 10 44 48.5 41.1 85.1 48.3 12.2 33.3 36.7 18.4 24.2 75.8 10.5 32.1 42.6 26.3 15.5 10.1 6.1 4.2 17.6 19.9 112.9 5.8
202 Smith, Jalen IND 54 31 23 47.0 44.0 87.9 50.0 11.8 29.9 39.5 20.4 25.5 79.9 11.4 31.3 42.8 25.3 13.7 6.8 5.3 4.7 17.0 21.6 120.2 1.3
202 Theis, Daniel LAC 54 36 18 48.1 41.6 88.2 47.2 12.5 35.7 35.1 18.5 24.3 76.0 11.9 32.5 44.4 25.7 13.5 5.7 5.2 6.1 17.7 21.9 114.3 -3.0
202 Wade, Dean CLE 54 36 18 48.2 39.1 87.8 44.5 10.3 31.9 32.2 15.7 20.2 78.0 8.9 32.7 41.6 23.6 14.1 7.5 5.2 5.2 19.7 16.9 104.2 -7.7
202 Wesley, Blake SAS 54 15 39 46.1 41.9 85.7 48.9 11.8 31.7 37.1 17.5 22.6 77.4 10.0 34.9 44.9 25.0 13.7 7.6 5.3 5.2 16.1 18.3 113.1 7.6
212 Bamba, Mo PHI 53 26 27 49.3 39.3 86.0 45.8 13.5 37.0 36.4 19.4 24.5 78.9 12.1 36.7 48.7 26.8 15.1 6.7 5.5 6.7 18.0 21.3 111.5 3.4
212 Daniels, Dyson NOP 53 30 23 48.1 40.8 87.8 46.5 14.1 39.7 35.7 16.5 20.8 79.3 10.6 31.6 42.2 25.9 15.3 6.6 4.4 4.6 19.1 19.0 112.3 -3.6
212 Dick, Gradey TOR 53 16 37 47.2 44.8 88.4 50.6 12.9 35.7 36.1 16.9 21.0 80.3 11.8 34.4 46.2 27.7 14.7 8.0 5.3 3.4 18.4 18.3 119.3 13.7
212 McGowens, Bryce CHA 53 9 44 48.2 42.5 87.0 48.9 13.6 34.5 39.3 17.5 21.6 81.3 10.7 35.8 46.5 28.2 14.1 7.7 4.9 4.5 18.5 18.7 116.1 11.8
212 Nnaji, Zeke DEN 53 37 16 49.1 40.8 89.1 45.8 13.1 32.1 40.8 22.7 29.9 75.8 14.1 34.3 48.4 23.2 13.4 7.1 5.6 9.1 18.7 24.0 117.4 15.2
212 Walker IV, Lonnie BKN 53 22 31 47.5 39.0 84.7 46.0 11.7 34.1 34.2 21.0 25.8 81.4 9.9 32.0 41.9 23.4 13.7 7.7 4.4 4.4 16.9 20.5 110.5 -2.7
218 Butler, Jimmy MIA 52 28 24 49.4 40.8 87.4 46.6 13.0 36.7 35.5 16.3 20.9 78.0 9.3 34.0 43.3 26.8 14.2 6.6 4.7 3.8 20.0 18.2 110.9 -5.4
218 Hield, Buddy IND 52 29 23 45.9 43.6 86.1 50.7 10.4 27.4 38.1 20.7 25.9 80.1 10.8 30.3 41.1 23.8 13.4 7.1 5.0 5.9 17.2 20.9 118.4 -3.1
218 Irving, Kyrie DAL 52 34 18 47.6 42.1 89.6 47.0 12.7 35.4 36.0 17.4 22.5 77.1 11.2 33.4 44.6 28.1 13.0 6.7 4.0 5.2 18.9 18.2 114.2 -5.5
218 Porzingis, Kristaps BOS 52 39 13 47.5 41.3 93.0 44.4 13.7 37.7 36.2 13.0 17.4 74.8 11.5 32.8 44.3 25.3 11.4 6.3 3.2 7.4 19.1 15.7 109.3 -12.2
218 Terry, Dalen CHI 52 24 28 48.4 39.3 84.3 46.6 14.2 36.4 39.1 18.0 23.3 77.2 9.3 28.9 38.2 26.2 14.5 7.0 4.6 5.0 21.1 20.9 110.8 -4.1
218 Williams Jr., Vince MEM 52 18 34 48.5 41.2 86.8 47.5 12.4 34.0 36.5 16.6 21.5 77.5 10.9 34.5 45.4 26.0 15.6 8.2 5.7 6.8 20.7 19.1 111.5 3.1
224 Agbaji, Ochai UTA 51 25 26 47.4 43.2 91.5 47.2 13.9 36.7 37.8 16.2 21.3 76.1 11.9 30.6 42.6 28.1 11.5 9.2 6.1 6.8 19.4 19.1 116.5 5.7
224 Alvarado, Jose NOP 51 34 17 48.3 37.3 85.6 43.6 12.7 37.9 33.4 18.8 23.5 79.9 10.6 31.0 41.6 24.5 15.9 6.4 5.3 4.5 19.4 19.7 106.1 -11.1
224 Garland, Darius CLE 51 28 23 48.9 40.7 87.9 46.3 12.4 33.4 37.0 16.6 21.5 77.3 11.3 32.3 43.6 25.1 13.6 8.0 5.5 4.5 19.3 18.5 110.4 -3.0
224 Holiday, Justin DEN 51 33 18 48.2 40.9 86.6 47.2 11.2 31.5 35.5 17.8 24.2 73.8 10.7 32.3 42.9 25.4 13.6 7.4 5.0 5.9 17.1 20.7 110.7 -2.2
224 Isaac, Jonathan ORL 51 31 20 49.0 36.8 84.0 43.8 11.5 34.1 33.8 17.2 22.5 76.4 9.6 28.3 37.9 22.3 16.8 7.5 5.3 7.1 22.1 20.3 102.3 -11.9
224 Johnson, Jalen ATL 51 25 26 46.3 43.0 88.7 48.5 13.9 36.7 37.9 16.1 20.4 78.9 10.6 32.4 42.9 27.3 13.3 7.6 5.3 4.8 19.3 16.5 116.0 1.9
224 Mitchell, Donovan CLE 51 34 17 47.9 39.8 87.6 45.5 11.6 32.3 36.1 16.4 20.9 78.5 10.6 32.9 43.4 24.0 14.3 7.3 5.1 5.1 19.1 17.3 107.6 -8.2
224 Schroder, Dennis TOR 51 18 33 48.0 42.8 88.8 48.2 13.4 35.1 38.1 16.8 20.5 82.2 10.1 33.1 43.2 27.5 12.6 6.5 5.3 4.5 19.3 18.5 115.8 0.9
224 Williams, Ziaire MEM 51 20 31 48.1 41.8 87.9 47.5 13.3 34.9 38.0 17.1 22.2 77.2 12.0 36.0 48.0 26.2 15.4 8.1 6.5 5.8 20.4 18.6 114.0 11.5
224 Young, Trae ATL 51 22 29 45.8 44.2 88.0 50.2 13.1 34.0 38.5 17.6 22.2 79.3 10.7 31.6 42.3 27.7 13.6 7.4 5.1 4.6 20.5 18.0 119.0 2.8
234 Batum, Nicolas PHI 50 27 23 48.9 41.8 88.2 47.4 11.8 33.2 35.6 18.1 22.9 79.1 10.8 32.5 43.3 26.9 14.0 5.9 5.6 6.9 18.5 20.5 113.6 -4.9
234 Boucher, Chris TOR 50 16 34 48.4 41.6 88.4 47.1 13.6 36.7 37.1 17.2 21.9 78.7 11.5 31.4 42.9 27.3 14.9 6.3 4.9 4.8 19.8 19.4 114.1 -1.9
234 Fontecchio, Simone UTA 50 25 25 46.7 43.1 88.7 48.5 13.3 35.0 38.1 16.4 21.0 78.1 9.9 30.6 40.6 28.7 12.5 7.7 6.7 5.5 19.7 17.8 115.8 -0.4
234 Green, AJ MIL 50 33 17 48.3 39.4 86.6 45.5 13.7 38.1 35.8 18.9 23.1 81.9 11.1 32.2 43.3 24.3 13.8 7.7 3.7 3.8 16.1 21.5 111.3 -2.9
234 Hunter, De'Andre ATL 50 24 26 47.5 43.8 88.2 49.7 13.8 36.2 38.0 17.1 21.3 80.4 11.2 32.4 43.6 27.5 14.4 7.2 5.0 4.7 18.9 18.2 118.5 0.3
234 Jackson Jr., Andre MIL 50 31 19 46.8 43.0 86.5 49.7 12.7 31.9 39.9 20.7 25.8 80.2 9.8 30.7 40.5 26.2 12.1 7.7 3.8 4.5 16.9 23.1 119.5 5.6
234 Lyles, Trey SAC 50 30 20 47.5 39.6 86.2 46.0 13.0 34.2 38.0 20.0 24.6 81.2 9.4 30.2 39.6 24.8 12.6 7.6 5.1 4.7 20.1 20.9 112.3 -5.7
234 Olynyk, Kelly UTA 50 25 25 47.1 42.1 88.5 47.6 14.0 36.8 38.1 18.2 24.0 75.9 11.7 28.6 40.3 27.1 12.4 9.0 6.0 5.6 19.8 20.2 116.5 2.7
234 Paul, Chris GSW 50 27 23 47.9 40.0 88.5 45.1 12.7 36.6 34.6 18.6 23.3 79.8 11.3 32.9 44.2 25.4 13.0 6.7 4.3 3.6 17.4 20.5 111.2 -2.3
234 Poeltl, Jakob TOR 50 21 29 47.7 43.9 90.4 48.6 14.4 35.8 40.2 12.0 15.6 76.6 9.7 32.5 42.1 28.4 13.5 6.8 5.4 5.2 18.0 16.3 114.2 0.6
234 Sheppard, Ben IND 50 27 23 45.9 41.7 83.6 49.9 10.1 28.3 35.8 21.6 27.9 77.5 10.4 31.4 41.8 23.4 14.0 6.3 4.8 5.2 17.5 21.8 115.2 -2.3
234 Wood, Christian LAL 50 28 22 47.2 40.1 89.7 44.8 13.5 37.5 36.1 16.0 19.8 80.4 9.9 30.7 40.6 25.1 12.5 8.5 3.8 5.9 21.0 16.8 109.7 -0.2
246 Ellis, Keon SAC 49 30 19 48.5 39.3 85.7 45.9 12.5 34.0 36.7 18.8 23.3 80.9 9.8 31.3 41.1 24.6 13.9 7.1 4.9 5.3 18.1 19.4 109.9 -7.4
246 Green, Draymond GSW 49 29 20 46.4 40.1 88.1 45.5 13.4 37.4 35.8 17.2 21.8 78.8 10.4 32.2 42.6 25.9 13.1 7.2 4.7 4.4 17.7 18.5 110.8 -5.2
246 Middleton, Khris MIL 49 30 19 46.6 41.8 90.7 46.1 11.7 33.4 35.1 18.3 22.3 82.1 10.7 31.9 42.6 24.0 10.2 6.6 4.2 5.2 19.0 19.2 113.7 -6.0
246 Murphy III, Trey NOP 49 31 18 48.2 39.0 86.9 44.9 13.2 38.7 34.1 14.9 18.9 79.0 9.7 32.8 42.6 25.8 14.4 6.6 5.4 5.1 18.1 17.4 106.1 -8.5
246 O'Neale, Royce BKN 49 20 29 47.8 40.0 87.4 45.8 12.9 36.0 35.9 20.2 24.7 81.8 10.3 33.5 43.9 24.5 13.2 6.8 4.4 5.3 18.5 20.6 113.2 0.9
251 Ayton, Deandre POR 48 12 36 49.0 44.3 89.6 49.4 11.8 33.1 35.6 15.7 20.0 78.4 10.7 33.0 43.7 28.8 13.8 9.3 6.2 4.4 17.2 18.4 116.1 8.4
251 Brissett, Oshae BOS 48 40 8 48.2 40.8 89.2 45.8 11.0 35.4 31.1 16.1 20.7 77.6 10.2 31.5 41.7 25.5 11.8 6.1 4.0 5.2 18.9 18.7 108.8 -10.5
251 Dinwiddie, Spencer BKN 48 19 29 48.4 42.8 91.0 47.0 13.0 34.0 38.3 17.2 21.1 81.9 10.6 36.2 46.8 26.0 11.1 6.1 4.3 6.0 18.6 18.2 115.8 0.9
251 Edwards, Kessler SAC 48 29 19 47.3 38.9 82.3 47.3 11.9 34.7 34.4 17.3 22.4 77.6 8.7 34.3 43.0 22.4 15.8 7.1 4.2 4.4 17.0 17.5 107.1 8.3
251 Exum, Dante DAL 48 31 17 47.1 41.4 88.6 46.7 13.0 35.2 36.9 16.6 21.2 78.4 10.6 31.9 42.6 26.5 13.3 5.9 3.8 4.3 19.4 18.0 112.3 -9.1
251 Landale, Jock HOU 48 25 23 46.8 36.3 84.7 42.9 10.7 33.2 32.1 20.2 25.0 80.8 10.7 30.4 41.1 21.9 14.3 8.0 5.5 5.6 19.6 20.4 103.5 -10.3
251 McLaughlin, Jordan MIN 48 30 18 47.5 36.2 81.0 44.6 10.7 31.1 34.4 16.6 21.6 77.0 9.7 35.3 45.0 22.1 17.6 6.7 4.3 5.4 18.2 17.0 99.6 -8.5
251 Porter Jr., Craig CLE 48 29 19 49.5 41.2 87.6 47.0 13.6 37.1 36.7 18.0 21.4 84.1 8.5 30.5 39.0 25.4 11.2 8.0 4.0 4.5 17.4 17.6 114.0 2.0
251 Roddy, David MEM 48 15 33 47.7 41.5 85.8 48.4 13.0 34.4 37.8 18.0 23.3 77.2 9.8 35.3 45.1 26.3 14.5 8.1 6.7 5.7 18.2 19.9 113.9 9.1
260 Beverley, Patrick PHI 47 27 20 48.3 39.7 88.0 45.1 11.9 34.8 34.2 20.2 25.7 78.5 11.8 33.6 45.4 25.4 14.4 6.2 5.6 5.9 21.0 22.0 111.4 0.8
260 Carter Jr., Wendell ORL 47 26 21 49.0 39.8 84.3 47.2 11.8 31.9 36.9 16.7 20.6 81.0 8.4 32.0 40.4 24.0 15.9 8.8 4.2 4.0 20.0 18.7 107.9 -2.0
260 Harris, Gary ORL 47 31 16 48.7 40.9 84.6 48.3 11.4 31.6 36.1 16.9 22.1 76.5 8.9 30.4 39.3 24.0 15.0 7.6 4.8 5.1 22.3 21.0 110.1 -2.9
260 Love, Kevin MIA 47 26 21 48.5 40.2 86.7 46.4 12.7 36.8 34.4 17.0 22.0 77.0 9.1 34.3 43.4 27.0 13.4 6.8 5.7 2.4 20.9 18.3 110.1 -4.9
260 Payne, Cameron MIL 47 30 17 46.9 42.0 88.5 47.5 10.8 32.8 33.0 20.9 25.4 82.4 12.0 31.4 43.3 24.8 12.4 6.6 4.0 4.5 18.7 23.1 115.8 0.9
260 Williams, Grant DAL 47 24 23 47.6 44.1 88.9 49.6 12.3 33.8 36.5 17.3 23.0 75.5 10.7 35.1 45.8 28.0 13.5 6.9 3.6 4.7 20.6 19.2 117.9 4.4
266 Beauchamp, MarJon MIL 46 30 16 46.4 41.0 86.7 47.2 11.0 32.8 33.6 21.5 26.4 81.4 10.0 31.4 41.4 25.0 12.6 7.2 5.5 4.5 17.7 21.7 114.5 0.9
266 Craig, Torrey CHI 46 19 27 49.2 43.0 87.5 49.1 15.9 39.7 39.9 17.8 22.4 79.3 9.8 34.2 44.0 29.6 13.5 6.2 4.1 4.2 19.4 19.7 119.7 9.1
266 Horton-Tucker, Talen UTA 46 12 34 47.6 43.0 89.6 48.0 15.5 38.9 39.8 16.0 21.4 74.7 11.2 30.9 42.0 28.4 12.9 8.0 5.9 6.2 18.8 20.0 117.4 4.5
266 McDermott, Doug SAS 46 10 36 46.3 44.3 90.0 49.3 15.1 35.5 42.5 15.4 21.0 73.5 11.6 33.7 45.3 27.4 11.6 8.1 3.7 5.8 19.7 17.6 119.2 10.3
266 Randle, Julius NYK 46 29 17 48.5 41.9 88.1 47.6 13.3 34.9 38.0 16.2 20.9 77.4 10.3 29.9 40.2 27.1 13.0 7.0 5.2 4.0 21.1 18.1 113.3 -6.5
266 Reddish, Cam LAL 46 27 19 46.4 42.7 88.2 48.4 13.5 34.8 38.9 12.9 16.8 76.4 10.1 32.5 42.6 26.5 14.7 8.8 4.5 5.3 18.7 15.9 111.8 1.6
266 Shamet, Landry WAS 46 6 40 46.2 44.2 86.2 51.3 11.6 32.0 36.3 18.8 24.5 76.9 10.0 35.5 45.4 27.4 12.5 7.3 5.9 3.7 18.0 20.2 118.8 9.5
266 Simons, Anfernee POR 46 11 35 49.0 45.1 88.9 50.7 12.7 34.3 37.0 17.3 21.9 78.7 10.3 33.4 43.6 29.2 13.2 8.5 6.2 3.7 16.7 19.9 120.1 10.2
266 Smith Jr., Nick CHA 46 8 38 49.5 41.8 86.3 48.5 13.5 35.8 37.8 18.5 23.5 79.0 11.5 38.7 50.2 27.5 14.5 6.7 5.8 4.3 16.9 19.2 115.8 13.5
266 Stewart, Isaiah DET 46 9 37 47.8 42.4 88.7 47.8 11.1 31.4 35.3 18.9 23.1 81.7 9.4 31.2 40.7 25.7 11.3 8.7 5.9 5.2 17.1 21.0 114.8 4.5
276 Beal, Bradley PHX 45 27 18 48.0 43.0 90.0 47.8 13.9 36.8 37.8 14.2 18.8 75.6 10.1 29.9 40.0 27.9 12.8 8.3 4.6 5.2 17.3 17.3 114.2 -2.2
276 Gafford, Daniel WAS 45 9 36 46.2 45.1 92.0 49.0 12.6 32.6 38.7 17.7 23.1 76.8 13.3 35.4 48.7 29.8 13.7 6.7 5.0 6.8 15.9 18.8 120.5 7.3
276 Grimes, Quentin NYK 45 29 16 49.3 40.8 89.2 45.7 12.2 35.9 34.0 15.6 21.5 72.5 11.1 33.7 44.9 25.1 13.3 7.3 6.6 4.0 19.2 19.0 109.4 -0.3
276 Strawther, Julian DEN 45 30 15 47.1 41.3 88.4 46.8 13.0 33.5 38.9 19.3 24.9 77.4 12.1 34.4 46.4 25.7 11.9 6.7 6.5 5.9 17.1 21.8 115.0 9.5
276 Thompson, Tristan CLE 45 27 18 49.2 39.9 87.9 45.4 14.4 37.9 38.0 19.2 24.8 77.3 9.7 29.5 39.2 23.7 11.8 7.8 4.0 3.6 22.0 21.1 113.4 -1.8
281 Davis, Johnny WAS 44 7 37 45.5 40.9 83.7 48.8 11.1 31.4 35.3 20.1 25.6 78.6 10.1 35.8 46.0 25.3 15.2 7.1 7.3 4.6 17.3 20.2 112.9 9.4
281 Gill, Anthony WAS 44 8 36 45.9 38.5 83.7 46.0 11.0 34.6 31.9 19.4 23.7 81.8 11.8 29.9 41.6 23.4 16.7 9.1 6.0 5.2 20.0 18.4 107.5 -7.3
281 Washington, P.J. CHA 44 9 35 48.0 43.9 87.0 50.5 14.0 35.2 39.7 18.9 24.3 77.9 10.1 35.4 45.5 28.0 13.6 6.5 4.9 4.8 18.5 19.8 120.7 10.8
284 Burks, Alec DET 43 7 36 46.5 43.3 87.2 49.7 11.5 30.2 38.1 20.8 25.9 80.3 10.2 32.7 42.8 25.8 11.3 8.1 5.7 5.2 19.8 20.0 118.9 9.6
284 Crowder, Jae MIL 43 24 19 47.2 43.2 88.9 48.6 12.9 34.2 37.8 15.9 19.6 81.0 9.3 35.8 45.1 27.6 12.9 6.0 3.2 4.3 19.1 18.0 115.2 2.3
284 McDaniels, Jalen TOR 43 10 33 47.1 42.8 88.7 48.2 12.6 34.3 36.6 16.0 21.1 75.8 12.0 33.7 45.7 26.6 13.4 8.8 5.8 5.4 17.7 18.6 114.1 13.3
284 McGee, JaVale SAC 43 26 17 45.2 39.1 82.8 47.2 12.6 31.2 40.4 18.0 24.4 73.9 9.7 30.6 40.3 22.9 12.5 8.2 3.2 6.0 17.3 20.9 108.7 0.7
284 Mobley, Evan CLE 43 26 17 47.8 40.0 89.0 44.9 12.7 33.4 38.0 16.5 21.5 76.9 11.3 33.0 44.3 25.2 13.4 8.0 4.9 5.1 18.0 17.8 109.2 -0.7
284 Okeke, Chuma ORL 43 22 21 49.6 40.6 86.8 46.8 10.2 33.9 30.2 17.0 22.7 74.6 8.8 35.6 44.4 22.7 12.5 7.7 3.9 5.2 18.3 20.5 108.5 8.6
284 Richardson, Josh MIA 43 24 19 48.6 41.6 87.4 47.5 13.8 38.2 36.0 16.6 21.7 76.3 9.6 33.9 43.5 27.7 13.6 7.4 4.7 2.9 20.1 19.4 113.5 4.7
284 Sims, Jericho NYK 43 28 15 51.2 42.2 92.1 45.8 12.9 37.8 34.2 12.9 17.1 75.0 12.8 32.3 45.0 26.4 13.0 8.0 6.6 4.1 17.2 16.8 110.2 2.1
284 Smith, Ish CHA 43 6 37 47.8 44.1 85.7 51.4 13.6 34.7 39.3 17.9 22.7 79.2 8.3 37.3 45.6 29.4 13.5 6.8 5.4 4.8 16.7 18.1 119.8 18.1
284 Williams, Patrick CHI 43 19 24 49.1 42.2 87.4 48.3 14.2 38.6 36.7 16.3 21.5 75.7 9.6 33.2 42.7 29.3 13.5 6.9 5.7 4.6 17.8 19.3 114.9 0.6
294 Achiuwa, Precious NYK 42 27 15 51.0 41.9 89.4 46.9 13.4 35.2 38.2 14.4 19.7 73.3 10.7 32.5 43.2 26.4 13.6 7.4 5.9 5.6 19.0 17.5 111.7 -1.7
294 Bane, Desmond MEM 42 14 28 47.5 40.9 85.9 47.6 14.3 35.3 40.4 18.8 23.6 79.4 9.6 34.2 43.8 26.2 14.3 7.8 7.1 5.8 18.7 20.1 114.8 6.6
294 Hayes, Killian DET 42 7 35 46.9 43.8 88.3 49.6 11.5 30.7 37.4 18.8 23.0 81.6 9.4 33.4 42.9 26.5 11.9 8.1 5.7 4.9 17.3 20.3 117.9 11.4
297 Yurtseven, Omer UTA 41 15 26 47.1 42.9 87.5 49.1 12.3 33.2 37.0 16.7 21.8 76.4 9.2 33.4 42.5 29.6 10.9 8.2 5.4 5.1 17.9 19.1 114.8 11.3
298 Goodwin, Jordan PHX 40 23 17 48.4 39.5 87.9 45.0 12.4 35.3 35.1 17.2 22.7 75.6 11.1 29.8 40.9 24.1 12.7 8.8 5.0 7.4 21.5 18.7 108.6 1.9
298 Jackson, GG MEM 40 11 29 48.1 41.5 89.0 46.7 12.7 36.1 35.2 15.4 19.7 78.2 12.1 34.6 46.7 26.7 14.4 9.0 5.8 6.1 19.1 17.7 111.1 8.7
298 Len, Alex SAC 40 21 19 47.2 35.2 82.1 42.9 11.5 34.6 33.3 19.8 25.7 77.1 9.7 32.1 41.9 20.5 15.0 5.9 5.4 5.8 16.0 21.4 101.8 -14.2
298 Little, Nassir PHX 40 24 16 47.3 40.0 88.3 45.3 11.3 33.6 33.8 20.9 27.6 75.8 12.2 31.4 43.6 22.8 12.8 9.4 5.0 7.6 17.7 19.7 112.2 8.2
298 Phillips, Julian CHI 40 20 20 47.8 38.1 81.3 46.8 11.1 36.1 30.7 25.5 31.6 80.8 9.5 33.8 43.3 26.8 13.3 7.0 6.5 6.2 19.7 22.5 112.7 0.6
298 Zeller, Cody NOP 40 24 16 45.9 38.3 84.0 45.5 12.8 37.7 34.0 17.2 23.5 73.1 11.6 33.0 44.6 25.5 16.3 5.0 6.0 2.4 19.4 19.7 106.5 -8.6
304 Bates-Diop, Keita PHX 39 23 16 48.4 41.0 88.6 46.2 13.6 35.0 38.9 18.4 23.3 79.1 11.3 29.9 41.2 24.6 11.9 8.5 5.4 7.5 21.1 18.2 113.9 3.4
304 Brogdon, Malcolm POR 39 15 24 48.2 43.0 88.5 48.6 10.5 33.1 31.7 17.7 22.4 78.9 11.0 32.8 43.8 27.2 13.7 8.0 6.0 4.9 18.5 19.8 114.2 3.5
304 Mamukelashvili, Sandro SAS 39 8 31 45.6 37.1 80.6 46.0 13.3 33.8 39.2 17.0 20.6 82.6 9.2 33.7 42.9 23.8 16.7 7.5 6.3 4.1 19.0 15.3 104.4 -6.0
304 Payton II, Gary GSW 39 23 16 46.1 39.2 84.1 46.6 13.1 35.4 37.1 18.1 22.2 81.5 9.7 30.3 40.0 25.6 16.2 7.3 4.9 4.8 18.1 18.4 109.7 -3.9
304 Plumlee, Mason LAC 39 25 14 47.9 44.1 91.6 48.2 12.8 33.6 38.2 14.6 19.2 75.8 12.6 30.7 43.2 27.3 12.7 7.3 5.2 4.8 21.4 18.3 115.6 -2.3
304 Siakam, Pascal TOR 39 15 24 47.8 43.3 89.1 48.6 13.1 33.5 39.2 15.7 19.3 81.7 9.4 33.3 42.7 27.2 13.0 6.7 5.1 4.7 19.1 18.4 115.5 -0.3
304 Whitmore, Cam HOU 39 16 23 46.3 39.4 84.3 46.7 13.0 34.8 37.3 19.5 26.3 74.1 10.1 32.9 43.0 24.1 14.0 7.8 6.3 5.1 18.7 21.4 111.3 2.2
311 Brown, Kobe LAC 38 25 13 48.3 43.0 88.5 48.5 13.6 37.6 36.1 20.5 27.9 73.4 12.3 30.7 43.0 28.9 12.6 6.6 6.1 4.8 18.1 22.5 120.0 9.7
311 Jovic, Nikola MIA 38 19 19 48.9 40.7 88.6 46.0 11.7 37.9 30.9 12.9 16.9 76.2 9.4 35.2 44.6 27.4 14.3 5.9 4.6 3.9 17.6 16.6 106.0 -10.2
311 Milton, Shake MIN 38 27 11 46.2 39.9 86.0 46.4 11.8 33.1 35.5 16.6 21.0 78.9 10.4 32.4 42.8 25.9 13.5 7.2 6.2 6.0 20.7 18.5 108.1 2.6
314 Brown Jr., Troy MIN 37 28 9 47.4 40.5 89.9 45.0 10.9 30.2 36.0 19.4 24.3 80.0 10.8 30.4 41.2 24.1 11.2 7.2 5.3 5.8 20.1 21.1 111.3 -0.1
314 Bryant, Thomas MIA 37 21 16 48.7 43.0 87.9 48.9 12.8 35.9 35.7 13.6 17.9 76.0 8.7 33.1 41.8 30.0 13.9 6.6 5.0 4.2 15.9 17.4 112.5 0.1
314 Fernando, Bruno ATL 37 18 19 48.6 40.2 86.3 46.6 13.4 38.2 35.0 18.1 23.0 78.4 11.5 31.3 42.8 26.2 15.8 7.3 4.3 4.6 18.6 19.1 111.8 1.6
314 Gilyard, Jacob MEM 37 10 27 49.2 42.7 86.6 49.3 13.9 34.8 40.0 18.7 23.5 79.5 11.7 37.3 49.0 28.3 15.0 8.0 7.4 5.0 16.6 19.5 118.1 11.7
314 Kennard, Luke MEM 37 13 24 48.2 42.6 87.0 48.9 13.1 33.8 38.7 17.2 22.0 78.2 11.4 34.4 45.9 27.1 14.7 8.7 5.5 6.2 18.9 18.9 115.4 9.0
314 Kleber, Maxi DAL 37 23 14 47.1 42.2 88.6 47.6 13.0 35.1 37.0 15.2 19.6 77.6 10.1 32.2 42.3 26.9 12.7 7.5 3.9 3.8 21.8 17.2 112.6 -3.9
314 Lowry, Kyle MIA 37 21 16 49.0 41.2 85.6 48.1 13.5 36.6 36.9 16.0 20.9 76.7 8.7 33.6 42.4 26.3 15.3 7.6 5.4 3.5 20.5 18.8 111.9 -0.6
314 Metu, Chimezie PHX 37 22 15 47.4 40.7 86.0 47.3 14.8 39.4 37.6 16.9 22.1 76.6 10.2 28.4 38.6 24.2 14.2 7.2 4.2 5.1 19.8 18.6 113.1 3.9
314 Morris Sr., Marcus PHI 37 22 15 48.6 40.4 85.4 47.3 11.7 33.2 35.2 21.5 27.4 78.6 10.6 33.6 44.2 25.0 13.8 5.4 5.7 4.9 20.9 23.2 114.1 0.7
323 Bol, Bol PHX 36 23 13 47.6 39.2 90.8 43.2 13.8 40.2 34.3 16.3 21.9 74.3 12.3 29.4 41.6 25.4 11.5 7.8 4.3 7.7 18.0 17.3 108.4 -2.5
323 Bullock Jr., Reggie HOU 36 21 15 47.6 41.9 88.7 47.2 13.2 37.0 35.7 14.7 19.5 75.4 9.6 33.8 43.4 24.7 11.4 6.9 5.9 4.8 16.1 19.1 111.7 2.9
323 Curry, Seth DAL 36 21 15 46.7 38.7 85.4 45.3 12.4 35.9 34.5 14.5 19.7 73.6 11.0 33.4 44.5 23.7 15.3 7.1 4.3 5.0 22.6 18.7 104.2 -8.7
323 Forrest, Trent ATL 36 18 18 48.5 43.7 85.6 51.0 12.3 33.3 36.8 14.8 19.9 74.2 10.4 34.3 44.7 28.3 15.0 7.6 5.0 5.1 15.4 16.8 114.4 9.4
323 Herro, Tyler MIA 36 19 17 48.5 42.8 89.9 47.6 13.4 37.4 35.7 14.0 18.3 76.4 10.5 35.3 45.8 27.6 13.9 7.1 5.0 3.5 18.1 16.7 112.9 0.9
323 Lawson, A.J. DAL 36 23 13 44.4 39.2 85.1 46.0 11.9 34.8 34.2 15.4 21.5 71.5 10.5 33.4 43.9 22.4 13.8 7.7 4.2 4.9 18.0 17.0 105.6 -5.8
323 Melton, De'Anthony PHI 36 23 13 47.4 41.5 87.0 47.7 11.5 31.4 36.7 17.3 21.7 79.7 10.4 32.2 42.6 26.3 14.3 6.1 5.9 6.2 19.5 18.3 111.8 -10.1
323 Omoruyi, Eugene WAS 36 4 32 44.8 41.9 82.8 50.7 12.3 35.4 34.8 18.8 24.1 78.3 11.7 33.7 45.4 27.1 19.0 10.1 6.8 4.3 18.0 21.0 115.0 18.4
323 Samanic, Luka UTA 36 13 23 45.1 39.0 89.1 43.8 14.0 39.9 35.0 17.4 20.8 83.6 9.5 31.5 41.0 25.8 11.4 6.3 4.8 6.6 18.6 18.1 109.3 1.3
323 Vezenkov, Sasha SAC 36 19 17 46.9 40.1 84.7 47.4 12.4 31.7 39.1 21.0 26.8 78.2 10.0 32.4 42.4 25.4 13.9 7.4 3.9 4.9 17.8 22.5 113.7 0.3
323 Wilson, Jalen BKN 36 11 25 49.4 41.8 85.6 48.9 13.4 37.3 36.1 16.5 20.9 79.0 8.9 30.1 38.9 25.8 13.8 7.8 5.4 4.0 19.9 18.0 113.6 -0.6
334 Fultz, Markelle ORL 35 21 14 48.3 39.6 84.6 46.9 11.2 32.7 34.3 16.0 19.5 82.2 9.0 31.2 40.3 25.3 16.5 8.9 4.6 3.8 19.9 17.8 106.5 -2.5
334 Korkmaz, Furkan PHI 35 22 13 45.9 38.9 81.3 47.8 10.6 33.2 31.8 21.3 28.0 76.0 12.4 31.5 44.0 26.3 17.2 6.7 4.4 4.3 23.4 20.8 109.6 -6.9
334 Prosper, Olivier-Maxence DAL 35 21 14 45.3 41.1 85.4 48.2 13.4 34.9 38.4 15.7 20.5 76.5 9.8 36.0 45.8 23.1 12.4 6.2 4.8 3.3 19.6 16.4 111.4 8.8
337 Embiid, Joel PHI 34 26 8 47.6 41.2 89.6 45.9 11.4 32.9 34.5 17.2 21.6 79.8 10.8 32.3 43.1 25.9 13.3 5.7 5.4 5.6 20.7 18.4 111.0 -9.6
337 House Jr., Danuel PHI 34 21 13 47.3 38.6 84.3 45.8 11.1 33.6 33.1 19.7 25.3 77.7 11.6 33.6 45.2 24.1 15.8 6.2 5.8 4.4 21.7 22.7 108.1 -1.9
337 Jones, Damian CLE 34 22 12 49.2 39.5 83.0 47.6 15.4 36.2 42.6 14.8 18.4 80.6 8.3 33.2 41.5 26.9 13.4 6.9 3.8 4.0 16.4 17.2 109.3 11.9
337 Jordan, DeAndre DEN 34 23 11 49.3 41.2 92.2 44.7 13.2 34.4 38.3 20.3 28.0 72.6 12.9 32.7 45.7 27.9 10.0 7.0 6.3 6.1 17.0 24.6 115.9 9.2
337 Siakam, Pascal IND 34 18 16 47.4 43.7 88.8 49.2 10.5 29.4 35.8 17.2 22.4 76.7 10.7 33.9 44.6 24.2 12.5 5.9 5.2 4.9 18.2 18.8 115.1 -3.5
337 Tillman, Xavier MEM 34 14 20 47.7 39.8 84.4 47.1 12.7 34.2 37.3 17.0 21.7 78.4 10.1 36.0 46.1 25.4 16.9 8.4 5.8 6.3 17.6 19.8 109.3 6.9
343 Barlow, Dominick SAS 33 7 26 47.2 44.4 87.2 50.9 12.8 32.0 40.1 15.3 20.2 76.0 10.0 33.4 43.5 28.7 14.1 6.2 5.7 5.0 17.1 17.8 116.9 3.6
343 Brown, Bruce IND 33 19 14 46.0 44.6 86.8 51.5 10.2 26.1 39.0 20.9 25.9 80.9 9.3 29.4 38.7 25.3 12.2 6.4 5.5 5.8 17.7 20.6 120.4 -3.8
343 Butler, Jared WAS 33 5 28 47.3 39.6 85.6 46.3 13.5 36.4 37.1 17.7 23.1 76.4 10.9 32.8 43.7 25.6 15.0 7.1 6.5 4.2 18.5 18.8 110.3 3.8
343 Hendricks, Taylor UTA 33 11 22 47.0 42.9 88.8 48.3 14.7 36.2 40.7 17.2 22.6 76.1 10.6 31.8 42.3 29.5 12.3 8.4 6.0 5.3 15.9 18.5 117.7 8.6
343 Matthews, Wesley ATL 33 10 23 47.7 42.4 88.7 47.8 13.2 34.3 38.6 19.6 23.9 81.9 10.7 36.9 47.7 26.0 14.0 5.5 6.5 5.3 19.0 21.4 117.6 7.7
343 Mykhailiuk, Svi BOS 33 26 7 48.9 38.8 87.0 44.6 10.0 34.8 28.7 17.8 23.6 75.4 12.8 29.8 42.6 24.0 13.5 6.3 4.0 5.8 16.1 18.5 105.3 -12.6
343 Quinones, Lester GSW 33 20 13 47.0 39.9 85.7 46.5 11.5 34.5 33.2 16.1 20.6 77.8 8.5 29.7 38.2 25.4 11.8 7.6 5.1 5.9 17.5 19.4 107.3 -2.3
343 Robinson, Orlando MIA 33 18 15 49.3 40.0 85.4 46.8 15.3 35.9 42.7 15.5 20.6 75.2 8.7 28.8 37.5 28.0 14.1 9.7 5.6 2.8 21.2 20.1 110.7 -3.6
343 Robinson-Earl, Jeremiah NOP 33 18 15 47.1 40.2 86.9 46.3 11.5 36.7 31.3 17.1 22.8 75.2 11.6 30.9 42.5 24.2 13.8 7.5 4.0 3.5 18.5 19.0 109.0 1.4
343 Wright, Delon WAS 33 6 27 46.4 42.3 87.6 48.3 11.1 32.3 34.4 16.3 21.4 76.2 10.9 36.0 46.9 26.6 13.8 7.5 7.6 4.4 18.3 19.8 111.9 5.0
353 Baldwin Jr., Patrick WAS 32 6 26 45.6 37.9 82.6 45.8 11.6 35.0 33.1 18.2 24.1 75.4 10.7 36.5 47.2 24.8 16.8 8.0 6.2 5.0 17.5 20.0 105.5 3.6
353 Hyland, Bones LAC 32 18 14 48.1 41.9 88.0 47.6 12.0 33.1 36.3 15.8 21.4 73.7 11.6 32.6 44.2 25.2 13.4 8.2 5.4 5.1 19.0 20.6 111.6 4.3
353 Quickley, Immanuel TOR 32 10 22 47.5 44.8 91.1 49.2 14.3 36.8 38.7 13.4 17.3 77.7 11.3 34.7 46.0 29.5 13.9 6.6 5.1 5.4 17.4 17.4 117.4 6.6
353 Sharpe, Shaedon POR 32 8 24 48.4 43.3 87.7 49.4 11.0 32.1 34.1 19.4 23.8 81.4 10.9 34.3 45.2 26.3 15.4 8.6 6.5 4.4 19.1 21.0 117.0 11.2
353 Springer, Jaden PHI 32 17 15 48.3 42.6 85.1 50.1 12.5 35.6 35.3 20.2 26.8 75.6 11.7 33.2 44.8 27.1 16.5 6.1 7.2 5.0 21.1 21.5 118.1 8.5
358 Dieng, Ousmane OKC 31 19 12 48.3 40.7 89.8 45.4 13.6 38.6 35.2 15.4 19.8 77.9 11.3 34.4 45.7 27.4 14.6 8.2 5.0 5.5 18.4 15.8 110.5 0.1
358 Flynn, Malachi TOR 31 12 19 48.0 43.6 89.7 48.6 12.3 33.8 36.5 15.8 20.7 76.1 11.4 34.0 45.4 27.1 14.5 6.5 4.8 5.1 18.0 18.6 115.3 6.8
358 Knox II, Kevin DET 31 4 27 46.4 43.1 84.1 51.3 11.3 29.2 38.5 18.9 24.6 76.8 6.5 32.9 39.4 27.2 12.2 7.9 5.9 3.4 18.8 19.6 116.4 7.0
358 Rupert, Rayan POR 31 5 26 47.5 40.5 80.5 50.2 12.3 32.4 38.0 21.8 26.5 82.2 9.8 32.4 42.2 24.0 16.4 10.1 7.5 3.4 17.8 20.9 115.0 8.8
358 Waters III, Lindy OKC 31 21 10 47.4 36.0 82.9 43.4 12.4 38.3 32.3 22.6 27.9 81.2 11.0 35.5 46.4 23.6 13.1 9.0 2.9 4.5 14.3 20.2 106.9 4.5
363 Biyombo, Bismack MEM 30 14 16 48.6 41.5 89.0 46.6 14.3 35.7 40.2 18.2 23.3 78.2 10.0 32.4 42.4 27.1 12.6 8.2 6.4 6.2 17.7 20.5 115.5 4.2
363 Micic, Vasilije OKC 30 23 7 49.5 38.6 88.4 43.7 10.8 32.1 33.8 15.1 20.1 74.8 13.2 30.4 43.6 24.4 18.5 7.5 6.6 5.9 18.8 18.4 103.2 -15.1
363 Quickley, Immanuel NYK 30 16 14 48.5 39.4 86.3 45.7 12.7 36.1 35.3 17.7 22.2 79.4 9.0 30.3 39.3 23.8 13.5 6.1 5.5 3.3 21.8 20.1 109.2 -8.2
363 Rozier, Terry CHA 30 7 23 48.3 45.0 88.6 50.8 13.7 33.3 41.3 18.8 23.3 80.5 11.4 34.9 46.4 29.3 13.6 6.8 4.7 4.9 17.4 18.9 122.6 13.2
363 Taylor, Terry CHI 30 12 18 47.6 36.9 85.3 43.3 15.0 41.2 36.4 15.0 22.5 66.7 12.3 33.7 46.0 25.4 14.2 5.1 5.9 4.8 16.8 16.8 103.7 -3.7
363 Walker, Jarace IND 30 15 15 45.9 41.0 79.7 51.4 10.5 25.9 40.4 22.3 28.3 78.9 9.2 28.3 37.5 23.5 15.6 6.7 3.5 5.7 17.9 20.7 114.7 -3.6
369 Antetokounmpo, Thanasis MIL 29 19 10 47.3 34.7 80.6 43.1 12.8 36.1 35.6 28.8 34.4 83.8 11.5 27.1 38.5 23.6 14.6 12.2 4.5 4.5 11.1 21.2 111.1 10.4
369 Brown, Bruce TOR 29 6 23 47.2 44.8 90.0 49.8 13.0 36.6 35.5 17.3 22.1 78.3 12.1 33.7 45.8 28.4 14.2 7.9 6.2 4.6 15.7 18.8 120.0 14.7
369 LaRavia, Jake MEM 29 5 24 48.3 40.4 88.1 45.8 13.3 36.7 36.4 18.1 23.1 78.6 11.0 33.3 44.3 26.1 14.5 8.1 7.8 6.0 21.5 20.5 112.2 10.6
369 Vanderbilt, Jarred LAL 29 14 15 46.4 40.2 85.6 47.0 13.2 36.6 36.2 16.5 20.0 82.5 9.0 30.2 39.2 25.7 15.8 9.0 5.5 4.9 18.8 15.5 110.2 -3.4
369 Watanabe, Yuta PHX 29 17 12 47.6 40.3 88.0 45.8 13.3 33.5 39.8 20.2 26.7 75.7 13.9 31.5 45.5 25.2 14.1 8.6 5.6 6.8 19.2 18.8 114.2 4.5
374 Bogdanovic, Bojan DET 28 3 25 47.0 45.9 88.8 51.7 12.0 30.9 39.0 20.8 25.1 83.1 9.1 32.3 41.3 26.9 10.3 8.4 5.5 3.8 18.0 21.0 124.8 12.8
374 Lewis, Maxwell LAL 28 14 14 45.2 38.5 82.6 46.6 7.7 30.8 25.0 18.5 25.1 73.5 13.8 35.4 49.2 22.1 11.8 8.2 4.6 4.6 12.8 19.0 103.1 30.3
374 Martin, Cody CHA 28 7 21 48.9 43.6 89.1 48.9 14.1 37.2 38.0 15.2 18.8 81.3 9.9 35.9 45.7 29.3 13.5 7.3 6.1 4.6 16.4 17.8 116.6 10.2
374 Minaya, Justin POR 28 2 26 49.3 37.4 82.4 45.4 12.3 36.8 33.5 18.0 22.4 80.6 10.7 33.8 44.5 23.3 17.8 7.5 5.9 3.7 20.3 17.8 105.3 6.4
378 Anunoby, OG TOR 27 11 16 47.7 42.7 89.0 48.0 12.8 33.5 38.3 14.1 17.9 79.0 10.0 32.3 42.3 27.0 13.7 6.5 5.7 4.7 17.8 18.2 112.4 -2.0
378 Barrett, RJ TOR 27 9 18 47.3 45.2 91.5 49.5 14.6 37.0 39.5 13.8 17.8 77.5 11.0 34.1 45.1 30.5 13.6 6.7 5.8 5.0 17.5 17.1 118.9 5.4
378 Council IV, Ricky PHI 27 10 17 46.7 40.9 84.1 48.6 11.9 34.1 34.9 18.8 22.2 84.8 9.3 31.9 41.3 27.4 14.9 6.5 7.3 6.0 23.6 16.5 112.5 1.0
378 Nwora, Jordan TOR 27 5 22 46.1 43.2 88.5 48.8 12.3 33.1 37.3 15.2 19.7 77.2 13.1 32.0 45.2 24.5 14.5 9.8 6.7 4.8 16.0 17.9 113.9 13.6
378 Rozier, Terry MIA 27 13 14 49.3 41.1 86.5 47.5 13.7 37.3 36.7 14.1 17.9 78.8 8.3 38.0 46.3 27.5 13.7 5.1 4.8 3.7 16.9 15.8 110.0 -0.6
383 Bagley III, Marvin DET 26 2 24 47.3 43.2 85.5 50.6 13.0 31.4 41.3 19.7 24.2 81.2 8.7 30.4 39.1 26.3 12.2 8.3 5.3 4.1 17.2 20.6 119.1 7.3
383 Barrett, RJ NYK 26 15 11 47.8 43.4 89.8 48.3 12.5 35.6 35.2 16.4 21.3 76.9 11.2 31.5 42.7 26.6 12.8 6.9 5.4 3.6 19.7 19.9 115.8 1.1
383 Boston Jr., Brandon LAC 26 15 11 48.3 47.3 93.2 50.7 12.7 34.4 36.9 15.3 21.2 72.2 12.9 31.9 44.9 26.9 10.9 7.9 5.5 6.3 16.0 18.2 122.5 17.7
383 Covington, Robert PHI 26 18 8 49.2 38.4 87.3 44.0 12.0 36.7 32.6 18.7 24.5 76.1 12.9 31.2 44.1 25.5 15.8 8.0 6.6 5.3 18.4 21.6 107.4 -6.9
383 Gallinari, Danilo WAS 26 5 21 46.1 44.9 88.9 50.5 11.4 32.5 35.1 16.4 20.7 79.2 11.0 36.0 47.1 28.4 11.7 7.9 4.8 2.8 20.5 17.6 117.6 9.2
383 Joseph, Cory GSW 26 10 16 46.7 40.9 81.8 50.0 13.3 33.2 40.0 21.0 28.8 73.1 7.7 31.8 39.5 27.2 12.3 7.0 6.2 4.7 17.1 21.2 116.1 1.9
383 Minott, Josh MIN 26 20 6 42.4 33.7 71.7 47.1 6.0 23.5 25.6 23.5 33.7 69.6 9.0 33.7 42.8 21.7 16.3 6.0 5.4 4.8 17.5 21.1 97.0 -0.6
383 Porter, Jontay TOR 26 6 20 46.2 43.0 87.2 49.3 13.0 32.6 39.8 16.0 20.2 79.6 9.1 33.1 42.2 26.6 13.5 8.2 5.9 5.0 14.8 18.7 115.0 9.2
383 Queta, Neemias BOS 26 22 4 49.4 39.2 88.8 44.2 14.4 40.2 35.7 17.0 21.9 77.9 12.4 29.0 41.4 23.9 12.5 5.7 4.3 5.2 17.9 19.7 109.8 -19.0
392 Achiuwa, Precious TOR 25 8 17 47.3 43.7 89.9 48.6 12.0 33.3 36.0 14.9 19.3 77.5 10.9 33.9 44.8 27.9 12.4 6.7 4.4 4.5 17.6 17.1 114.4 5.7
392 Hayward, Gordon CHA 25 7 18 47.9 44.2 89.0 49.7 13.6 34.8 39.2 18.1 23.2 78.2 11.4 33.0 44.4 27.6 13.8 7.3 5.3 5.4 18.0 19.1 120.2 8.0
392 Hield, Buddy PHI 25 10 15 49.8 42.1 87.3 48.2 12.5 34.1 36.7 17.2 21.8 79.0 9.8 35.3 45.1 26.6 14.2 7.0 7.0 6.1 15.1 20.3 113.9 4.9
392 LaVine, Zach CHI 25 10 15 49.0 41.1 88.9 46.2 15.3 42.0 36.5 17.6 22.7 77.5 11.9 36.2 48.1 28.3 14.1 6.2 4.2 4.4 17.8 19.4 115.1 5.2
392 Mensah, Nathan CHA 25 3 22 48.4 40.8 83.4 48.9 13.9 35.5 39.1 20.5 25.6 80.2 9.8 37.6 47.4 27.2 15.2 7.9 6.0 4.4 18.0 21.3 116.0 21.0
392 Sensabaugh, Brice UTA 25 6 19 47.3 45.5 88.9 51.2 16.7 38.8 43.1 16.2 21.4 75.7 9.6 31.9 41.5 31.4 11.1 7.9 5.1 4.2 18.1 16.2 124.0 13.9
398 Banton, Dalano BOS 24 18 6 47.8 38.0 88.5 42.9 11.2 36.0 31.0 17.9 24.0 74.4 12.3 30.7 43.0 24.9 10.9 7.3 5.6 5.9 18.4 19.8 105.0 -5.6
398 Gillespie, Collin DEN 24 15 9 48.0 40.6 87.9 46.2 10.2 30.0 34.0 17.0 22.3 76.2 11.7 34.0 45.7 23.0 13.8 7.2 4.0 3.2 16.4 18.3 108.5 -3.2
398 Muscala, Mike WAS 24 4 20 46.8 45.3 90.9 49.8 13.4 35.9 37.5 16.2 20.6 78.5 12.2 37.1 49.3 30.3 12.5 8.4 4.8 3.7 19.4 17.9 120.2 18.6
398 Payne, Cameron PHI 24 9 15 49.1 40.1 82.2 48.8 11.9 32.4 36.8 20.4 24.6 82.8 9.0 35.5 44.5 26.2 15.5 6.4 7.4 6.2 17.1 20.5 112.6 1.2
398 Pickett, Jalen DEN 24 17 7 48.1 36.4 82.6 44.0 10.3 32.2 32.1 21.9 28.9 75.7 12.8 32.6 45.5 21.5 12.4 8.3 2.5 5.0 12.4 22.3 105.0 2.1
398 Rose, Derrick MEM 24 6 18 47.3 39.8 87.3 45.6 12.9 36.0 35.9 15.3 20.1 75.9 10.1 36.1 46.2 26.5 15.3 7.2 6.5 5.6 19.0 18.6 107.8 3.9
398 Ryan, Matt NOP 24 13 11 46.4 39.6 88.6 44.6 10.8 37.2 28.9 17.1 21.9 78.0 12.9 34.4 47.2 24.1 14.2 6.9 4.9 4.7 21.3 19.2 106.9 -2.5
398 Schroder, Dennis BKN 24 9 15 49.8 43.6 89.2 48.9 13.1 34.4 38.1 14.9 19.1 77.9 10.7 35.6 46.3 26.3 13.9 7.5 4.8 4.0 18.0 17.5 115.2 7.3
398 Umude, Stanley DET 24 4 20 46.6 40.7 87.4 46.5 12.6 34.6 36.4 21.5 28.4 75.9 9.0 31.6 40.5 25.9 10.5 9.6 5.3 4.4 17.6 23.2 115.5 11.4
407 Bagley III, Marvin WAS 23 4 19 46.1 43.8 88.7 49.4 10.8 30.3 35.5 14.8 18.5 80.2 9.5 34.8 44.3 27.7 12.0 7.0 7.5 4.1 17.0 16.2 113.2 5.5
407 Banton, Dalano POR 23 4 19 49.0 43.8 88.5 49.5 13.0 33.2 39.3 19.9 24.0 82.8 11.1 32.2 43.3 27.0 13.1 10.1 7.1 4.7 17.2 20.3 120.4 16.3
407 Holmes, Richaun DAL 23 9 14 46.7 41.2 83.0 49.6 11.4 31.6 36.3 17.4 25.6 67.7 10.1 36.3 46.4 23.1 13.6 6.3 4.9 2.4 21.1 20.3 111.2 6.7
407 Jones, Colby SAC 23 12 11 48.7 38.5 81.8 47.1 12.5 35.8 34.9 19.6 26.7 73.4 10.1 33.4 43.6 24.7 13.9 6.4 4.4 5.4 15.5 20.6 109.1 3.7
407 Livers, Isaiah DET 23 1 22 46.4 45.5 87.3 52.1 12.6 30.6 41.1 22.3 27.2 81.8 10.4 33.4 43.8 26.1 12.5 7.7 5.3 3.7 18.9 21.1 125.8 19.7
407 Micic, Vasilije CHA 23 8 15 49.0 43.4 89.2 48.7 14.1 39.5 35.8 16.4 19.5 83.9 11.8 34.1 45.9 30.3 13.4 7.7 4.7 3.9 15.8 17.3 117.4 10.1
407 Robinson, Mitchell NYK 23 13 10 49.5 43.1 87.7 49.1 14.4 36.4 39.6 13.4 17.9 75.1 9.8 30.8 40.6 26.7 14.3 7.4 5.6 3.2 21.9 16.1 114.0 -2.8
407 Williams, Grant CHA 23 8 15 48.6 41.2 86.5 47.6 12.6 38.5 32.8 15.7 19.3 81.0 10.3 35.4 45.8 28.1 14.7 6.9 4.3 3.8 18.2 16.8 110.7 6.4
407 Young, Thaddeus TOR 23 6 17 49.3 46.1 91.4 50.4 13.5 37.6 36.0 16.9 20.4 82.8 12.7 31.8 44.5 29.9 13.7 6.1 5.9 3.9 18.5 17.6 122.5 4.1
416 Ball, LaMelo CHA 22 7 15 46.7 43.6 85.8 50.8 14.8 35.8 41.3 19.1 24.2 78.8 8.7 33.4 42.1 28.2 13.5 6.4 4.5 3.9 19.7 21.2 121.0 9.1
416 Black, Leaky CHA 22 1 21 48.4 41.6 87.8 47.3 11.8 36.4 32.3 18.7 23.6 79.2 10.4 36.0 46.4 27.6 10.4 7.8 4.9 5.8 16.7 16.7 113.6 8.7
416 Cain, Jamal MIA 22 11 11 48.3 40.6 83.8 48.4 11.8 34.7 34.1 17.1 23.2 73.8 9.0 31.4 40.4 27.4 15.4 8.2 4.2 2.5 19.6 18.3 110.1 3.0
416 Eason, Tari HOU 22 12 10 47.5 35.3 83.9 42.1 8.6 32.8 26.2 24.6 32.0 76.9 10.1 30.7 40.8 19.5 14.3 6.6 5.8 5.6 22.0 23.9 103.9 -8.7
416 Fournier, Evan DET 22 5 17 47.0 39.5 84.6 46.8 11.0 34.9 31.6 17.1 23.3 73.5 10.9 36.3 47.3 25.5 15.8 10.1 4.8 3.9 13.9 20.4 107.2 10.1
416 Gafford, Daniel DAL 22 16 6 46.5 38.9 88.2 44.1 12.0 35.0 34.2 16.7 21.6 77.2 10.5 31.9 42.3 26.1 13.3 8.4 4.0 6.6 17.5 18.8 106.4 -9.3
416 Morris, Markieff DAL 22 13 9 45.7 43.5 88.1 49.4 12.9 34.8 37.1 14.2 19.5 73.0 11.9 33.2 45.1 23.7 13.5 7.1 3.2 2.9 21.6 16.4 114.2 10.8
416 O'Neale, Royce PHX 22 12 10 47.2 40.2 90.0 44.6 12.5 36.9 33.9 14.8 19.9 74.5 10.5 31.0 41.5 24.2 11.9 9.2 3.8 6.4 18.1 17.2 107.7 -6.7
416 Olynyk, Kelly TOR 22 4 18 47.2 46.8 90.7 51.6 13.6 37.0 36.9 15.9 19.8 80.2 12.9 34.6 47.4 30.0 14.1 7.2 5.2 3.5 17.7 18.1 123.1 15.9
416 Tucker, P.J. LAC 22 8 14 49.1 43.4 89.2 48.6 14.2 34.1 41.5 16.0 21.0 76.1 10.8 32.7 43.5 26.8 13.4 7.9 5.3 5.2 20.9 20.5 116.9 8.8
416 Washington, P.J. DAL 22 16 6 47.3 40.3 88.3 45.6 12.4 34.7 35.7 16.2 20.3 80.1 9.4 33.3 42.7 26.3 13.1 7.0 4.9 6.7 17.7 17.4 109.2 -8.1
427 Agbaji, Ochai TOR 21 4 17 47.5 45.9 90.2 50.9 12.2 35.1 34.8 16.6 21.1 78.7 11.8 34.2 46.0 28.1 13.8 6.8 5.0 4.0 17.0 17.8 120.6 13.4
427 Badji, Ibou POR 21 5 16 48.3 40.4 83.9 48.1 13.5 35.2 38.2 22.2 31.2 71.2 9.6 34.1 43.7 26.2 14.1 9.9 5.8 7.2 18.6 23.3 116.4 21.1
427 Bertans, Davis CHA 21 7 14 48.7 41.6 84.6 49.2 13.4 37.4 35.9 15.0 19.3 78.0 8.7 36.1 44.8 29.6 14.4 7.9 5.0 3.7 20.0 17.1 111.7 7.9
427 Beverley, Patrick MIL 21 14 7 50.0 42.8 91.0 47.1 16.8 41.0 41.1 13.6 18.1 75.3 11.0 34.8 45.7 26.7 13.6 6.6 3.7 4.9 19.9 19.6 116.1 6.1
427 Bogdanovic, Bojan NYK 21 11 10 50.5 42.4 88.4 48.0 12.3 32.9 37.5 16.3 21.9 74.6 10.4 33.6 44.0 27.4 13.0 8.0 5.0 4.2 18.2 18.8 113.4 8.7
427 Dinwiddie, Spencer LAL 21 14 7 46.7 44.7 94.8 47.1 12.4 35.7 34.8 13.2 16.3 81.2 11.5 30.5 42.1 28.4 10.8 6.7 4.1 5.5 18.8 15.0 115.0 -5.9
427 Hood-Schifino, Jalen LAL 21 10 11 46.4 39.1 85.5 45.8 14.0 38.3 36.7 19.6 26.0 75.4 9.4 34.5 43.8 25.1 9.8 7.2 5.1 4.7 18.7 18.7 111.9 23.0
427 Lee, Saben PHX 21 12 9 47.1 38.5 89.4 43.0 13.0 36.9 35.3 11.7 16.4 71.0 10.9 30.0 40.8 22.5 13.0 7.2 5.3 8.5 22.5 15.9 101.6 -4.2
427 Mays, Skylar POR 21 6 15 48.5 43.2 83.7 51.6 11.0 31.1 35.5 18.8 24.7 76.2 9.7 35.3 45.0 27.7 13.9 7.8 5.6 5.0 15.1 19.6 116.2 12.8
427 Schofield, Admiral ORL 21 14 7 48.1 39.0 90.9 43.0 9.1 39.6 23.1 13.4 18.3 73.3 11.0 37.2 48.2 21.3 13.4 10.4 4.3 4.9 14.6 15.9 100.6 11.0
427 Temple, Garrett TOR 21 4 17 47.0 40.8 86.8 46.9 11.9 36.7 32.5 14.7 17.6 83.9 15.4 30.7 46.1 22.3 17.6 10.0 7.2 3.1 16.0 16.3 108.2 5.6
438 Arcidiacono, Ryan NYK 20 15 5 47.5 32.6 91.6 35.6 5.3 38.9 13.5 9.5 14.7 64.3 18.9 32.6 51.6 18.9 15.8 8.4 4.2 3.2 9.5 14.7 80.0 -2.1
438 Garza, Luka MIN 20 15 5 44.1 39.1 76.0 51.5 9.3 24.4 38.2 21.8 28.0 77.8 6.7 34.2 40.9 26.7 13.3 6.2 3.1 1.8 16.0 19.6 109.3 9.8
438 Hayward, Gordon OKC 20 15 5 47.7 42.5 84.5 50.3 13.5 32.7 41.3 18.4 24.1 76.5 9.3 34.3 43.5 27.3 13.6 7.5 5.7 5.2 17.3 19.3 117.0 5.4
438 Mann, Tre CHA 20 7 13 49.5 42.9 89.2 48.1 13.8 38.9 35.5 12.3 15.3 80.1 11.6 34.4 46.0 30.4 15.1 7.5 4.2 3.9 17.7 15.1 111.9 6.4
438 Santos, Gui GSW 20 14 6 46.9 39.8 86.6 45.9 13.1 37.7 34.6 15.7 22.8 68.8 9.5 29.1 38.6 25.2 11.3 7.1 5.3 5.9 17.5 21.1 108.3 -3.9
438 Smart, Marcus MEM 20 7 13 46.9 38.8 85.7 45.2 13.2 34.7 38.0 19.2 25.1 76.8 9.2 35.2 44.5 23.0 15.7 7.4 5.7 6.0 17.5 21.7 110.0 1.6
444 Bassey, Charles SAS 19 3 16 45.1 40.9 82.2 49.7 14.9 35.6 42.0 18.5 23.7 77.8 8.6 31.9 40.4 25.1 14.3 9.5 4.4 6.2 15.6 18.0 115.2 10.1
444 Brown, Moses POR 19 4 15 47.7 42.6 85.1 50.0 14.3 33.7 42.4 19.7 24.0 82.1 10.6 32.9 43.4 26.0 12.0 10.3 8.6 4.6 20.0 16.3 119.1 15.4
444 Burks, Alec NYK 19 9 10 51.2 43.4 93.6 46.4 12.1 34.8 34.7 14.7 19.0 76.9 14.3 33.2 47.4 25.8 11.7 9.3 5.9 4.4 18.5 18.7 113.6 11.7
444 Key, Braxton DEN 19 13 6 46.1 33.9 75.6 44.8 11.8 33.9 34.9 23.6 32.3 73.2 11.0 35.4 46.5 20.5 16.5 3.9 4.7 5.5 14.2 23.6 103.1 6.3
444 Mills, Patty ATL 19 9 10 46.6 43.0 85.2 50.4 12.5 35.3 35.3 17.8 23.1 77.0 9.9 38.1 48.0 26.6 13.9 6.2 5.1 3.5 17.1 20.3 116.2 9.0
444 Moore Jr., Wendell MIN 19 15 4 41.8 38.1 74.6 51.1 6.3 23.0 27.6 26.2 36.5 71.7 10.3 31.7 42.1 26.2 15.1 7.9 5.6 4.0 11.1 21.4 108.7 19.8
444 Morris, Monte MIN 19 14 5 48.8 39.5 85.6 46.2 12.0 31.5 38.0 14.6 19.0 76.7 7.2 36.9 44.1 27.0 14.9 5.9 3.6 7.4 18.5 17.0 105.6 -7.2
444 Robinson, Jerome GSW 19 14 5 44.8 33.3 79.1 42.1 9.8 34.0 28.8 13.7 20.9 65.6 6.5 30.1 36.6 19.0 13.1 8.5 3.3 9.2 13.7 15.7 90.2 -18.3
444 Stevens, Lamar BOS 19 15 4 46.7 36.8 86.6 42.5 9.6 36.4 26.3 18.0 24.1 74.6 13.8 34.5 48.3 23.0 15.3 6.5 4.2 5.4 18.4 19.5 101.1 -3.8
444 Williams, Mark CHA 19 7 12 48.1 44.4 90.9 48.9 12.8 35.6 35.9 15.5 20.2 77.0 10.6 33.1 43.8 25.9 13.5 7.1 5.4 4.5 17.9 17.6 117.1 2.0
454 Bitim, Onuralp CHI 18 8 10 48.1 42.2 88.1 47.9 14.1 39.2 35.9 16.4 23.2 70.6 11.5 32.2 43.7 26.7 12.8 7.9 5.3 3.8 19.8 17.7 114.9 8.1
454 Griffin, AJ ATL 18 8 10 44.5 43.6 81.9 53.3 14.4 34.9 41.3 17.4 21.1 82.5 8.1 32.9 40.9 31.2 16.1 9.1 6.7 4.4 17.8 15.1 119.1 9.4
454 Lowry, Kyle PHI 18 6 12 50.4 40.3 86.8 46.4 13.5 37.7 35.8 19.0 23.6 80.4 11.4 37.9 49.2 28.0 15.5 6.6 5.3 5.8 18.0 21.0 113.0 5.9
454 Nwora, Jordan IND 18 8 10 45.0 40.1 79.3 50.6 12.3 28.8 42.7 24.4 29.6 82.5 8.9 31.0 39.9 22.4 15.3 4.7 4.7 4.9 19.0 21.4 117.0 3.9
454 Williams, Nate HOU 18 9 9 45.8 38.0 85.2 44.6 10.2 32.9 31.0 18.5 26.9 69.0 11.1 30.6 41.7 20.4 12.0 5.1 7.4 4.2 18.1 22.7 104.6 -9.7
459 Anunoby, OG NYK 17 15 2 49.3 36.5 88.0 41.4 10.2 33.4 30.6 15.3 20.4 74.9 10.6 29.7 40.3 25.0 14.0 7.3 4.4 5.4 19.6 18.8 98.4 -24.5
459 Holmes, Richaun WAS 17 4 13 47.0 43.3 88.4 48.9 12.7 34.8 36.6 19.9 25.5 77.9 9.5 33.3 42.8 26.4 12.4 7.9 6.7 4.9 15.7 21.5 119.1 8.3
459 Huff, Jay DEN 17 13 4 44.0 37.4 74.7 50.0 6.1 25.3 24.0 22.2 32.3 68.8 12.1 35.4 47.5 20.2 16.2 8.1 1.0 3.0 10.1 24.2 103.0 13.1
459 Livingston, Chris MIL 17 11 6 46.0 35.3 74.4 47.4 10.3 28.8 35.6 35.9 44.9 80.0 7.7 26.3 34.0 21.8 10.9 9.0 7.1 3.8 9.0 30.8 116.7 7.7
463 Clowney, Noah BKN 16 7 9 48.2 40.5 81.5 49.6 12.3 35.2 35.0 19.1 23.8 80.2 9.7 32.6 42.2 24.3 16.7 6.7 8.5 3.8 18.8 18.2 112.3 -0.3
463 Flynn, Malachi DET 16 3 13 48.9 42.2 85.1 49.5 12.2 31.6 38.7 17.8 25.5 69.8 11.9 35.5 47.5 24.9 15.1 9.5 5.3 4.0 15.9 20.7 114.3 19.9
463 Fontecchio, Simone DET 16 4 12 46.6 39.3 84.8 46.4 11.1 33.0 33.5 19.1 24.1 79.2 8.1 35.9 44.0 25.2 14.1 9.1 6.6 4.0 15.3 19.8 108.8 3.5
463 Gibson, Taj NYK 16 7 9 47.9 39.1 82.9 47.2 14.8 39.7 37.2 18.0 25.5 70.5 5.8 35.1 40.9 27.2 11.3 4.9 4.9 3.2 16.8 20.6 111.0 7.0
463 Giles III, Harry BKN 16 6 10 47.2 43.0 90.1 47.7 18.0 44.8 40.3 22.7 30.8 73.6 13.4 27.3 40.7 31.4 10.5 6.4 5.8 4.7 19.2 23.3 126.7 4.7
463 Graham, Devonte' SAS 16 4 12 46.9 38.0 81.5 46.6 11.2 29.7 37.8 17.5 23.8 73.6 8.6 35.3 43.9 27.4 18.2 8.3 5.0 6.3 19.1 16.2 104.6 -12.2
463 Hagans, Ashton POR 16 2 14 49.8 36.6 81.1 45.1 10.6 29.0 36.6 25.6 33.9 75.5 12.8 30.5 43.2 19.6 15.3 8.6 7.9 5.6 18.9 25.2 109.4 2.9
463 Harris, Joe DET 16 4 12 45.8 41.0 85.4 47.9 10.5 26.4 39.8 25.3 29.9 84.7 12.7 30.2 42.9 23.7 11.6 8.4 6.5 6.2 19.7 22.9 117.8 12.9
463 Jeffries, DaQuan NYK 16 10 6 47.4 35.1 86.2 40.7 13.8 47.9 28.9 10.6 16.0 66.7 12.8 41.5 54.3 23.4 16.0 5.3 6.4 4.3 11.7 13.8 94.7 5.3
463 Jemison, Trey MEM 16 3 13 50.2 44.0 87.9 50.0 13.5 37.6 35.9 14.5 19.1 75.9 8.2 30.2 38.4 30.0 14.2 10.8 5.3 4.9 18.4 18.5 115.9 7.0
463 Lopez, Robin MIL 16 10 6 45.3 39.2 80.4 48.7 11.9 30.1 39.5 21.7 30.8 70.5 9.1 34.3 43.4 23.8 13.3 10.5 4.2 2.8 9.8 20.3 111.9 16.1
474 Bernard, Jules WAS 15 2 13 46.0 36.8 80.2 45.9 7.0 26.9 26.2 23.1 28.9 80.0 12.0 31.0 43.0 24.0 15.7 9.1 5.8 5.4 20.7 19.0 103.7 -4.5
474 Bertans, Davis OKC 15 11 4 44.2 35.9 73.8 48.7 15.5 36.4 42.7 21.4 30.6 69.8 8.3 30.6 38.8 26.2 14.1 4.9 5.3 3.9 21.4 20.9 108.7 -11.7
474 Lewis Jr., Kira NOP 15 9 6 46.3 37.4 88.1 42.5 11.0 40.0 27.4 18.4 26.5 69.5 13.9 36.8 50.6 23.5 14.8 5.8 5.2 3.2 23.2 19.4 104.2 6.1
474 Lofton Jr., Kenneth MEM 15 4 11 45.5 36.9 76.5 48.2 12.4 32.3 38.6 16.6 23.0 72.0 8.8 36.9 45.6 22.6 20.3 7.4 7.4 7.8 19.4 20.7 102.8 -2.3
474 Porter Jr., Otto TOR 15 6 9 46.3 37.8 82.2 46.0 12.8 34.8 36.6 18.1 22.6 80.0 8.8 31.1 39.9 25.0 14.1 6.1 4.0 5.3 19.1 18.6 106.4 -5.9
474 Simmons, Ben BKN 15 7 8 47.3 43.2 89.5 48.3 13.2 34.9 37.7 15.0 18.1 83.2 8.6 36.4 44.9 24.6 13.0 6.1 3.8 4.5 15.0 16.9 114.6 5.0
474 Stevens, Lamar MEM 15 4 11 49.1 38.8 89.9 43.2 14.5 40.2 36.1 15.6 20.5 75.7 13.3 33.5 46.8 24.5 16.0 9.5 6.0 6.2 21.1 17.4 107.7 5.9
474 Swider, Cole MIA 15 6 9 48.7 41.2 84.1 49.0 14.1 34.1 41.4 11.8 17.1 69.0 9.4 34.7 44.1 27.6 12.4 9.4 4.7 2.4 15.9 12.4 108.2 5.9
482 Azubuike, Udoka PHX 14 10 4 47.1 43.9 92.1 47.6 18.0 42.1 42.7 19.7 24.6 80.4 8.8 30.7 39.5 32.0 11.0 7.9 7.9 8.8 20.6 18.9 125.4 16.7
482 Bates-Diop, Keita BKN 14 6 8 50.8 39.1 77.4 50.5 7.5 30.8 24.4 21.8 26.3 82.9 7.5 30.8 38.3 21.8 16.5 5.3 6.8 3.8 19.5 18.8 107.5 9.8
482 Bouknight, James CHA 14 0 14 48.7 41.0 80.1 51.1 13.3 31.3 42.3 19.3 24.7 78.0 10.8 37.3 48.2 26.5 15.7 8.4 9.0 3.6 15.7 18.7 114.5 6.6
482 Brown Jr., Troy DET 14 1 13 47.5 44.9 85.0 52.8 12.0 32.1 37.3 15.2 20.1 75.5 7.1 34.0 41.0 28.8 13.0 9.0 5.3 3.0 15.4 18.8 116.9 17.5
482 Flynn, Malachi NYK 14 12 2 46.9 36.4 85.3 42.7 12.4 38.8 32.0 10.1 12.4 81.3 8.5 28.7 37.2 24.8 11.6 6.2 8.5 4.7 14.0 13.2 95.3 3.1
482 Freeman-Liberty, Javon TOR 14 1 13 47.8 44.7 87.7 51.0 14.6 38.7 37.7 15.8 19.4 81.3 12.8 34.2 47.0 27.7 16.6 9.1 6.3 3.2 17.2 17.4 119.8 13.8
482 Howard, Jett ORL 14 7 7 44.6 36.2 81.0 44.7 10.3 34.5 30.0 14.7 22.4 65.4 9.5 28.4 37.9 19.8 12.9 6.9 3.4 3.4 18.1 16.4 97.4 1.7
482 Juzang, Johnny UTA 14 3 11 48.8 40.3 90.2 44.7 15.9 36.4 43.6 16.3 22.6 72.2 11.7 30.8 42.4 25.2 11.0 7.9 3.7 7.0 17.0 19.3 112.8 -0.5
482 Krejci, Vit ATL 14 7 7 49.8 43.4 86.0 50.5 12.8 33.9 37.8 17.8 21.2 83.8 8.7 32.5 41.2 28.1 13.5 7.0 7.4 5.0 16.0 17.9 117.4 -3.6
482 Mays, Skylar LAL 14 7 7 48.3 37.2 85.8 43.3 10.1 37.8 26.8 29.7 35.8 83.0 16.9 31.8 48.6 25.7 14.9 5.4 5.4 4.1 12.8 24.3 114.2 8.1
482 Roddy, David PHX 14 7 7 43.8 40.3 89.9 44.8 13.2 34.9 37.8 12.4 14.7 84.2 16.3 32.6 48.8 22.5 14.7 9.3 4.7 7.8 17.8 14.0 106.2 13.2
482 Sarr, Olivier OKC 14 7 7 47.8 36.9 87.9 42.0 17.2 41.9 41.0 13.6 18.2 75.0 11.1 26.8 37.9 22.7 12.6 8.6 1.5 6.6 15.2 16.2 104.5 -4.5
482 Tyson, Hunter DEN 14 10 4 44.4 31.9 70.3 45.3 6.6 36.3 18.2 27.5 37.4 73.5 9.9 34.1 44.0 18.7 14.3 6.6 0.0 1.1 5.5 27.5 97.8 -7.7
495 Bates, Emoni CLE 13 7 6 49.1 42.5 85.0 50.0 16.9 41.5 40.7 21.3 25.1 84.6 12.6 33.8 46.4 29.5 16.4 8.7 3.9 4.3 15.5 18.4 123.2 28.0
495 Gallinari, Danilo MIL 13 9 4 51.6 42.3 85.9 49.2 20.7 44.1 47.0 18.5 24.2 76.4 8.4 30.8 39.2 26.9 14.5 8.4 4.4 3.5 12.3 20.3 123.8 19.4
495 Maledon, Theo CHA 13 3 10 46.2 41.6 82.2 50.6 15.9 34.9 45.7 24.7 31.4 78.7 8.5 30.3 38.8 27.9 12.9 7.2 4.8 5.5 22.4 24.5 123.8 13.2
495 Mann, Tre OKC 13 11 2 48.6 37.0 85.8 43.1 13.8 37.4 37.0 18.7 22.8 82.1 11.8 33.7 45.5 24.0 14.6 9.3 3.3 4.9 10.6 15.9 106.5 2.0
495 Muscala, Mike DET 13 4 9 46.6 41.1 87.5 47.0 11.2 34.3 32.5 14.7 19.9 74.0 8.2 30.5 38.7 27.0 10.6 8.4 5.2 4.4 17.7 17.2 108.2 -12.5
495 Pippen Jr., Scotty MEM 13 2 11 47.6 40.9 84.2 48.6 14.1 35.0 40.2 15.6 19.5 80.0 11.3 37.0 48.3 28.0 17.2 8.9 5.5 5.8 19.8 19.4 111.6 9.1
495 Queen, Trevelin ORL 13 5 8 49.4 42.4 90.3 47.0 10.6 32.1 33.0 15.5 22.4 68.9 11.5 30.9 42.4 26.7 15.5 7.9 2.4 5.2 19.1 21.8 110.9 2.7
495 Springer, Jaden BOS 13 12 1 50.9 37.9 87.9 43.1 10.0 32.9 30.4 16.4 20.7 79.3 12.9 31.4 44.3 22.1 13.6 3.6 5.7 7.9 13.6 20.0 102.1 -4.3
495 Tillman, Xavier BOS 13 11 2 50.6 45.1 91.5 49.3 9.9 28.3 34.9 9.9 13.6 72.5 10.4 32.0 42.4 25.6 14.9 6.7 4.5 7.7 16.0 14.1 109.9 -13.3
504 Brown, Kendall IND 12 7 5 45.7 33.7 74.7 45.1 9.5 30.5 31.0 22.1 23.2 95.5 11.6 28.4 40.0 23.2 21.1 6.3 5.3 6.3 15.8 17.9 98.9 15.8
504 Marjanovic, Boban HOU 12 8 4 45.1 43.4 86.1 50.5 16.4 39.3 41.7 16.4 20.5 80.0 8.2 27.9 36.1 25.4 10.7 6.6 4.1 4.1 16.4 13.9 119.7 21.3
504 McDermott, Doug IND 12 8 4 44.1 43.0 79.0 54.4 11.7 27.7 42.2 22.0 26.3 83.5 6.3 32.7 39.0 28.0 13.0 8.0 4.0 3.3 17.0 18.3 119.7 3.0
504 Nix, Daishen MIN 12 9 3 43.4 33.3 71.1 46.9 7.8 26.7 29.2 21.1 30.0 70.4 8.9 34.4 43.3 18.9 18.9 2.2 4.4 4.4 17.8 18.9 95.6 -22.2
504 Potter, Micah UTA 12 2 10 49.1 38.4 92.2 41.6 19.0 46.9 40.5 10.1 14.3 70.3 11.6 33.3 45.0 29.1 13.2 8.1 5.4 5.0 19.8 15.1 105.8 5.8
504 Smith, Terquavion PHI 12 4 8 42.0 43.0 80.6 53.4 15.2 38.2 39.7 14.5 17.6 82.8 10.3 30.3 40.6 31.5 20.0 7.9 3.6 3.0 20.6 15.2 115.8 -2.4
504 Williams, Brandon DAL 12 7 5 45.8 46.5 93.0 50.0 14.7 31.8 46.3 7.0 11.6 60.0 10.1 40.3 50.4 25.6 12.4 7.0 5.4 6.2 17.1 12.4 114.7 20.9
511 Diabate, Moussa LAC 11 7 4 49.4 41.5 92.3 45.0 16.9 43.1 39.3 19.2 29.2 65.8 16.2 23.1 39.2 28.5 14.6 3.8 5.4 3.1 20.0 20.8 119.2 1.5
511 Hinton, Nate HOU 11 6 5 43.6 32.6 75.8 43.0 9.1 29.5 30.8 26.5 39.4 67.3 7.6 28.8 36.4 15.9 6.8 6.1 3.8 6.1 18.2 21.2 100.8 -12.1
511 Miller, Leonard MIN 11 10 1 44.0 36.0 73.3 49.1 8.0 22.7 35.3 20.0 32.0 62.5 9.3 36.0 45.3 28.0 18.7 6.7 8.0 5.3 4.0 20.0 100.0 14.7
511 Mills, Patty MIA 11 5 6 49.0 37.6 81.1 46.4 12.1 36.6 33.1 11.1 14.4 77.2 7.3 34.6 41.9 28.0 18.9 4.5 4.8 2.3 19.9 14.9 98.5 -17.9
511 Samuels Jr., Jermaine HOU 11 6 5 45.3 39.3 76.1 51.7 12.0 32.5 36.8 23.9 33.3 71.8 6.0 29.9 35.9 20.5 8.5 7.7 3.4 4.3 14.5 20.5 114.5 9.4
511 Toscano-Anderson, Juan SAC 11 7 4 47.9 36.4 88.2 41.2 14.5 40.9 35.6 20.0 24.5 81.5 10.0 31.8 41.8 19.1 13.6 8.2 2.7 9.1 18.2 23.6 107.3 8.2
511 Wright, Delon MIA 11 7 4 50.3 41.6 85.9 48.4 14.3 35.6 40.3 12.9 15.9 81.2 9.0 32.3 41.3 26.6 16.2 5.8 3.9 3.0 19.9 13.2 110.4 -4.6
518 Brooks, Armoni BKN 10 3 7 48.8 41.8 93.0 44.9 16.0 47.9 33.3 15.0 21.1 71.1 15.0 29.6 44.6 26.8 12.2 5.2 5.2 3.3 20.7 18.8 114.6 -13.1
518 Castleton, Colin LAL 10 5 5 48.1 44.7 84.0 53.2 12.8 36.2 35.3 13.8 22.3 61.9 13.8 35.1 48.9 25.5 13.8 5.3 6.4 4.3 13.8 20.2 116.0 28.7
518 Champagnie, Justin WAS 10 3 7 47.5 39.6 81.8 48.5 11.6 34.3 33.9 27.0 31.8 85.1 10.7 36.8 47.5 25.5 12.9 7.5 6.6 5.7 16.7 22.3 117.9 12.6
518 Evbuomwan, Tosan DET 10 1 9 48.3 44.7 87.6 51.1 14.1 37.6 37.6 14.6 22.0 66.3 8.4 34.4 42.8 30.1 12.7 8.1 5.7 3.1 18.2 20.3 118.2 19.9
518 Goodwin, Jordan MEM 10 4 6 48.9 42.7 89.5 47.7 13.9 37.0 37.5 14.8 20.3 72.8 11.9 34.7 46.6 26.5 15.1 9.4 6.2 7.3 16.7 18.5 114.1 14.2
518 Pokusevski, Aleksej OKC 10 8 2 47.2 45.3 84.4 53.7 17.2 39.1 44.0 17.2 21.9 78.6 8.6 35.2 43.8 26.6 9.4 9.4 3.1 4.7 13.3 16.4 125.0 26.6
518 Pokusevski, Aleksej CHA 10 3 7 49.9 44.0 91.5 48.0 15.4 43.7 35.3 13.9 16.5 84.4 12.1 35.2 47.3 32.1 15.4 8.2 4.1 2.3 17.5 13.9 117.2 14.4
518 Rhoden, Jared DET 10 1 9 46.6 41.0 79.2 51.8 14.2 36.3 39.0 17.5 25.5 68.5 9.4 28.3 37.7 24.1 14.2 7.5 2.8 4.7 22.2 17.9 113.7 1.9
518 Rollins, Ryan WAS 10 1 9 44.2 28.9 77.2 37.4 8.7 32.9 26.5 16.1 21.5 75.0 15.4 28.2 43.6 18.1 30.2 11.4 5.4 10.1 21.5 18.8 82.6 -38.3
527 Bufkin, Kobe ATL 9 6 3 46.4 37.0 85.9 43.0 12.0 33.3 35.9 16.1 22.9 70.5 10.9 33.3 44.3 21.9 15.1 8.3 4.7 7.3 18.2 17.7 102.1 -3.6
527 Jarreau, DeJon MEM 9 2 7 48.2 41.6 88.7 46.9 15.2 38.7 39.2 12.3 14.5 84.4 8.4 36.8 45.2 30.6 14.2 7.1 6.5 4.5 20.6 14.8 110.6 7.7
527 Johnson, Keyontae OKC 9 7 2 47.6 41.0 84.2 48.7 13.7 38.8 35.2 9.4 12.9 72.2 4.3 30.9 35.3 20.9 11.5 12.9 4.3 4.3 12.9 12.9 105.0 5.0
527 Lewis Jr., Kira UTA 9 1 8 47.1 41.8 88.5 47.2 18.9 40.2 46.9 10.7 14.8 72.2 9.8 32.0 41.8 26.2 12.3 8.2 3.3 4.9 21.3 11.5 113.1 12.3
527 Lundy, Seth ATL 9 2 7 46.8 46.8 90.1 52.0 12.6 33.3 37.8 8.1 11.7 69.2 12.6 31.5 44.1 33.3 15.3 9.9 2.7 5.4 18.9 13.5 114.4 11.7
527 Moon, Xavier LAC 9 5 4 46.3 43.8 85.0 51.5 12.5 37.5 33.3 16.3 25.0 65.0 11.3 37.5 48.8 23.8 8.8 10.0 6.3 3.8 11.3 17.5 116.3 41.3
527 Morant, Ja MEM 9 6 3 47.1 40.4 86.7 46.7 11.0 32.3 33.9 17.5 22.8 76.6 10.4 32.9 43.3 24.9 13.3 7.1 5.3 6.7 21.3 18.7 109.3 -1.6
527 Muscala, Mike OKC 9 5 4 45.4 31.6 67.1 47.1 9.2 30.3 30.4 17.1 21.1 81.3 2.6 35.5 38.2 22.4 15.8 5.3 5.3 1.3 13.2 18.4 89.5 -7.9
527 Nowell, Jaylen MEM 9 3 6 47.5 39.5 88.4 44.7 12.2 33.4 36.4 17.6 19.8 89.2 10.9 33.7 44.7 26.7 15.2 7.0 4.9 7.0 16.7 18.8 108.8 0.6
527 Slawson, Jalen SAC 9 6 3 49.1 43.8 87.5 50.0 6.3 23.4 26.7 18.8 31.3 60.0 14.1 26.6 40.6 21.9 10.9 10.9 0.0 4.7 17.2 26.6 112.5 14.1
527 Smith, Dru MIA 9 7 2 48.3 42.1 90.0 46.7 15.9 39.9 39.8 13.3 18.5 72.0 15.1 38.0 53.1 25.5 19.6 6.6 4.4 4.8 21.4 17.3 113.3 15.9
527 Toppin, Jacob NYK 9 2 7 50.9 42.7 76.0 56.1 17.3 33.3 52.0 17.3 18.7 92.9 4.0 38.7 42.7 32.0 13.3 8.0 5.3 2.7 18.7 17.3 120.0 21.3
539 Bailey, Amari CHA 8 0 8 48.4 39.1 84.4 46.3 15.6 45.3 34.5 9.4 14.1 66.7 7.8 31.3 39.1 31.3 15.6 10.9 4.7 1.6 12.5 9.4 103.1 -4.7
539 Brown Jr., Charlie NYK 8 2 6 51.1 38.4 86.3 44.4 16.4 42.5 38.7 19.2 24.7 77.8 6.8 39.7 46.6 26.0 9.6 6.8 1.4 6.8 15.1 20.5 112.3 8.2
539 Curry, Seth CHA 8 4 4 49.1 43.7 91.3 47.8 13.9 40.9 34.1 10.2 12.7 80.5 10.5 34.1 44.6 32.5 13.3 7.1 5.3 4.0 16.1 16.7 111.5 7.7
539 Gueye, Mouhamadou TOR 8 0 8 48.4 44.7 100.0 44.7 12.9 37.9 34.0 7.6 9.8 76.9 21.2 37.1 58.3 26.5 17.4 10.6 9.1 8.3 18.2 9.8 109.8 37.1
539 Hampton, R.J. MIA 8 3 5 48.1 40.5 93.7 43.2 12.7 38.6 32.8 11.4 17.1 66.7 10.8 31.6 42.4 25.9 7.6 8.2 5.7 3.8 19.0 16.5 105.1 -13.3
539 Hurt, Matt MEM 8 2 6 48.6 39.1 86.7 45.0 12.4 38.2 32.6 13.3 16.7 79.5 13.7 32.2 45.9 24.9 18.0 9.4 4.3 5.2 22.3 15.9 103.9 5.2
539 Johnson, James IND 8 3 5 45.9 40.9 77.3 52.9 14.8 40.9 36.1 19.3 21.6 89.5 12.5 30.7 43.2 20.5 23.9 3.4 4.5 2.3 15.9 13.6 115.9 1.1
539 Liddell, E.J. NOP 8 3 5 43.6 41.5 83.0 50.0 13.2 37.7 35.0 9.4 11.3 83.3 13.2 30.2 43.4 20.8 18.9 7.5 0.0 5.7 24.5 7.5 105.7 7.5
539 Miller, Jordan LAC 8 5 3 44.7 44.4 96.8 45.9 9.5 30.2 31.6 17.5 27.0 64.7 20.6 28.6 49.2 25.4 11.1 12.7 4.8 4.8 14.3 17.5 115.9 20.6
539 Tshiebwe, Oscar IND 8 2 6 44.6 31.9 66.0 48.4 10.6 28.7 37.0 25.5 29.8 85.7 6.4 26.6 33.0 18.1 24.5 7.4 6.4 7.4 19.1 21.3 100.0 -14.9
539 Warren, T.J. MIN 8 5 3 45.9 37.0 79.1 46.7 7.8 24.8 31.6 18.7 26.1 71.7 8.7 35.7 44.3 20.0 17.4 7.4 4.3 3.9 17.4 17.8 100.4 -10.0
539 Windler, Dylan LAL 8 4 4 46.9 42.4 93.2 45.5 13.6 45.8 29.6 22.0 28.8 76.5 13.6 25.4 39.0 27.1 10.2 10.2 1.7 1.7 11.9 18.6 120.3 1.7
551 Biyombo, Bismack OKC 7 4 3 45.1 36.4 73.9 49.2 9.1 28.4 32.0 22.7 26.1 87.0 5.7 35.2 40.9 20.5 19.3 8.0 8.0 4.5 12.5 19.3 104.5 3.4
551 Dowtin Jr., Jeff PHI 7 2 5 50.9 40.8 92.9 43.9 12.4 39.1 31.8 14.2 16.0 88.9 14.8 30.8 45.6 26.0 13.0 4.7 11.2 6.5 15.4 15.4 108.3 -9.5
551 Hodge, D'Moi LAL 7 1 6 46.9 48.9 88.6 55.1 15.9 36.4 43.8 12.5 15.9 78.6 15.9 33.0 48.9 25.0 14.8 9.1 2.3 4.5 18.2 14.8 126.1 39.8
551 Morris Sr., Marcus CLE 7 3 4 50.6 43.7 88.2 49.5 13.9 31.9 43.4 14.7 18.9 77.8 8.8 36.6 45.4 30.3 11.3 8.4 3.8 3.8 20.6 20.6 116.0 14.7
551 Ramsey, Jahmi'us TOR 7 0 7 46.8 40.9 92.3 44.4 12.7 37.5 34.0 16.6 22.4 74.1 16.6 35.1 51.7 22.8 14.3 9.3 5.4 4.6 18.9 19.3 111.2 10.8
551 Wainright, Ish POR 7 1 6 44.1 23.1 66.3 34.8 7.7 30.8 25.0 22.1 34.6 63.9 5.8 43.3 49.0 12.5 18.3 6.7 6.7 3.8 16.3 22.1 76.0 0.0
557 Bouyea, Jamaree POR 6 0 6 46.9 36.9 77.9 47.4 13.9 35.2 39.5 10.7 16.4 65.0 10.7 37.7 48.4 20.5 21.3 8.2 7.4 3.3 18.0 15.6 98.4 18.0
557 Brown III, Greg DAL 6 3 3 42.3 46.8 95.7 48.9 5.3 29.8 17.9 11.7 16.0 73.3 10.6 34.0 44.7 25.5 8.5 12.8 5.3 7.4 19.1 12.8 110.6 9.6
557 Cissoko, Sidy SAS 6 1 5 43.2 28.4 73.0 38.9 8.1 27.0 30.0 18.9 27.0 70.0 8.1 33.8 41.9 17.6 20.3 9.5 5.4 5.4 17.6 14.9 83.8 -20.3
557 Davison, JD BOS 6 6 0 47.7 25.0 83.3 30.0 0.0 29.2 0.0 29.2 33.3 87.5 12.5 25.0 37.5 16.7 12.5 0.0 4.2 4.2 16.7 20.8 79.2 -33.3
557 Ford, Jordan SAC 6 2 4 48.5 35.6 80.0 44.4 13.3 31.1 42.9 13.3 13.3 100 11.1 31.1 42.2 17.8 15.6 2.2 4.4 6.7 11.1 8.9 97.8 -31.1
557 Gallinari, Danilo DET 6 1 5 46.4 45.6 81.3 56.1 9.3 29.0 32.1 15.0 19.7 76.3 3.1 27.5 30.6 25.9 9.8 7.8 4.7 2.6 23.3 15.5 115.5 -13.5
557 Giles III, Harry LAL 6 4 2 46.9 50.0 80.6 62.1 8.3 27.8 30.0 22.2 27.8 80.0 13.9 30.6 44.4 27.8 13.9 8.3 8.3 0.0 2.8 19.4 130.6 77.8
557 Grimes, Quentin DET 6 3 3 49.5 41.6 92.7 44.9 10.3 32.6 31.6 21.5 28.8 74.6 12.9 36.9 49.8 28.8 11.6 9.9 6.4 6.0 10.7 23.6 115.0 18.9
557 Metu, Chimezie DET 6 1 5 48.1 41.0 82.4 49.8 11.7 35.2 33.3 13.9 20.4 68.2 8.3 32.7 41.0 26.9 15.7 9.0 5.2 2.5 16.7 17.0 107.7 8.6
557 Mobley, Isaiah CLE 6 1 5 49.9 42.2 81.4 51.8 17.6 38.2 46.2 13.7 14.7 93.3 4.9 33.3 38.2 27.5 14.7 6.9 4.9 1.0 14.7 13.7 115.7 8.8
557 Morris, Monte DET 6 2 4 47.0 44.1 87.6 50.4 9.7 30.3 31.8 9.0 12.4 72.2 6.2 35.2 41.4 24.8 11.0 9.7 6.2 2.8 17.9 11.0 106.9 1.4
557 Seabron, Dereon NOP 6 3 3 47.1 33.3 91.5 36.4 8.5 39.3 21.7 19.7 26.5 74.2 13.7 29.1 42.7 20.5 12.8 7.7 4.3 5.1 23.9 22.2 94.9 -23.9
557 Vincent, Gabe LAL 6 3 3 47.1 37.7 83.7 45.0 13.7 36.0 38.0 13.0 16.7 78.0 8.0 34.7 42.7 20.0 16.0 8.3 4.3 4.0 21.3 18.0 102.0 1.0
557 Walsh, Jordan BOS 6 6 0 51.2 28.2 83.3 33.8 7.7 32.1 24.0 23.1 28.2 81.8 15.4 26.9 42.3 19.2 15.4 3.8 3.8 3.8 9.0 21.8 87.2 -43.6
557 Williams III, Robert POR 6 2 4 47.1 40.9 85.7 47.7 13.1 35.3 37.1 18.7 23.8 78.3 9.5 35.7 45.2 29.0 13.5 7.5 8.3 6.0 19.4 21.8 113.5 11.9
557 Young, Thaddeus PHX 6 3 3 45.5 31.2 84.0 37.1 9.6 40.0 24.0 20.8 26.4 78.8 12.0 28.0 40.0 21.6 12.8 12.8 5.6 8.0 13.6 16.0 92.8 -14.4
573 Boeheim, Buddy DET 5 0 5 46.7 35.2 84.8 41.6 12.4 41.0 30.2 18.1 28.6 63.3 11.4 34.3 45.7 23.8 11.4 7.6 3.8 6.7 20.0 20.0 101.0 -14.3
573 Gabriel, Wenyen MEM 5 1 4 49.4 38.4 87.2 44.1 12.8 40.9 31.3 9.1 13.4 68.2 6.7 36.6 43.3 23.2 17.1 11.0 6.7 4.3 17.1 18.9 98.8 9.8
573 Milton, Shake NYK 5 4 1 47.8 32.1 73.2 43.9 8.9 33.9 26.3 25.0 28.6 87.5 5.4 30.4 35.7 26.8 14.3 5.4 8.9 5.4 16.1 21.4 98.2 -16.1
573 Ntilikina, Frank CHA 5 0 5 48.2 44.9 88.8 50.6 12.4 36.0 34.4 20.2 27.0 75.0 9.0 41.6 50.6 22.5 9.0 4.5 4.5 5.6 19.1 20.2 122.5 1.1
573 Pereira, Maozinha MEM 5 1 4 46.5 34.7 78.8 44.1 13.6 34.7 39.0 13.6 18.6 72.7 4.2 40.7 44.9 27.1 16.9 5.1 5.9 5.1 19.5 18.6 96.6 4.2
573 Vukcevic, Tristan WAS 5 2 3 47.0 27.9 76.5 36.5 5.9 27.9 21.1 23.5 30.9 76.2 7.4 29.4 36.8 14.7 14.7 10.3 7.4 2.9 20.6 23.5 85.3 -2.9
573 Washington Jr., TyTy MIL 5 3 2 43.1 16.7 52.1 32.0 6.3 33.3 18.8 41.7 52.1 80.0 4.2 41.7 45.8 14.6 16.7 14.6 0.0 2.1 16.7 27.1 81.3 6.3
573 Watanabe, Yuta MEM 5 1 4 49.5 42.8 88.6 48.3 16.3 39.2 41.5 12.7 17.5 72.4 13.9 31.3 45.2 28.3 13.3 9.0 6.6 4.2 22.3 16.9 114.5 18.1
573 Windler, Dylan ATL 5 3 2 48.8 46.9 92.7 50.6 13.5 38.5 35.1 7.3 12.5 58.3 9.4 33.3 42.7 33.3 13.5 6.3 2.1 7.3 16.7 19.8 114.6 3.1
582 Carton, D.J. TOR 4 2 2 43.9 45.7 102.5 44.6 12.3 34.6 35.7 16.0 22.2 72.2 25.9 35.8 61.7 18.5 11.1 12.3 4.9 7.4 14.8 21.0 119.8 38.3
582 Dennis, Dexter DAL 4 1 3 40.9 41.1 87.7 46.9 6.8 31.5 21.7 12.3 19.2 64.3 12.3 45.2 57.5 23.3 15.1 11.0 1.4 5.5 24.7 12.3 101.4 12.3
582 Evbuomwan, Tosan MEM 4 0 4 51.0 46.2 94.5 48.9 15.2 42.8 35.5 18.6 24.8 75.0 13.8 39.3 53.1 26.2 10.3 8.3 4.8 4.1 11.7 17.9 126.2 19.3
582 Fudge, Alex LAL 4 1 3 43.8 42.4 81.8 51.9 18.2 42.4 42.9 18.2 21.2 85.7 18.2 27.3 45.5 33.3 15.2 9.1 3.0 0.0 18.2 18.2 121.2 60.6
582 Johnson, Keon BKN 4 0 4 49.6 53.4 89.3 59.8 21.4 46.6 45.8 17.5 20.4 85.7 10.7 29.1 39.8 41.7 13.6 7.8 7.8 1.0 21.4 16.5 145.6 22.3
582 Maledon, Theo PHX 4 2 2 43.7 33.3 90.0 37.0 13.3 46.7 28.6 13.3 20.0 66.7 16.7 56.7 73.3 20.0 13.3 3.3 10.0 6.7 23.3 23.3 93.3 26.7
582 Milton, Shake DET 4 0 4 44.1 39.9 78.3 50.9 9.8 27.3 35.9 24.5 28.7 85.4 7.7 38.5 46.2 25.9 16.1 8.4 8.4 4.2 19.6 21.7 114.0 18.9
582 Nance, Pete CLE 4 2 2 55.4 26.3 63.2 41.7 5.3 31.6 16.7 15.8 15.8 100 0.0 26.3 26.3 21.1 21.1 0.0 5.3 0.0 10.5 10.5 73.7 -21.1
582 Preston, Jason UTA 4 1 3 47.5 35.9 87.5 41.1 14.1 28.1 50.0 10.9 17.2 63.6 9.4 29.7 39.1 25.0 12.5 6.3 6.3 7.8 10.9 17.2 96.9 -26.6
582 Sanogo, Adama CHI 4 1 3 45.2 3.8 57.7 6.7 0.0 19.2 0.0 0.0 0.0 0.0 0.0 30.8 30.8 3.8 42.3 15.4 3.8 15.4 19.2 0.0 7.7 -80.8
582 Williams, Alondes MIA 4 3 1 41.1 35.7 71.4 50.0 10.7 35.7 30.0 17.9 21.4 83.3 3.6 28.6 32.1 28.6 10.7 21.4 3.6 0.0 10.7 14.3 100.0 35.7
593 Batum, Nicolas LAC 3 2 1 47.1 38.3 91.3 41.9 14.8 33.9 43.6 14.8 16.5 89.5 12.2 31.3 43.5 23.5 13.9 5.2 5.2 7.8 21.7 20.9 106.1 0.0
593 Bazley, Darius PHI 3 0 3 51.5 52.6 84.2 62.5 15.8 31.6 50.0 5.3 5.3 100 5.3 21.1 26.3 21.1 10.5 15.8 5.3 5.3 15.8 10.5 126.3 5.3
593 Covington, Robert LAC 3 2 1 47.5 34.2 84.9 40.3 8.9 37.7 23.6 15.1 19.2 78.6 11.6 27.4 39.0 20.5 23.3 11.0 3.4 6.8 20.5 20.5 92.5 -30.8
593 Diakite, Mamadi SAS 3 2 1 48.3 30.3 81.8 37.0 6.1 39.4 15.4 18.2 21.2 85.7 15.2 42.4 57.6 21.2 21.2 6.1 3.0 6.1 24.2 15.2 84.8 -15.2
593 Fournier, Evan NYK 3 2 1 47.7 38.3 71.6 53.4 13.6 32.1 42.3 19.8 23.5 84.2 4.9 35.8 40.7 29.6 21.0 2.5 8.6 1.2 18.5 27.2 109.9 13.6
593 Garuba, Usman GSW 3 2 1 39.0 35.0 70.0 50.0 15.0 25.0 60.0 25.0 35.0 71.4 10.0 35.0 45.0 20.0 10.0 5.0 15.0 5.0 25.0 20.0 110.0 25.0
593 Green, Javonte CHI 3 2 1 51.6 37.4 86.9 43.0 15.2 42.4 35.7 12.1 17.2 70.6 10.1 26.3 36.4 26.3 15.2 7.1 3.0 4.0 18.2 14.1 102.0 -22.2
593 Harrison, Shaquille MEM 3 1 2 45.9 46.2 76.9 60.0 15.4 38.5 40.0 23.1 38.5 60.0 0.0 46.2 46.2 23.1 7.7 7.7 7.7 7.7 0.0 23.1 130.8 84.6
593 Jones, Mason SAC 3 1 2 48.5 38.1 85.7 44.4 11.9 35.7 33.3 7.1 9.5 75.0 7.1 38.1 45.2 21.4 19.0 7.1 7.1 7.1 14.3 14.3 95.2 -7.1
593 Moore, Taze POR 3 1 2 36.4 25.0 50.0 50.0 7.1 21.4 33.3 46.4 50.0 92.9 3.6 21.4 25.0 14.3 28.6 10.7 3.6 10.7 21.4 25.0 103.6 -17.9
593 Simmons, Kobi TOR 3 0 3 49.3 46.6 89.7 51.9 19.0 42.2 44.9 8.6 12.9 66.7 12.9 34.5 47.4 31.9 17.2 5.2 8.6 5.2 17.2 12.9 120.7 27.6
593 Spencer, Pat GSW 3 1 2 49.4 25.0 83.3 30.0 0.0 25.0 0.0 33.3 33.3 100 33.3 50.0 83.3 16.7 16.7 0.0 8.3 0.0 16.7 16.7 83.3 0.0
593 Tucker, P.J. PHI 3 2 1 47.7 37.4 87.8 42.6 7.2 23.7 30.3 13.7 20.9 65.5 10.1 30.9 41.0 22.3 13.7 10.1 5.0 9.4 20.1 18.7 95.7 -20.1
593 Wainright, Ish PHX 3 1 2 41.5 29.7 67.6 44.0 18.9 43.2 43.8 24.3 27.0 90.0 13.5 27.0 40.5 16.2 21.6 8.1 2.7 5.4 8.1 24.3 102.7 16.2
593 Wigginton, Lindell MIL 3 3 0 44.9 47.1 105.9 44.4 11.8 41.2 28.6 17.6 17.6 100 23.5 41.2 64.7 41.2 5.9 11.8 0.0 5.9 5.9 11.8 123.5 58.8
593 Windler, Dylan NYK 3 2 1 46.5 12.5 87.5 14.3 0.0 62.5 0.0 6.3 25.0 25.0 12.5 50.0 62.5 6.3 12.5 6.3 0.0 0.0 6.3 18.8 31.3 -50.0
609 Bolden, Marques MIL 2 2 0 37.0 12.5 87.5 14.3 12.5 37.5 33.3 25.0 25.0 100 25.0 0.0 25.0 12.5 12.5 0.0 0.0 0.0 0.0 12.5 62.5 -100.0
609 Bolden, Marques CHA 2 0 2 41.9 40.0 83.3 48.0 13.3 33.3 40.0 6.7 16.7 40.0 10.0 36.7 46.7 30.0 13.3 3.3 3.3 3.3 23.3 13.3 100.0 -6.7
609 Clarke, Brandon MEM 2 0 2 45.0 33.3 68.9 48.4 14.4 31.1 46.4 21.1 27.8 76.0 2.2 32.2 34.4 22.2 18.9 5.6 3.3 4.4 15.6 18.9 102.2 -10.0
609 Diakite, Mamadi NYK 2 2 0 46.5 29.4 82.4 35.7 11.8 58.8 20.0 17.6 17.6 100 5.9 29.4 35.3 23.5 11.8 17.6 5.9 5.9 17.6 23.5 88.2 11.8
609 Diallo, Hamidou WAS 2 1 1 43.2 18.2 45.5 40.0 0.0 18.2 0.0 9.1 36.4 25.0 0.0 54.5 54.5 18.2 18.2 9.1 9.1 0.0 9.1 18.2 45.5 -36.4
609 Funk, Andrew CHI 2 1 1 51.0 0.0 60.0 0.0 0.0 20.0 0.0 0.0 0.0 0.0 0.0 0.0 0.0 0.0 20.0 0.0 20.0 0.0 0.0 0.0 0.0 -160.0
609 Gilyard, Jacob BKN 2 2 0 53.2 39.3 82.1 47.8 7.1 35.7 20.0 17.9 28.6 62.5 7.1 28.6 35.7 28.6 17.9 10.7 0.0 7.1 14.3 28.6 103.6 -3.6
609 Green, Danny PHI 2 1 1 45.0 41.5 82.9 50.0 12.2 31.7 38.5 19.5 26.8 72.7 9.8 22.0 31.7 26.8 12.2 7.3 7.3 2.4 17.1 19.5 114.6 0.0
609 Gueye, Mouhamed ATL 2 2 0 43.8 50.0 60.0 83.3 20.0 20.0 100 20.0 20.0 100 0.0 40.0 40.0 30.0 30.0 10.0 10.0 0.0 10.0 20.0 140.0 130.0
609 Harris, Kevon ORL 2 1 1 43.2 50.0 92.9 53.8 14.3 28.6 50.0 28.6 50.0 57.1 14.3 14.3 28.6 28.6 0.0 0.0 0.0 0.0 14.3 28.6 142.9 0.0
609 Jackson, Justin MIN 2 2 0 35.0 0.0 100.0 0.0 0.0 50.0 0.0 0.0 0.0 0.0 0.0 0.0 0.0 0.0 0.0 0.0 0.0 0.0 0.0 0.0 0.0 0.0
609 Jemison, Trey WAS 2 0 2 37.2 0.0 50.0 0.0 0.0 25.0 0.0 0.0 0.0 0.0 0.0 25.0 25.0 0.0 25.0 25.0 0.0 0.0 0.0 0.0 0.0 -75.0
609 Jerome, Ty CLE 2 1 1 49.4 56.7 83.3 68.0 3.3 6.7 50.0 36.7 46.7 78.6 10.0 36.7 46.7 23.3 6.7 10.0 10.0 0.0 10.0 33.3 153.3 46.7
609 Lofton Jr., Kenneth PHI 2 1 1 44.1 50.0 105.0 47.6 15.0 50.0 30.0 40.0 40.0 100 20.0 30.0 50.0 25.0 0.0 15.0 10.0 5.0 20.0 20.0 155.0 70.0
609 Martin, KJ LAC 2 2 0 47.5 37.9 87.9 43.1 13.6 31.8 42.9 10.6 15.2 70.0 7.6 33.3 40.9 21.2 15.2 6.1 9.1 4.5 21.2 13.6 100.0 6.1
609 Petrusev, Filip SAC 2 1 1 51.0 30.8 84.6 36.4 7.7 38.5 20.0 15.4 15.4 100 15.4 30.8 46.2 30.8 15.4 7.7 0.0 0.0 30.8 15.4 84.6 -23.1
609 Primo, Joshua LAC 2 2 0 42.8 41.7 100.0 41.7 4.2 37.5 11.1 8.3 16.7 50.0 8.3 25.0 33.3 20.8 8.3 16.7 4.2 8.3 8.3 12.5 95.8 4.2
609 Skapintsev, Dmytro NYK 2 0 2 53.3 25.0 75.0 33.3 0.0 0.0 0.0 25.0 25.0 100 0.0 75.0 75.0 25.0 0.0 0.0 0.0 0.0 0.0 25.0 75.0 0.0
609 Thomas, Isaiah PHX 2 1 1 49.3 42.1 105.3 40.0 21.1 42.1 50.0 10.5 10.5 100 31.6 31.6 63.2 31.6 15.8 5.3 10.5 15.8 15.8 15.8 115.8 0.0
609 Whitehead, Dariq BKN 2 1 1 43.6 56.4 89.1 63.3 25.5 49.1 51.9 12.7 18.2 70.0 12.7 32.7 45.5 43.6 9.1 5.5 12.7 3.6 14.5 12.7 150.9 40.0
609 Wilson, D.J. PHI 2 1 1 51.6 43.3 83.3 52.0 6.7 23.3 28.6 20.0 26.7 75.0 6.7 30.0 36.7 26.7 10.0 6.7 3.3 6.7 16.7 20.0 113.3 -6.7
630 Brockington, Izaiah NOP 1 1 0 42.3 50.0 125.0 40.0 0.0 25.0 0.0 12.5 12.5 100 37.5 37.5 75.0 25.0 0.0 0.0 12.5 12.5 12.5 12.5 112.5 -37.5
630 Cazalon, Malcolm DET 1 0 1 43.1 50.0 66.7 75.0 0.0 0.0 0.0 0.0 0.0 0.0 16.7 16.7 33.3 16.7 33.3 0.0 0.0 0.0 50.0 0.0 100.0 -83.3
630 Crutcher, Jalen NOP 1 1 0 53.0 40.0 100.0 40.0 0.0 60.0 0.0 20.0 20.0 100 0.0 20.0 20.0 40.0 0.0 0.0 20.0 0.0 0.0 20.0 100.0 -20.0
630 Drell, Henri CHI 1 0 1 48.1 33.3 66.7 50.0 16.7 33.3 50.0 16.7 33.3 50.0 0.0 16.7 16.7 16.7 16.7 0.0 0.0 0.0 0.0 16.7 100.0 -50.0
630 Flagler, Adam OKC 1 1 0 42.3 46.2 84.6 54.5 7.7 38.5 20.0 0.0 0.0 0.0 0.0 30.8 30.8 30.8 15.4 15.4 0.0 7.7 15.4 7.7 100.0 0.0
630 Gates, Kaiser NOP 1 0 1 46.5 37.5 100.0 37.5 12.5 31.3 40.0 6.3 12.5 50.0 31.3 50.0 81.3 6.3 25.0 6.3 18.8 0.0 12.5 6.3 93.8 12.5
630 Gibson, Taj DET 1 0 1 45.6 41.7 83.3 50.0 20.8 41.7 50.0 8.3 12.5 66.7 4.2 37.5 41.7 25.0 8.3 4.2 4.2 4.2 8.3 16.7 112.5 12.5
630 Harper Jr., Ron TOR 1 1 0 45.6 62.5 100.0 62.5 0.0 12.5 0.0 87.5 112.5 77.8 12.5 25.0 37.5 50.0 0.0 12.5 0.0 12.5 0.0 75.0 212.5 112.5
630 Jackson, Quenton IND 1 1 0 36.3 40.0 80.0 50.0 0.0 20.0 0.0 40.0 40.0 100 0.0 40.0 40.0 20.0 0.0 20.0 0.0 20.0 0.0 20.0 120.0 120.0
630 Lewis Jr., Kira TOR 1 0 1 51.7 66.7 133.3 50.0 0.0 33.3 0.0 0.0 0.0 0.0 66.7 33.3 100.0 33.3 0.0 0.0 0.0 0.0 0.0 33.3 133.3 133.3
630 Nowell, Markquis TOR 1 0 1 50.2 28.6 71.4 40.0 14.3 42.9 33.3 0.0 0.0 0.0 0.0 28.6 28.6 14.3 28.6 14.3 28.6 0.0 28.6 14.3 71.4 -57.1
630 Peterson, Drew BOS 1 1 0 51.0 40.0 100.0 40.0 0.0 40.0 0.0 40.0 40.0 100 20.0 20.0 40.0 0.0 0.0 0.0 0.0 0.0 0.0 20.0 120.0 -40.0
630 Petrusev, Filip PHI 1 1 0 38.3 28.6 100.0 28.6 14.3 42.9 33.3 0.0 0.0 0.0 14.3 14.3 28.6 28.6 0.0 14.3 0.0 14.3 14.3 0.0 71.4 -42.9
630 Simpson, Zavier MEM 1 0 1 47.0 31.6 73.7 42.9 15.8 36.8 42.9 10.5 15.8 66.7 5.3 31.6 36.8 21.1 21.1 5.3 5.3 5.3 10.5 15.8 89.5 -63.2
630 Smart, Javonte PHI 1 1 0 66.7 100.0 300.0 33.3 100.0 200.0 50.0 0.0 0.0 0.0 200.0 0.0 200.0 100.0 0.0 0.0 0.0 0.0 0.0 0.0 300.0 300.0
630 Theis, Daniel IND 1 1 0 44.4 36.8 73.7 50.0 10.5 31.6 33.3 21.1 21.1 100 5.3 52.6 57.9 15.8 15.8 5.3 15.8 5.3 10.5 15.8 105.3 0.0