PLAYER TEAM AGE GP W L MIN %FGA
2PT %FGA
3PT %PTS
2PT %PTS
2PT MR %PTS
3PT %PTS
FBPS %PTS
FT %PTS
OFFTO %PTS
PITP 2FGM
%AST 2FGM
%UAST 3FGM
%AST 3FGM
%UAST FGM
%AST FGM
%UAST














1 Buddy Hield PHI 31 77 39 38 26.2 33.0 67.0 30.7 4.4 64.8 20.3 4.5 20.3 26.3 66.9 33.1 92.2 7.8 81.7 18.3
2 Andre Drummond CHI 30 75 36 39 17.0 99.3 0.7 80.4 0.3 0.0 3.7 19.6 14.6 80.1 56.8 43.2 0.0 0.0 56.8 43.2
2 Austin Reaves LAL 25 75 42 33 32.2 56.1 43.9 47.0 8.2 34.5 14.7 18.5 11.8 38.8 41.5 58.5 67.4 32.6 50.0 50.0
2 Christian Braun DEN 22 75 52 23 19.6 67.4 32.6 54.3 3.0 29.8 23.8 15.9 18.5 51.3 70.3 29.7 94.3 5.7 76.8 23.2
2 Collin Sexton UTA 25 75 29 46 26.6 68.6 31.4 52.1 5.1 26.3 18.3 21.6 16.0 47.0 41.8 58.2 79.8 20.2 51.4 48.6
2 Dennis Schroder BKN 30 75 27 48 31.0 59.9 40.1 46.9 13.7 37.9 6.5 15.2 12.7 33.2 35.2 64.8 82.7 17.3 51.8 48.2
2 Georges Niang CLE 30 75 45 30 22.6 37.8 62.2 35.1 5.0 58.2 10.2 6.7 9.1 30.1 73.8 26.2 98.6 1.4 86.8 13.2
2 Mikal Bridges BKN 27 75 29 46 35.5 54.9 45.1 43.5 8.8 39.9 13.1 16.6 14.4 34.8 49.4 50.6 87.7 12.3 63.9 36.1
2 Obi Toppin IND 26 75 42 33 21.3 56.6 43.4 54.6 1.1 36.1 20.3 9.3 16.6 53.5 78.4 21.6 100 0.0 85.0 15.0
2 Paul Reed PHI 24 75 40 35 19.3 87.5 12.5 77.9 7.4 11.1 3.7 11.0 13.7 70.5 62.9 37.1 85.0 15.0 64.8 35.2
2 Reggie Jackson DEN 33 75 52 23 22.1 62.6 37.4 54.2 11.5 36.5 8.1 9.3 13.9 42.7 39.6 60.4 77.4 22.6 51.3 48.7
12 Bobby Portis MIL 29 74 47 27 24.2 72.8 27.2 64.4 18.2 26.1 7.6 9.5 11.6 46.3 54.9 45.1 98.8 1.2 64.2 35.8
12 Cason Wallace OKC 20 74 52 22 20.6 45.8 54.2 41.6 5.5 53.5 21.6 4.9 17.3 36.1 67.0 33.0 96.7 3.3 80.7 19.3
12 Chet Holmgren OKC 21 74 52 22 29.9 63.4 36.6 55.6 4.7 28.8 8.2 15.6 12.9 50.9 65.5 34.5 97.5 2.5 73.7 26.3
12 Domantas Sabonis SAC 27 74 43 31 35.8 91.9 8.1 75.7 3.7 6.4 7.0 17.9 11.6 72.0 60.3 39.7 93.5 6.5 62.1 37.9
12 Harrison Barnes SAC 31 74 43 31 29.3 47.5 52.5 39.7 5.0 45.6 8.8 14.7 12.8 34.7 63.4 36.6 97.1 2.9 78.0 22.0
12 Jalen Green HOU 22 74 38 36 31.7 55.6 44.4 45.3 8.6 36.9 16.2 17.8 15.3 36.8 35.0 65.0 56.4 43.6 42.5 57.5
12 Jeremy Sochan SAS 20 74 18 56 29.6 70.7 29.3 62.7 3.3 24.4 14.6 12.9 12.1 59.5 59.6 40.4 98.6 1.4 67.6 32.4
12 Jonas Valanciunas NOP 31 74 45 29 24.0 83.1 16.9 72.1 10.0 12.1 2.1 15.8 8.5 62.0 60.9 39.1 100 0.0 64.9 35.1
12 Michael Porter Jr. DEN 25 74 52 22 31.7 48.6 51.4 44.4 16.0 48.9 14.9 6.7 15.4 28.5 75.9 24.1 96.6 3.4 84.6 15.4
12 Nickeil Alexander-Walker MIN 25 74 51 23 23.5 37.3 62.7 32.0 3.9 60.2 12.3 7.8 14.9 28.1 54.4 45.6 97.3 2.7 78.3 21.7
12 Payton Pritchard BOS 26 74 58 16 21.5 36.3 63.7 33.6 7.8 60.3 13.3 6.1 11.8 25.7 29.9 70.1 85.9 14.1 60.4 39.6
23 Ayo Dosunmu CHI 24 73 36 37 28.8 58.8 41.2 52.1 5.5 38.6 25.1 9.3 19.5 46.6 54.2 45.8 89.3 10.7 65.8 34.2
23 Cole Anthony ORL 23 73 43 30 22.9 63.6 36.4 50.3 11.7 30.0 10.1 19.7 16.3 38.6 28.8 71.2 89.7 10.3 46.1 53.9
23 Corey Kispert WAS 25 73 14 59 24.7 39.4 60.6 38.0 2.3 51.2 14.4 10.8 14.0 35.6 73.6 26.4 96.3 3.7 84.3 15.7
23 DeMar DeRozan CHI 34 73 35 38 37.6 83.1 16.9 60.0 24.5 11.9 3.7 28.1 13.3 35.5 29.4 70.6 86.8 13.2 36.1 63.9
23 Donte DiVincenzo NYK 27 73 44 29 28.0 29.1 70.9 25.0 1.8 68.3 16.6 6.7 16.6 23.2 59.1 40.9 92.0 8.0 80.3 19.7
23 Jordan Poole WAS 24 73 14 59 29.7 52.6 47.4 45.4 8.7 40.2 15.9 14.4 14.9 36.7 43.4 56.6 67.5 32.5 52.3 47.7
23 Josh Giddey OKC 21 73 52 21 24.8 70.6 29.4 64.5 6.9 26.2 15.2 9.3 13.9 57.6 52.4 47.6 97.4 2.6 62.0 38.0
23 Josh Hart NYK 29 73 43 30 33.0 59.3 40.7 53.9 2.4 34.1 19.7 12.0 16.7 51.5 61.2 38.8 88.0 12.0 69.2 30.8
23 Naz Reid MIN 24 73 51 22 24.0 51.3 48.7 43.6 0.8 46.3 11.3 10.1 14.2 42.8 62.2 37.8 100 0.0 77.9 22.1
23 Pascal Siakam IND 29 73 33 40 33.6 80.0 20.0 68.0 8.2 14.9 14.9 17.1 11.4 59.8 51.5 48.5 97.5 2.5 57.3 42.7
23 Peyton Watson DEN 21 73 51 22 18.2 64.6 35.4 59.8 4.9 26.6 23.3 13.6 15.7 54.8 80.0 20.0 97.7 2.3 84.0 16.0
34 Coby White CHI 24 72 34 38 36.7 52.8 47.2 42.0 6.5 43.3 16.8 14.7 16.8 35.5 30.6 69.4 85.0 15.0 52.7 47.3
34 Kelly Olynyk TOR 32 72 29 43 22.0 68.4 31.6 56.4 4.2 24.5 9.3 19.1 11.6 52.2 53.7 46.3 96.4 3.6 63.3 36.7
34 Luguentz Dort OKC 24 72 50 22 28.5 39.5 60.5 30.4 3.9 55.5 14.6 14.1 17.5 26.5 64.7 35.3 99.3 0.7 83.7 16.3
34 Malik Monk SAC 26 72 42 30 26.0 52.6 47.4 44.7 8.3 40.0 15.5 15.3 13.8 36.4 46.4 53.6 78.4 21.6 58.3 41.7
34 Moritz Wagner ORL 26 72 42 30 17.9 79.2 20.8 67.4 0.5 13.1 3.6 19.5 16.0 66.9 79.1 20.9 97.1 2.9 81.1 18.9
34 Nikola Jokic DEN 29 72 50 22 34.5 83.7 16.3 71.0 7.4 11.5 3.5 17.5 10.1 63.5 57.2 42.8 79.2 20.8 59.3 40.7
34 Ochai Agbaji TOR 23 72 29 43 20.2 49.5 50.5 49.4 2.9 43.9 22.3 6.7 13.4 46.5 75.7 24.3 98.4 1.6 84.1 15.9
34 Paolo Banchero ORL 21 72 42 30 34.8 75.4 24.6 58.2 14.1 20.1 13.2 21.7 16.7 44.0 35.8 64.2 68.5 31.5 41.9 58.1
42 Aaron Holiday HOU 27 71 37 34 16.5 47.9 52.1 39.0 8.5 49.6 8.7 11.4 14.0 30.5 23.9 76.1 82.1 17.9 50.6 49.4
42 Anthony Edwards MIN 22 71 49 22 35.2 66.5 33.5 52.1 10.7 27.8 15.5 20.1 16.2 41.4 33.3 66.7 55.2 44.8 39.1 60.9
42 Bogdan Bogdanovic ATL 31 71 33 38 30.2 41.8 58.2 34.7 7.5 54.6 15.8 10.7 15.1 27.3 55.5 44.5 86.8 13.2 71.5 28.5
42 Brook Lopez MIL 36 71 46 25 30.8 46.4 53.6 44.2 2.7 44.5 1.7 11.3 6.8 41.5 73.7 26.3 100 0.0 84.3 15.7
42 Cameron Payne PHI 29 71 39 32 16.4 45.6 54.4 36.8 7.1 52.4 8.4 10.8 11.2 29.7 42.4 57.6 79.8 20.2 60.6 39.4
42 Cedi Osman SAS 28 71 17 54 17.6 42.4 57.6 40.1 2.5 52.6 19.0 7.3 13.4 37.6 71.9 28.1 96.4 3.6 83.3 16.7
42 Dejounte Murray ATL 27 71 32 39 35.7 62.2 37.8 53.7 14.2 34.1 11.7 12.2 13.2 39.5 26.2 73.8 68.3 31.7 38.7 61.3
42 Kyle Anderson MIN 30 71 50 21 22.9 89.7 10.3 74.1 7.3 5.8 8.1 20.1 11.1 66.8 51.4 48.6 100 0.0 53.8 46.2
42 Malik Beasley MIL 27 71 44 27 29.9 24.8 75.2 21.0 4.6 76.1 13.8 2.9 17.3 16.4 67.8 32.2 94.8 5.2 86.9 13.1
42 Myles Turner IND 28 71 40 31 27.3 65.0 35.0 55.4 7.7 25.7 6.9 18.9 9.5 47.8 79.9 20.1 100 0.0 84.6 15.4
42 Royce O'Neale PHX 30 71 32 39 24.8 21.8 78.2 18.9 1.1 77.3 11.1 3.8 18.5 17.8 65.4 34.6 93.7 6.3 86.1 13.9
42 Sam Hauser BOS 26 71 56 15 21.4 13.7 86.3 12.8 1.6 84.7 14.6 2.5 11.5 11.2 74.4 25.6 98.3 1.7 93.8 6.2
42 Shai Gilgeous-Alexander OKC 25 71 51 20 34.4 82.2 17.8 62.4 14.5 12.8 11.4 24.8 16.8 47.9 22.4 77.6 37.0 63.0 24.1 75.9
42 Taurean Prince LAL 30 71 39 32 27.6 36.5 63.5 31.9 3.4 60.9 14.7 7.2 13.1 28.4 87.3 12.7 93.8 6.2 90.9 9.1
42 Tim Hardaway Jr. DAL 32 71 44 27 27.5 39.2 60.8 31.3 12.8 55.8 14.9 12.9 13.7 18.4 67.9 32.1 86.0 14.0 77.7 22.3
57 Aaron Wiggins OKC 25 70 50 20 14.8 63.4 36.6 53.6 1.4 36.8 14.3 9.6 16.8 52.3 67.8 32.2 96.3 3.7 76.7 23.3
57 Anthony Davis LAL 31 70 40 30 35.9 92.1 7.9 73.3 9.3 4.7 7.3 22.0 13.7 64.0 67.3 32.7 96.3 3.7 68.5 31.5
57 Grant Williams CHA 25 70 32 38 27.5 41.9 58.1 36.5 3.2 49.9 10.4 13.6 13.9 33.3 73.0 27.0 95.7 4.3 83.8 16.2
57 Isaiah Joe OKC 24 70 49 21 18.4 27.1 72.9 23.2 8.1 70.1 14.9 6.7 17.9 15.1 75.8 24.2 97.7 2.3 90.5 9.5
57 Jarrett Allen CLE 25 70 43 27 31.6 99.3 0.7 81.1 3.9 0.0 6.7 18.9 11.0 77.2 81.9 18.1 0.0 0.0 81.9 18.1
57 Jeff Green HOU 37 70 36 34 16.6 59.2 40.8 46.2 5.9 29.2 8.1 24.6 13.1 40.3 71.6 28.4 93.0 7.0 77.9 22.1
57 Jonathan Kuminga GSW 21 70 36 34 26.3 80.9 19.1 68.1 5.6 13.2 16.8 18.7 14.2 62.5 61.6 38.4 92.0 8.0 65.1 34.9
57 Klay Thompson GSW 34 70 36 34 29.6 38.9 61.1 32.2 15.5 58.6 12.0 9.2 13.0 16.7 72.8 27.2 94.1 5.9 84.5 15.5
57 Malaki Branham SAS 20 70 16 54 20.4 58.6 41.4 53.2 9.1 38.2 11.4 8.6 17.5 44.0 64.4 35.6 96.2 3.8 74.7 25.3
57 Nikola Vucevic CHI 33 70 34 36 34.2 74.0 26.0 72.6 15.1 19.8 1.7 7.6 11.2 57.5 74.2 25.8 100 0.0 78.1 21.9
57 Norman Powell LAC 30 70 44 26 26.1 50.5 49.5 40.1 6.7 46.4 12.7 13.5 14.9 33.4 68.5 31.5 91.4 8.6 78.5 21.5
57 Toumani Camara POR 23 70 19 51 24.8 60.7 39.3 52.8 1.1 33.0 16.1 14.2 16.3 51.6 50.4 49.6 100 0.0 65.0 35.0
57 Tre Jones SAS 24 70 17 53 27.2 68.4 31.6 60.5 3.2 25.0 17.1 14.5 15.6 57.3 41.1 58.9 89.5 10.5 51.5 48.5
70 D'Angelo Russell LAL 28 69 41 28 32.4 50.9 49.1 39.8 8.3 48.4 14.1 11.8 13.3 31.5 37.9 62.1 73.6 26.4 53.9 46.1
70 Derrick Jones Jr. DAL 27 69 42 27 23.3 51.8 48.2 48.0 1.0 37.5 15.8 14.5 16.3 47.0 75.7 24.3 100 0.0 84.0 16.0
70 Giannis Antetokounmpo MIL 29 69 44 25 35.2 90.8 9.2 71.7 5.7 4.8 18.0 23.5 12.8 66.0 51.1 48.9 50.0 50.0 51.1 48.9
70 Jaden Ivey DET 22 69 13 56 28.6 62.6 37.4 50.5 6.3 29.5 20.8 20.0 12.6 44.2 42.6 57.4 88.3 11.7 55.4 44.6
70 Jalen Brunson NYK 27 69 43 26 35.1 67.5 32.5 52.4 12.5 29.3 8.8 18.3 12.5 39.9 23.2 76.8 60.6 39.4 33.4 66.6
70 Jayson Tatum BOS 26 69 54 15 35.9 57.5 42.5 44.7 9.5 34.6 11.4 20.7 15.5 35.2 36.0 64.0 47.0 53.0 39.7 60.3
70 Jusuf Nurkic PHX 29 69 42 27 27.1 85.1 14.9 72.5 1.3 8.2 2.2 19.3 12.0 71.2 63.6 36.4 100 0.0 66.1 33.9
70 Keegan Murray SAC 23 69 40 29 33.3 48.8 51.2 45.5 9.5 45.4 15.8 9.1 16.6 36.1 74.6 25.4 97.5 2.5 83.7 16.3
70 Kentavious Caldwell-Pope DEN 31 69 49 20 31.8 48.1 51.9 37.3 13.9 48.2 20.4 14.5 17.4 23.4 75.2 24.8 93.7 6.3 83.8 16.2
70 Kyle Kuzma WAS 28 69 13 56 32.5 65.7 34.3 58.9 7.8 29.1 17.6 12.0 15.6 51.0 54.4 45.6 79.2 20.8 60.6 39.4
70 Mike Conley MIN 36 69 49 20 28.9 37.5 62.5 27.5 3.9 60.8 12.3 11.7 12.7 23.6 48.6 51.4 81.6 18.4 68.3 31.7
70 Spencer Dinwiddie LAL 30 69 33 36 28.9 43.6 56.4 33.4 2.2 45.7 9.5 20.9 6.9 31.3 15.4 84.6 75.9 24.1 44.3 55.7
82 Aaron Gordon DEN 28 68 46 22 31.5 81.0 19.0 71.4 2.1 11.8 12.2 16.8 10.8 69.2 64.2 35.8 83.8 16.2 66.1 33.9
82 Damian Lillard MIL 33 68 46 22 35.3 51.1 48.9 36.2 8.1 38.0 7.9 25.8 10.7 28.1 20.3 79.7 51.4 48.6 33.1 66.9
82 Deni Avdija WAS 23 68 13 55 29.6 71.1 28.9 57.7 2.9 24.7 18.6 17.6 12.6 54.8 57.5 42.5 88.8 11.3 64.4 35.6
82 Derrick White BOS 29 68 55 13 32.7 42.0 58.0 35.1 3.2 52.4 12.1 12.5 11.9 31.9 41.6 58.4 79.9 20.1 60.7 39.3
82 Devin Vassell SAS 23 68 17 51 33.1 57.8 42.2 50.2 15.7 37.6 15.6 12.2 11.4 34.5 60.2 39.8 83.7 16.3 68.1 31.9
82 Drew Eubanks PHX 27 68 37 31 15.7 98.7 1.3 78.8 0.6 2.5 2.5 18.7 7.0 78.2 80.9 19.1 100 0.0 81.3 18.8
82 Grayson Allen PHX 28 68 40 28 33.6 34.5 65.5 26.2 0.4 61.3 13.6 12.5 12.0 25.8 57.5 42.5 91.4 8.6 78.2 21.8
82 Herbert Jones NOP 25 68 42 26 30.0 53.5 46.5 42.9 2.4 41.1 21.8 16.0 20.4 40.5 59.5 40.5 96.2 3.8 73.8 26.2
82 Isaiah Hartenstein NYK 25 68 42 26 25.0 99.1 0.9 79.9 1.2 0.6 4.9 19.5 12.3 78.8 65.4 34.6 100 0.0 65.5 34.5
82 Jabari Smith Jr. HOU 20 68 36 32 31.7 55.3 44.7 46.0 10.6 39.0 13.1 15.0 11.5 35.4 59.9 40.1 95.0 5.0 72.6 27.4
82 John Collins UTA 26 68 27 41 28.0 68.9 31.1 60.6 3.5 25.1 10.0 14.3 12.1 57.1 73.0 27.0 98.8 1.2 78.6 21.4
82 Kawhi Leonard LAC 32 68 44 24 34.3 71.1 28.9 58.3 13.8 26.0 12.3 15.7 16.1 44.5 45.1 54.9 65.7 34.3 49.8 50.2
82 Keldon Johnson SAS 24 68 17 51 29.6 57.6 42.4 48.8 3.3 35.1 14.0 16.1 13.2 45.5 49.0 51.0 90.5 9.5 62.5 37.5
82 Keyonte George UTA 20 68 25 43 26.8 46.2 53.8 35.0 7.4 45.2 12.4 19.8 13.3 27.6 36.8 63.2 71.8 28.2 53.0 47.0
82 Pat Connaughton MIL 31 68 43 25 21.7 31.2 68.8 31.5 0.5 59.1 7.9 9.4 15.2 31.0 65.0 35.0 96.0 4.0 82.2 17.8
82 Patrick Beverley MIL 35 68 41 27 19.6 52.0 48.0 43.1 2.0 39.7 5.9 17.2 13.5 41.2 34.1 65.9 83.3 16.7 52.8 47.2
82 Paul George LAC 33 68 44 24 34.2 51.7 48.3 40.7 15.2 44.6 10.5 14.7 14.2 25.5 45.4 54.6 73.4 26.6 57.2 42.8
82 Rudy Gobert MIN 31 68 48 20 34.1 99.5 0.5 76.8 0.4 0.0 5.0 23.2 14.3 76.3 68.6 31.4 0.0 0.0 68.6 31.4
82 Stephen Curry GSW 36 68 39 29 32.7 38.9 61.1 30.0 7.9 54.6 8.9 15.4 13.3 22.1 39.5 60.5 61.1 38.9 51.3 48.7
101 Brandon Miller CHA 21 67 16 51 32.2 55.0 45.0 46.3 14.6 43.3 15.2 10.4 14.2 31.7 47.5 52.5 91.5 8.5 64.4 35.6
101 Daniel Gafford DAL 25 67 25 42 24.7 100 0.0 84.3 1.6 0.0 7.7 15.7 13.8 82.7 74.9 25.1 0.0 0.0 74.9 25.1
101 Fred VanVleet HOU 30 67 37 30 36.6 41.3 58.7 30.3 13.2 54.5 15.4 15.2 15.6 17.1 21.2 78.8 57.4 42.6 40.9 59.1
101 Jaime Jaquez Jr. MIA 23 67 39 28 29.0 71.5 28.5 63.1 4.4 21.3 15.2 15.6 16.4 58.7 52.3 47.7 98.3 1.7 60.8 39.2
101 Jalen Suggs ORL 22 67 39 28 26.8 45.3 54.7 37.5 5.3 50.5 17.0 12.0 21.4 32.3 48.7 51.3 86.4 13.6 66.6 33.4
101 Jalen Williams OKC 22 67 47 20 31.7 75.7 24.3 63.5 11.8 22.9 14.9 13.6 19.4 51.7 40.0 60.0 75.0 25.0 46.8 53.2
101 James Harden LAC 34 67 43 24 34.8 40.9 59.1 27.9 4.4 47.1 11.4 25.0 11.6 23.4 16.6 83.4 46.3 53.7 32.3 67.7
101 Jevon Carter CHI 28 67 33 34 13.7 36.4 63.6 34.4 19.0 64.4 13.2 1.2 16.9 15.3 67.9 32.1 88.6 11.4 79.4 20.6
101 Julian Champagnie SAS 22 67 15 52 18.5 29.3 70.7 22.2 1.0 63.8 13.0 14.0 13.3 21.3 84.8 15.2 97.7 2.3 93.3 6.7
101 Kevin Durant PHX 35 67 38 29 37.1 72.4 27.6 57.3 24.7 24.4 12.5 18.3 13.4 32.6 49.9 50.1 81.3 18.7 56.8 43.2
101 Kevon Looney GSW 28 67 38 29 16.5 99.5 0.5 83.4 2.6 0.0 3.3 16.6 10.7 80.8 67.2 32.8 0.0 0.0 67.2 32.8
101 Precious Achiuwa NYK 24 67 35 32 22.7 79.3 20.7 73.9 1.1 13.6 10.3 12.5 16.5 72.8 59.8 40.2 96.0 4.0 63.8 36.2
101 Terance Mann LAC 27 67 43 24 25.3 56.2 43.8 52.6 2.5 35.2 24.0 12.2 15.8 50.1 62.8 37.2 93.9 6.1 72.4 27.6
114 Alex Caruso CHI 30 66 32 34 28.2 38.3 61.7 32.9 2.4 56.6 15.6 10.5 17.5 30.5 44.5 55.5 88.9 11.1 68.2 31.8
114 Brandin Podziemski GSW 21 66 35 31 26.7 59.9 40.1 52.9 2.3 39.4 13.3 7.7 16.3 50.6 54.0 46.0 76.3 23.8 61.4 38.6
114 Clint Capela ATL 29 66 31 35 25.5 99.8 0.2 84.7 0.0 0.0 7.3 15.3 14.1 84.7 66.4 33.6 0.0 0.0 66.4 33.6
114 De'Aaron Fox SAC 26 66 39 27 35.7 63.4 36.6 52.2 8.5 31.3 13.4 16.5 14.9 43.7 19.6 80.4 63.2 36.8 32.0 68.0
114 Franz Wagner ORL 22 66 40 26 32.7 69.3 30.7 61.2 2.3 20.2 13.3 18.6 17.5 58.9 41.8 58.2 77.0 23.0 48.1 51.9
114 Gary Trent Jr. TOR 25 66 22 44 27.8 46.0 54.0 36.3 12.0 56.1 21.0 7.6 16.1 24.3 59.4 40.6 90.3 9.7 75.1 24.9
114 Jaylen Brown BOS 27 66 50 16 33.6 67.5 32.5 59.7 10.1 27.0 18.9 13.3 15.2 49.6 42.2 57.8 63.8 36.2 47.2 52.8
114 P.J. Washington DAL 25 66 25 41 30.1 49.7 50.3 48.1 1.7 41.1 12.0 10.8 15.6 46.4 79.5 20.5 94.7 5.3 85.0 15.0
114 Simone Fontecchio DET 28 66 29 37 24.9 39.1 60.9 34.1 2.6 58.1 12.9 7.8 14.3 31.5 72.9 27.1 97.8 2.2 86.1 13.9
114 Tobias Harris PHI 31 66 37 29 33.9 73.3 26.7 62.9 9.9 21.7 17.3 15.4 14.3 53.0 43.4 56.6 95.1 4.9 53.1 46.9
114 Tyus Jones WAS 27 66 11 55 29.3 61.6 38.4 55.7 9.9 40.3 17.5 4.0 16.8 45.8 41.8 58.2 79.2 20.8 54.0 46.0
114 Victor Wembanyama SAS 20 66 16 50 29.2 67.6 32.4 56.1 8.6 24.3 12.1 19.6 15.2 47.5 74.2 25.8 79.6 20.4 75.4 24.6
126 Aaron Nesmith IND 24 65 36 29 27.7 46.5 53.5 38.1 3.3 50.3 16.8 11.6 17.8 34.8 68.9 31.1 98.5 1.5 82.7 17.3
126 Andrew Wiggins GSW 29 65 33 32 27.0 68.6 31.4 57.3 10.0 28.3 11.0 14.4 11.1 47.3 57.5 42.5 89.9 10.1 65.5 34.5
126 Anthony Black ORL 20 65 37 28 17.4 62.4 37.6 49.7 5.2 34.3 18.3 16.0 21.9 44.4 72.4 27.6 94.3 5.7 79.3 20.7
126 Dillon Brooks HOU 28 65 34 31 30.8 51.9 48.1 43.5 6.1 43.0 16.5 13.5 12.0 37.4 59.8 40.2 95.8 4.2 74.1 25.9
126 Dorian Finney-Smith BKN 30 65 26 39 28.5 33.9 66.1 33.0 0.7 61.3 16.7 5.7 15.3 32.3 76.3 23.7 98.3 1.7 88.5 11.5
126 Isaac Okoro CLE 23 65 39 26 27.4 55.3 44.7 47.1 1.0 39.3 28.6 13.6 17.2 46.2 79.2 20.8 98.8 1.2 86.2 13.8
126 Jabari Walker POR 21 65 16 49 22.6 72.7 27.3 62.4 2.9 18.0 8.3 19.6 15.2 59.5 62.8 37.2 100 0.0 68.8 31.2
126 Jaden Hardy DAL 21 65 39 26 13.6 52.0 48.0 42.2 8.8 47.6 16.1 10.2 16.3 33.4 43.6 56.4 82.9 17.1 60.5 39.5
126 LeBron James LAL 39 65 36 29 35.2 70.3 29.7 57.5 5.8 26.0 20.1 16.5 14.1 51.7 44.0 56.0 67.1 32.9 49.4 50.6
126 Luka Doncic DAL 25 65 42 23 37.4 56.0 44.0 44.7 11.6 34.9 8.7 20.4 13.4 33.1 17.2 82.8 29.2 70.8 21.3 78.7
126 Matisse Thybulle POR 27 65 18 47 22.9 27.1 72.9 26.0 1.1 67.8 17.5 6.2 16.1 24.9 63.0 37.0 100 0.0 86.5 13.5
126 Nic Claxton BKN 24 65 24 41 29.8 99.1 0.9 86.5 1.8 0.4 8.3 13.1 12.2 84.7 72.6 27.4 100 0.0 72.7 27.3
126 Tyrese Maxey PHI 23 65 38 27 37.5 59.9 40.1 46.3 5.0 35.3 15.3 18.4 17.6 41.3 33.4 66.6 61.2 38.8 42.8 57.2
139 Davion Mitchell SAC 25 64 38 26 14.2 51.0 49.0 49.2 8.6 42.9 14.0 7.9 11.6 40.5 50.0 50.0 95.3 4.7 66.7 33.3
139 Duncan Robinson MIA 29 64 36 28 28.5 30.6 69.4 26.8 1.2 64.1 12.8 9.1 17.5 25.7 75.7 24.3 91.3 8.7 85.2 14.8
139 Jaden McDaniels MIN 23 64 43 21 29.4 59.3 40.7 57.8 7.5 34.8 14.9 7.4 16.5 50.2 61.3 38.7 98.8 1.2 72.0 28.0
139 Jae'Sean Tate HOU 28 64 32 32 16.1 66.4 33.6 64.2 0.0 26.0 10.2 9.8 15.8 64.2 50.6 49.4 100 0.0 61.1 38.9
139 Jaren Jackson Jr. MEM 24 64 20 44 32.1 68.0 32.0 53.3 1.6 24.0 3.5 22.7 16.3 51.7 49.5 50.5 93.8 6.2 59.7 40.3
139 Kevin Huerter SAC 25 64 37 27 24.4 39.1 60.9 38.2 3.4 56.3 16.5 5.5 15.4 34.8 80.8 19.2 95.1 4.9 87.9 12.1
139 Kris Dunn UTA 30 64 25 39 18.8 64.3 35.7 59.1 1.2 35.7 11.9 5.2 15.7 58.0 27.5 72.5 95.1 4.9 46.9 53.1
139 Marcus Sasser DET 23 64 10 54 17.8 53.5 46.5 44.2 13.6 45.9 9.9 9.9 11.6 30.6 37.4 62.6 63.5 36.5 48.1 51.9
139 Nick Richards CHA 26 64 13 51 26.6 99.7 0.3 79.4 1.9 0.0 8.6 20.6 9.7 77.5 67.5 32.5 0.0 0.0 67.5 32.5
139 T.J. McConnell IND 32 64 35 29 18.0 92.7 7.3 85.7 14.5 6.8 6.1 7.5 11.9 71.2 29.3 70.7 78.6 21.4 31.8 68.2
149 Alperen Sengun HOU 21 63 29 34 32.5 88.7 11.3 74.2 4.5 7.4 4.9 18.4 13.3 69.7 62.6 37.4 100 0.0 64.9 35.1
149 Ausar Thompson DET 21 63 10 53 25.1 76.5 23.5 75.9 5.4 11.3 19.1 12.8 15.6 70.5 67.3 32.7 95.2 4.8 69.8 30.2
149 Bam Adebayo MIA 26 63 35 28 34.3 96.7 3.3 75.4 9.0 2.4 8.3 22.2 12.8 66.5 57.7 42.3 100 0.0 58.5 41.5
149 Bilal Coulibaly WAS 19 63 11 52 27.2 57.2 42.8 46.6 2.3 36.1 20.7 17.3 16.7 44.4 62.1 37.9 95.3 4.7 73.4 26.6
149 Brandon Ingram NOP 26 63 38 25 33.0 76.3 23.7 62.0 25.2 19.3 7.7 18.7 13.6 36.8 41.6 58.4 77.6 22.4 47.8 52.2
149 Jaxson Hayes LAL 23 63 36 27 12.0 94.7 5.3 82.5 0.8 0.0 10.9 17.5 12.1 81.7 84.0 16.0 0.0 0.0 84.0 16.0
149 Jordan Hawkins NOP 21 63 37 26 17.9 34.9 65.1 25.2 10.1 61.7 16.9 13.1 15.0 15.1 73.8 26.2 99.1 0.9 89.5 10.5
149 Jrue Holiday BOS 33 63 49 14 33.2 53.7 46.3 43.7 6.2 48.8 14.2 7.5 11.2 37.5 46.6 53.4 75.6 24.4 59.0 41.0
149 Max Strus CLE 28 63 40 23 31.9 34.0 66.0 32.8 1.8 58.8 16.3 8.4 18.3 31.0 68.5 31.5 97.4 2.6 84.2 15.8
149 Miles Bridges CHA 26 63 15 48 37.7 62.7 37.3 55.2 6.9 32.9 9.8 11.9 14.6 48.3 56.8 43.2 88.4 11.6 65.8 34.2
149 Saddiq Bey ATL 24 63 28 35 32.7 48.6 51.4 41.0 2.1 39.3 14.8 19.7 16.9 38.9 49.2 50.8 98.2 1.8 68.3 31.7
149 Walker Kessler UTA 22 63 26 37 23.6 94.5 5.5 86.7 0.0 2.3 8.0 11.0 10.7 86.7 73.9 26.1 100 0.0 74.3 25.7
149 Zion Williamson NOP 23 63 38 25 31.2 98.5 1.5 77.4 0.4 1.0 13.0 21.6 15.8 77.0 48.4 51.6 100 0.0 48.8 51.2
162 Alec Burks NYK 32 62 16 46 19.0 41.9 58.1 25.1 8.5 53.9 8.3 21.0 9.5 16.7 50.0 50.0 78.0 22.0 66.5 33.5
162 Amir Coffey LAC 26 62 42 20 19.6 48.1 51.9 41.2 3.7 45.9 22.7 12.9 16.9 37.5 80.8 19.2 96.6 3.4 87.5 12.5
162 Bruce Brown TOR 27 62 25 37 28.2 71.4 28.6 60.9 6.2 22.6 23.1 16.5 15.2 54.7 61.7 38.3 92.2 7.8 67.7 32.3
162 Caris LeVert CLE 29 62 35 27 28.7 58.8 41.2 49.6 5.7 34.6 13.1 15.8 17.9 43.9 39.7 60.3 75.3 24.7 51.0 49.0
162 Dario Saric GSW 29 62 33 29 17.4 49.1 50.9 41.4 3.6 43.5 4.6 15.1 11.3 37.8 65.4 34.6 100 0.0 79.7 20.3
162 David Roddy PHX 23 62 22 40 18.9 59.8 40.2 55.1 1.4 33.9 15.1 11.0 15.5 53.6 59.8 40.2 97.9 2.1 70.9 29.1
162 Immanuel Quickley TOR 24 62 26 36 28.9 51.9 48.1 38.2 7.7 45.1 19.3 16.7 16.4 30.5 40.2 59.8 69.3 30.7 53.0 47.0
162 Ivica Zubac LAC 27 62 38 24 26.5 100 0.0 84.5 0.0 0.0 3.9 15.5 11.4 84.5 76.9 23.1 0.0 0.0 76.9 23.1
162 Naji Marshall NOP 26 62 40 22 19.3 58.4 41.6 47.6 4.4 38.0 14.2 14.4 16.7 43.1 56.1 43.9 96.5 3.5 70.1 29.9
162 Russell Westbrook LAC 35 62 41 21 22.3 76.3 23.7 68.8 5.9 16.4 17.9 14.8 13.9 62.9 38.2 61.8 89.2 10.8 45.2 54.8
162 Tyrese Haliburton IND 24 62 35 27 32.2 49.8 50.2 44.4 12.4 41.8 11.5 13.8 12.6 32.0 30.1 69.9 45.7 54.3 36.1 63.9
162 Zach Collins SAS 26 62 15 47 22.3 69.9 30.1 61.6 5.3 22.4 3.4 16.0 11.6 56.3 70.5 29.5 100 0.0 76.2 23.8
174 Andrew Nembhard IND 24 61 36 25 24.7 68.2 31.8 64.6 16.5 28.9 14.4 6.5 13.5 48.1 41.8 58.2 92.7 7.3 53.6 46.4
174 Cade Cunningham DET 22 61 9 52 33.4 71.1 28.9 57.7 16.8 25.4 8.3 16.9 10.3 40.9 25.8 74.2 70.7 29.3 36.0 64.0
174 Eric Gordon PHX 35 61 36 25 28.6 36.5 63.5 33.2 0.8 60.0 11.1 6.8 14.4 32.4 63.6 36.4 93.0 7.0 79.6 20.4
174 Jaylin Williams OKC 21 61 43 18 12.6 35.6 64.4 27.4 2.7 61.1 5.3 11.5 15.9 24.8 77.4 22.6 100 0.0 90.9 9.1
174 Kelly Oubre Jr. PHI 28 61 33 28 29.8 63.3 36.7 55.0 3.5 28.5 19.0 16.5 17.3 51.5 56.3 43.7 88.5 11.5 64.6 35.4
174 Kenrich Williams OKC 29 61 44 17 14.4 47.0 53.0 45.5 3.0 52.6 11.2 1.9 18.7 42.5 77.0 23.0 95.7 4.3 85.2 14.8
174 Malachi Flynn DET 25 61 27 34 11.8 45.2 54.8 38.3 8.7 48.7 14.1 13.0 23.1 29.6 30.2 69.8 77.8 22.2 52.0 48.0
174 Max Christie LAL 21 61 34 27 14.9 50.7 49.3 42.5 10.4 44.8 11.6 12.7 11.9 32.1 63.2 36.8 97.5 2.5 77.3 22.7
174 Miles McBride NYK 23 61 37 24 18.5 42.0 58.0 34.0 8.7 58.4 14.7 7.6 18.6 25.3 31.7 68.3 89.4 10.6 62.5 37.5
174 Rui Hachimura LAL 26 61 35 26 26.5 65.9 34.1 57.4 7.7 31.6 16.2 11.0 14.0 49.8 81.0 19.0 98.8 1.2 85.8 14.2
184 Al Horford BOS 37 60 47 13 27.2 38.2 61.8 36.9 2.4 58.2 9.8 4.9 9.4 34.5 70.2 29.8 100 0.0 85.5 14.5
184 Devin Booker PHX 27 60 37 23 35.7 69.5 30.5 54.8 21.4 23.7 14.3 21.5 11.0 33.4 36.3 63.7 60.9 39.1 41.9 58.1
184 Duop Reath POR 27 60 15 45 18.2 50.6 49.4 46.2 1.4 42.9 7.9 10.9 12.0 44.7 69.0 31.0 98.8 1.2 80.4 19.6
184 Joe Ingles ORL 36 60 38 22 17.2 30.0 70.0 20.4 0.8 70.2 9.8 9.4 11.7 19.6 44.4 55.6 93.5 6.5 78.7 21.3
184 Karl-Anthony Towns MIN 28 60 41 19 32.8 66.0 34.0 50.9 5.1 30.3 4.9 18.8 13.9 45.8 63.9 36.1 97.0 3.0 73.3 26.7
184 Santi Aldama MEM 23 60 22 38 26.6 46.5 53.5 42.9 2.5 48.8 10.4 8.3 11.3 40.5 67.1 32.9 96.2 3.8 79.7 20.3
184 Scottie Barnes TOR 22 60 22 38 34.9 68.6 31.4 58.1 7.1 25.4 15.4 16.5 13.2 51.0 46.2 53.8 91.1 8.9 56.4 43.6
184 Trayce Jackson-Davis GSW 24 60 33 27 15.7 99.6 0.4 86.7 0.9 0.0 7.9 13.3 12.5 85.8 72.7 27.3 0.0 0.0 72.7 27.3
192 Bennedict Mathurin IND 21 59 33 26 26.1 67.7 32.3 50.5 8.2 28.0 15.9 21.5 17.2 42.3 58.3 41.7 75.0 25.0 62.8 37.2
192 Cam Thomas BKN 22 59 20 39 31.0 67.5 32.5 52.4 16.9 28.9 10.3 18.7 10.3 35.4 45.3 54.7 70.4 29.6 52.0 48.0
194 CJ McCollum NOP 32 58 38 20 31.9 46.8 53.2 38.0 9.1 53.4 17.2 8.6 16.1 28.8 38.9 61.1 75.4 24.6 56.6 43.4
194 Doug McDermott IND 32 58 18 40 14.4 19.3 80.7 16.2 3.7 80.4 12.8 3.4 13.7 12.5 92.3 7.7 97.7 2.3 96.4 3.6
194 Dwight Powell DAL 32 58 36 22 13.2 98.0 2.0 67.7 0.0 1.5 2.0 30.8 14.1 67.7 65.7 34.3 100 0.0 66.2 33.8
194 Garrison Mathews ATL 27 58 27 31 14.2 13.9 86.1 9.4 2.4 78.8 4.7 11.8 18.0 7.1 75.0 25.0 97.0 3.0 93.7 6.3
194 Haywood Highsmith MIA 27 58 34 24 19.9 41.1 58.9 35.3 2.3 58.1 15.3 6.6 18.2 32.9 62.3 37.7 98.5 1.5 81.3 18.8
194 Moses Moody GSW 21 58 32 26 17.2 52.4 47.6 47.3 4.3 39.0 11.1 13.7 15.1 43.1 59.5 40.5 88.5 11.5 69.8 30.2
200 Day'Ron Sharpe BKN 22 57 23 34 15.1 95.3 4.7 78.2 0.0 3.0 8.5 18.8 11.3 78.2 62.2 37.8 100 0.0 63.1 36.9
200 Goga Bitadze ORL 24 57 32 25 16.4 93.6 6.4 80.3 0.0 2.0 3.3 17.7 16.8 80.3 63.9 36.1 100 0.0 64.5 35.5
200 Sam Merrill CLE 27 57 35 22 17.8 9.9 90.1 6.5 0.0 88.4 12.0 5.1 15.9 6.5 80.0 20.0 96.4 3.6 94.7 5.3
200 Terry Rozier MIA 30 57 20 37 33.8 59.7 40.3 50.7 12.0 35.0 12.1 14.3 13.8 38.7 29.3 70.7 65.9 34.1 40.8 59.2
204 Caleb Houstan ORL 21 56 30 26 14.1 6.5 93.5 6.5 0.8 85.9 15.7 7.6 13.3 5.6 50.0 50.0 98.6 1.4 93.7 6.3
204 Caleb Martin MIA 28 56 31 25 27.1 59.1 40.9 49.6 8.1 38.0 12.3 12.4 11.1 41.5 58.9 41.1 91.7 8.3 70.0 30.0
204 Cameron Johnson BKN 28 56 19 37 27.7 42.8 57.2 35.4 5.5 53.8 14.8 10.8 13.9 29.8 59.7 40.3 95.6 4.4 77.8 22.2
204 Dennis Smith Jr. BKN 26 56 19 37 18.9 67.8 32.2 62.3 4.9 26.0 16.8 11.7 19.5 57.5 42.6 57.4 87.5 12.5 52.4 47.6
204 JT Thor CHA 21 56 13 43 11.8 54.8 45.2 48.6 6.8 46.6 14.9 4.8 15.5 41.9 72.2 27.8 100 0.0 83.1 16.9
204 Jalen Duren DET 20 56 13 43 29.7 99.4 0.6 83.8 0.3 0.0 10.3 16.2 10.7 83.5 68.1 31.9 0.0 0.0 68.1 31.9
204 Josh Okogie PHX 25 56 34 22 16.9 54.2 45.8 41.2 0.7 30.9 11.0 27.9 19.1 40.4 62.5 37.5 100 0.0 75.0 25.0
204 KJ Martin PHI 23 56 29 27 11.9 82.6 17.4 77.0 0.0 12.0 25.0 11.0 27.5 77.0 79.2 20.8 100 0.0 81.2 18.8
204 Trendon Watford BKN 23 56 22 34 12.0 77.7 22.3 64.0 2.9 19.0 12.7 17.0 11.2 61.1 43.2 56.8 95.5 4.5 51.9 48.1
213 Amen Thompson HOU 21 55 27 28 21.4 85.6 14.4 77.7 3.2 4.7 23.9 17.6 16.6 74.6 48.7 51.3 87.5 12.5 50.2 49.8
213 Daniel Theis LAC 31 55 37 18 16.6 77.3 22.7 69.7 1.8 20.0 7.9 10.3 9.4 67.9 80.9 19.1 100 0.0 83.9 16.1
213 Dereck Lively II DAL 20 55 35 20 23.5 99.3 0.7 91.5 0.4 0.0 10.1 8.5 10.6 91.1 81.0 19.0 0.0 0.0 81.0 19.0
213 Isaiah Jackson IND 22 55 33 22 12.8 98.2 1.8 80.9 2.8 0.0 10.0 19.1 16.6 78.1 77.4 22.6 0.0 0.0 77.4 22.6
213 James Wiseman DET 23 55 8 47 16.1 99.2 0.8 84.3 3.7 0.0 11.0 15.7 13.1 80.6 71.4 28.6 0.0 0.0 71.4 28.6
213 John Konchar MEM 28 55 18 37 21.3 42.3 57.7 42.6 0.0 48.5 18.7 8.9 21.7 42.6 68.0 32.0 100 0.0 81.8 18.2
213 Jordan Clarkson UTA 31 55 22 33 30.6 62.1 37.9 52.2 7.4 29.0 8.7 18.8 10.1 44.8 37.0 63.0 70.3 29.7 46.0 54.0
213 Kyle Lowry PHI 38 55 27 28 28.4 33.9 66.1 27.0 4.3 60.0 12.4 13.0 14.6 22.6 46.8 53.2 80.4 19.6 66.9 33.1
213 Larry Nance Jr. NOP 31 55 32 23 19.7 72.7 27.3 64.1 2.6 23.3 5.5 12.6 14.2 61.5 78.8 21.2 95.8 4.2 82.1 17.9
213 Lauri Markkanen UTA 26 55 22 33 33.1 50.7 49.3 39.4 3.9 41.1 8.5 19.5 11.0 35.5 74.2 25.8 98.3 1.7 84.1 15.9
213 Luke Kornet BOS 28 55 42 13 15.5 100 0.0 84.5 1.4 0.0 7.4 15.5 9.2 83.1 69.2 30.8 0.0 0.0 69.2 30.8
213 Onyeka Okongwu ATL 23 55 23 32 25.5 81.1 18.9 71.3 0.7 12.3 4.3 16.4 11.2 70.6 77.5 22.5 100 0.0 79.8 20.2
213 Scoot Henderson POR 20 55 16 39 27.5 67.5 32.5 51.9 10.1 27.5 12.8 20.6 14.1 41.8 27.4 72.6 61.2 38.8 36.2 63.8
226 Blake Wesley SAS 21 54 15 39 13.5 75.9 24.1 69.1 1.8 10.9 27.7 20.0 29.5 67.3 55.3 44.7 100 0.0 59.5 40.5
226 Chris Duarte SAC 26 54 32 22 12.8 40.3 59.7 31.1 3.6 57.3 11.6 11.6 18.7 27.6 68.6 31.4 88.4 11.6 79.5 20.5
226 Dean Wade CLE 27 54 36 18 20.5 12.9 87.1 11.7 2.1 81.4 13.7 6.9 17.5 9.6 64.7 35.3 98.7 1.3 92.7 7.3
226 Jalen Smith IND 24 54 31 23 17.5 62.2 37.8 56.2 2.6 31.8 9.7 12.0 11.4 53.6 67.5 32.5 100 0.0 76.4 23.6
226 Jamal Murray DEN 27 54 40 14 32.1 66.4 33.6 53.3 19.8 33.7 9.8 13.0 14.1 33.5 33.2 66.8 59.1 40.9 40.9 59.1
226 Jerami Grant POR 30 54 17 37 33.9 67.5 32.5 48.1 11.8 29.4 10.6 22.5 16.2 36.2 44.5 55.5 97.3 2.7 59.8 40.2
226 Josh Green DAL 23 54 31 23 26.6 50.1 49.9 45.4 3.9 46.5 25.8 8.1 15.5 41.5 74.0 26.0 95.8 4.2 82.9 17.1
226 Kris Murray POR 23 54 10 44 19.7 50.5 49.5 52.6 0.0 38.9 17.7 8.5 21.8 52.6 51.9 48.1 97.4 2.6 67.0 33.0
234 Bryce McGowens CHA 21 53 9 44 15.1 54.0 46.0 45.0 3.8 34.4 18.7 20.6 15.3 41.2 47.5 52.5 96.7 3.3 64.0 36.0
234 Dyson Daniels NOP 21 53 30 23 21.7 56.8 43.2 55.9 2.1 33.1 12.8 11.0 23.1 53.8 49.4 50.6 100 0.0 63.7 36.3
234 Gradey Dick TOR 20 53 16 37 20.0 45.0 55.0 38.9 9.7 51.8 20.0 9.3 15.3 29.2 83.8 16.2 98.6 1.4 90.7 9.3
234 Keita Bates-Diop BKN 28 53 29 24 12.5 58.4 41.6 51.8 2.0 32.0 14.2 16.2 10.7 49.7 62.7 37.3 95.2 4.8 72.2 27.8
234 Lonnie Walker IV BKN 25 53 22 31 16.8 44.1 55.9 35.3 7.4 56.5 18.4 8.2 19.0 28.0 45.1 54.9 73.2 26.8 59.6 40.4
234 Mo Bamba PHI 25 53 26 27 13.3 68.1 31.9 57.4 2.5 29.5 7.4 13.1 13.9 54.9 62.9 37.1 100 0.0 72.3 27.7
234 Nicolas Batum PHI 35 53 29 24 24.9 28.5 71.5 27.1 2.8 67.7 3.1 5.2 11.8 24.3 59.0 41.0 100 0.0 84.6 15.4
234 RJ Barrett TOR 23 53 24 29 31.6 70.5 29.5 57.7 2.5 24.9 20.6 17.4 15.4 55.2 60.9 39.1 98.8 1.2 69.4 30.6
234 Vasilije Micic CHA 30 53 31 22 18.8 59.9 40.1 56.9 12.2 29.0 7.5 14.1 13.5 44.8 35.9 64.1 62.9 37.1 42.8 57.2
234 Zeke Nnaji DEN 23 53 37 16 9.8 84.6 15.4 66.3 0.0 8.9 8.3 24.8 11.8 66.3 62.5 37.5 100 0.0 65.6 34.4
244 Dalen Terry CHI 21 52 24 28 10.7 49.6 50.4 54.0 1.5 30.7 19.7 15.3 22.6 52.6 48.6 51.4 92.9 7.1 60.8 39.2
244 Jimmy Butler MIA 34 52 28 24 33.9 82.6 17.4 54.5 8.2 13.7 12.2 31.8 15.1 46.3 45.6 54.4 80.0 20.0 50.6 49.4
244 Kristaps Porzingis BOS 28 52 39 13 29.8 60.4 39.6 48.5 5.5 28.8 5.3 22.7 8.9 43.0 72.5 27.5 99.0 1.0 80.1 19.9
244 Kyrie Irving DAL 32 52 34 18 34.5 63.1 36.9 52.8 14.9 35.1 13.5 12.1 11.7 38.0 37.4 62.6 67.5 32.5 46.6 53.4
244 Vince Williams Jr. MEM 23 52 18 34 27.6 44.9 55.1 34.5 1.2 45.5 13.1 20.0 19.2 33.4 51.1 48.9 92.4 7.6 70.4 29.6
249 Darius Garland CLE 24 51 28 23 33.2 57.6 42.4 47.7 10.0 37.5 11.3 14.8 13.3 37.6 33.3 66.7 67.0 33.0 44.9 55.1
249 Donovan Mitchell CLE 27 51 34 17 35.2 54.9 45.1 44.0 11.1 37.1 17.6 18.9 14.9 32.9 24.6 75.4 55.0 45.0 35.5 64.5
249 Jalen Johnson ATL 22 51 25 26 34.0 71.2 28.8 64.1 3.2 23.8 17.9 12.1 17.5 60.9 71.5 28.5 96.9 3.1 76.5 23.5
249 Jonathan Isaac ORL 26 51 31 20 15.3 61.8 38.2 52.5 5.1 32.2 7.9 15.3 13.8 47.5 65.6 34.4 97.4 2.6 74.8 25.2
249 Jose Alvarado NOP 25 51 34 17 17.8 42.4 57.6 34.1 2.3 56.3 13.1 9.6 16.2 31.8 55.0 45.0 87.9 12.1 72.2 27.8
249 Justin Holiday DEN 34 51 33 18 14.6 30.7 69.3 29.9 10.9 68.7 18.9 1.4 17.9 18.9 76.7 23.3 97.8 2.2 89.5 10.5
249 Quentin Grimes DET 23 51 32 19 20.1 26.8 73.2 22.8 1.1 67.7 23.7 9.5 15.3 21.7 73.2 26.8 96.3 3.7 88.5 11.5
249 Trae Young ATL 25 51 22 29 36.5 53.6 46.4 37.1 7.9 37.7 9.2 25.2 13.8 29.2 24.5 75.5 33.7 66.3 28.2 71.8
249 Troy Brown Jr. DET 24 51 29 22 12.4 33.7 66.3 28.4 8.5 58.3 10.0 13.3 14.7 19.9 50.0 50.0 90.2 9.8 73.2 26.8
249 Ziaire Williams MEM 22 51 20 31 20.3 50.0 50.0 43.8 7.1 41.4 12.4 14.8 13.6 36.7 64.1 35.9 89.7 10.3 74.0 26.0
259 AJ Green MIL 24 50 33 17 10.2 14.0 86.0 11.8 6.3 81.4 6.8 6.8 8.1 5.4 84.6 15.4 93.3 6.7 91.8 8.2
259 Andre Jackson Jr. MIL 22 50 31 19 10.3 55.1 44.9 54.7 6.8 38.5 24.8 6.8 15.4 47.9 50.0 50.0 100 0.0 66.0 34.0
259 Ben Sheppard IND 22 50 27 23 13.3 32.6 67.4 34.0 3.8 56.6 23.1 9.4 18.4 30.2 61.1 38.9 97.5 2.5 80.3 19.7
259 Chris Boucher TOR 31 50 16 34 14.1 56.7 43.3 49.1 1.2 28.9 18.3 22.0 15.2 47.8 59.5 40.5 100 0.0 70.9 29.1
259 Chris Paul GSW 38 50 27 23 26.3 54.8 45.2 46.9 27.2 44.1 3.5 9.0 13.8 19.7 17.8 82.2 70.1 29.9 37.9 62.1
259 Christian Wood LAL 28 50 28 22 17.4 56.8 43.2 50.7 2.9 30.3 10.1 19.0 10.4 47.8 76.1 23.9 97.1 2.9 82.1 17.9
259 De'Andre Hunter ATL 26 50 24 26 29.0 55.0 45.0 41.7 11.5 39.9 9.8 18.4 14.7 30.2 67.5 32.5 90.4 9.6 76.4 23.6
259 Jakob Poeltl TOR 28 50 21 29 26.4 100 0.0 89.4 2.9 0.0 7.2 10.6 12.1 86.5 79.8 20.2 0.0 0.0 79.8 20.2
259 Jordan Goodwin MEM 25 50 27 23 16.7 59.8 40.2 52.0 7.8 37.4 10.3 10.6 19.6 44.1 31.5 68.5 91.4 8.6 50.9 49.1
259 Trey Lyles SAC 28 50 30 20 19.7 31.5 68.5 27.2 1.1 60.0 5.8 12.8 10.3 26.1 71.4 28.6 100 0.0 88.4 11.6
269 Bojan Bogdanovic NYK 34 49 14 35 27.3 50.3 49.7 39.9 11.6 46.3 14.9 13.8 12.1 28.3 62.6 37.4 90.0 10.0 74.5 25.5
269 Draymond Green GSW 34 49 29 20 26.7 66.0 34.0 57.0 2.3 31.0 6.4 12.0 12.6 54.7 78.2 21.8 93.3 6.7 82.2 17.8
269 Keon Ellis SAC 24 49 30 19 15.8 27.2 72.8 25.7 5.3 66.4 23.9 7.9 13.7 20.4 69.0 31.0 94.0 6.0 84.8 15.2
269 Khris Middleton MIL 32 49 30 19 27.0 61.1 38.9 53.4 26.8 34.5 8.5 12.1 10.5 26.5 36.9 63.1 71.4 28.6 47.3 52.7
269 Marvin Bagley III WAS 25 49 6 43 21.3 94.5 5.5 78.8 3.5 4.7 6.9 16.5 15.2 75.3 66.2 33.8 100 0.0 67.5 32.5
269 Trey Murphy III NOP 23 49 31 18 28.4 28.5 71.5 25.4 1.2 60.9 20.9 13.7 14.7 24.2 70.1 29.9 88.5 11.5 81.4 18.6
275 Craig Porter Jr. CLE 24 48 29 19 13.3 85.0 15.0 72.8 17.0 12.7 12.0 14.5 17.0 55.8 37.9 62.1 83.3 16.7 42.6 57.4
275 Dante Exum DAL 28 48 31 17 19.3 65.3 34.7 50.6 1.5 36.5 16.2 12.9 15.4 49.1 55.0 45.0 97.9 2.1 68.9 31.1
275 Deandre Ayton POR 25 48 12 36 32.1 99.3 0.7 92.2 21.3 0.4 5.4 7.4 14.5 70.9 74.0 26.0 100 0.0 74.1 25.9
275 Jock Landale HOU 28 48 25 23 12.1 81.5 18.5 70.1 6.1 10.7 5.6 19.2 16.2 64.0 71.0 29.0 100 0.0 73.7 26.3
275 Jordan McLaughlin MIN 27 48 30 18 10.5 38.3 61.7 25.2 2.5 69.8 6.9 5.0 28.3 22.6 65.0 35.0 97.3 2.7 86.0 14.0
275 Kessler Edwards SAC 23 48 29 19 5.1 37.0 63.0 31.0 4.8 64.3 10.7 4.7 23.8 26.2 61.5 38.5 100 0.0 83.9 16.1
275 Oshae Brissett BOS 25 48 40 8 11.7 60.8 39.2 50.0 1.1 25.6 16.5 24.4 15.9 48.9 65.9 34.1 100 0.0 74.6 25.4
282 Dalano Banton POR 24 47 22 25 17.0 61.8 38.2 51.3 1.9 32.7 24.0 16.0 14.8 49.4 34.9 65.1 82.2 17.8 49.0 51.0
282 Gary Harris ORL 29 47 31 16 23.0 32.0 68.0 31.1 4.2 59.3 11.1 9.6 11.4 26.9 71.2 28.8 98.5 1.5 86.4 13.6
282 Kevin Love MIA 35 47 26 21 17.5 30.5 69.5 28.7 2.4 52.2 5.2 19.1 16.2 26.4 59.0 41.0 98.6 1.4 80.7 19.3
282 Shake Milton NYK 27 47 31 16 12.4 67.2 32.8 56.5 7.4 25.0 19.0 18.5 23.1 49.1 63.9 36.1 94.4 5.6 70.9 29.1
282 Wendell Carter Jr. ORL 24 47 26 21 25.9 61.4 38.6 53.0 2.7 30.5 4.8 16.5 11.7 50.3 73.9 26.1 98.1 1.9 80.6 19.4
282 Xavier Tillman BOS 25 47 25 22 18.9 72.0 28.0 72.9 1.6 18.2 6.5 8.9 17.4 71.3 83.3 16.7 100 0.0 85.7 14.3
288 Anfernee Simons POR 24 46 11 35 34.4 51.6 48.4 39.3 8.3 45.0 13.3 15.7 13.7 31.0 16.2 83.8 62.2 37.8 36.1 63.9
288 Cam Reddish LAL 24 46 27 19 20.9 52.6 47.4 41.6 1.6 42.4 18.8 16.0 25.1 40.0 71.7 28.3 100 0.0 83.1 16.9
288 Isaiah Stewart DET 22 46 9 37 30.9 54.2 45.8 47.3 1.2 40.0 5.6 12.7 11.1 46.1 72.3 27.7 100 0.0 82.3 17.7
288 Julius Randle NYK 29 46 29 17 35.4 70.8 29.2 57.9 6.9 20.7 12.7 21.4 12.7 51.0 42.3 57.7 86.8 13.2 50.9 49.1
288 Landry Shamet WAS 27 46 6 40 15.8 42.7 57.3 39.8 11.0 48.6 14.7 11.6 13.8 28.7 73.8 26.2 92.5 7.5 82.2 17.8
288 MarJon Beauchamp MIL 23 46 30 16 12.9 54.1 45.9 47.7 9.1 42.6 18.8 9.7 18.3 38.6 57.4 42.6 96.4 3.6 72.0 28.0
288 Mike Muscala OKC 32 46 13 33 11.8 36.3 63.7 32.2 4.0 56.4 2.7 11.4 9.4 28.2 66.7 33.3 100 0.0 84.6 15.4
288 Nick Smith Jr. CHA 19 46 8 38 14.0 49.0 51.0 33.6 11.7 62.1 9.4 4.3 16.8 21.9 37.2 62.8 86.8 13.2 64.6 35.4
288 Talen Horton-Tucker UTA 23 46 12 34 19.1 60.9 39.1 47.8 2.8 34.5 15.9 17.7 12.2 45.1 26.0 74.0 80.0 20.0 43.5 56.5
288 Torrey Craig CHI 33 46 19 27 20.3 37.8 62.2 31.3 2.1 59.8 11.0 8.9 11.7 29.2 56.8 43.2 96.4 3.6 79.0 21.0
298 Bradley Beal PHX 30 45 27 18 33.0 68.2 31.8 59.3 13.8 28.6 10.2 12.1 16.6 45.5 44.5 55.5 84.2 15.8 54.2 45.8
298 Danilo Gallinari MIL 35 45 15 30 13.1 50.0 50.0 37.9 12.1 33.0 4.5 29.1 8.3 25.8 54.0 46.0 86.2 13.8 65.8 34.2
298 Gordon Hayward OKC 34 45 22 23 25.0 77.7 22.3 59.7 16.4 22.6 15.7 17.7 21.2 43.4 59.3 40.7 94.1 5.9 66.3 33.7
298 Jaden Springer BOS 21 45 29 16 10.0 67.6 32.4 62.0 7.0 16.9 25.4 21.1 19.0 54.9 45.5 54.5 87.5 12.5 51.9 48.1
298 Jordan Nwora TOR 25 45 13 32 12.9 56.3 43.7 53.3 3.9 34.5 17.8 12.2 18.1 49.3 63.0 37.0 82.9 17.1 69.0 31.0
298 Julian Strawther DEN 21 45 30 15 11.7 37.8 62.2 36.9 3.6 54.1 19.4 9.0 12.6 33.3 65.9 34.1 95.0 5.0 80.2 19.8
298 Tristan Thompson CLE 33 45 27 18 11.8 99.1 0.9 90.3 0.0 0.0 2.6 9.7 3.9 90.3 55.7 44.3 0.0 0.0 55.7 44.3
305 Anthony Gill WAS 31 44 8 36 7.0 73.1 26.9 63.6 0.0 18.2 7.6 18.2 18.2 63.6 66.7 33.3 100 0.0 72.0 28.0
305 Delon Wright MIA 31 44 13 31 15.3 66.5 33.5 48.6 4.3 32.4 14.1 19.0 25.4 44.3 37.8 62.2 85.0 15.0 52.3 47.7
305 Johnny Davis WAS 22 44 7 37 11.3 75.8 24.2 70.8 5.3 21.2 26.5 8.0 15.9 65.5 60.0 40.0 100 0.0 66.7 33.3
305 Marcus Morris Sr. CLE 34 44 25 19 17.2 54.9 45.1 42.6 20.9 45.6 5.4 11.8 13.5 21.6 44.4 55.6 97.8 2.2 66.7 33.3
305 OG Anunoby NYK 26 44 26 18 34.1 52.8 47.2 49.2 6.1 40.8 22.9 10.0 17.7 43.1 69.6 30.4 95.5 4.5 78.8 21.2
305 Seth Curry CHA 33 44 25 19 14.0 47.1 52.9 37.2 18.6 50.4 9.3 12.4 15.5 18.6 50.0 50.0 86.8 13.2 67.5 32.5
311 Chimezie Metu DET 27 43 23 20 14.0 61.8 38.2 58.0 3.5 20.8 16.0 21.2 23.8 54.5 79.1 20.9 93.8 6.3 81.9 18.1
311 Chuma Okeke ORL 25 43 22 21 9.8 26.6 73.4 30.5 1.9 65.7 15.2 3.8 17.1 28.6 75.0 25.0 95.7 4.3 87.2 12.8
311 Evan Mobley CLE 22 43 26 17 30.7 90.5 9.5 77.0 2.4 7.5 9.1 15.5 13.6 74.6 73.2 26.8 100 0.0 74.8 25.2
311 Ish Smith CHA 35 43 6 37 17.2 94.9 5.1 89.2 28.8 8.6 11.5 2.2 14.4 60.4 38.7 61.3 75.0 25.0 40.9 59.1
311 JaVale McGee SAC 36 43 26 17 7.6 96.0 4.0 84.1 1.1 1.7 4.5 14.2 18.8 83.0 79.7 20.3 100 0.0 80.0 20.0
311 Jae Crowder MIL 33 43 24 19 23.2 38.6 61.4 36.5 10.9 55.8 9.9 7.7 15.0 25.5 92.0 8.0 96.1 3.9 94.1 5.9
311 Jalen McDaniels TOR 26 43 10 33 9.9 56.7 43.3 62.2 0.0 24.4 17.0 13.4 19.3 62.2 76.2 23.8 90.9 9.1 79.2 20.8
311 Jericho Sims NYK 25 43 28 15 13.1 100 0.0 84.4 0.0 0.0 0.0 15.6 8.9 84.4 63.2 36.8 0.0 0.0 63.2 36.8
311 Josh Richardson MIA 30 43 24 19 25.6 45.2 54.8 41.4 8.0 46.6 11.8 12.0 13.9 33.4 51.1 48.9 97.0 3.0 70.8 29.2
311 Patrick Williams CHI 22 43 19 24 27.3 58.8 41.2 46.6 11.7 41.3 11.4 12.1 15.9 35.0 55.0 45.0 96.6 3.4 70.4 29.6
321 Desmond Bane MEM 25 42 14 28 34.4 53.6 46.4 44.7 8.4 41.2 16.2 14.1 17.4 36.3 40.4 59.6 61.3 38.7 48.3 51.7
321 Killian Hayes DET 22 42 7 35 24.0 73.9 26.1 65.7 24.2 22.8 10.4 11.5 13.8 41.5 48.4 51.6 86.4 13.6 55.6 44.4
323 Omer Yurtseven UTA 25 41 15 26 9.2 83.9 16.1 80.8 1.4 10.3 2.1 8.9 14.4 79.5 66.1 33.9 100 0.0 68.8 31.3
324 Alex Len SAC 30 40 21 19 9.2 95.9 4.1 83.3 3.7 0.0 3.7 16.7 8.3 79.6 71.1 28.9 0.0 0.0 71.1 28.9
324 Cody Zeller NOP 31 40 24 16 7.6 95.0 5.0 64.9 0.0 4.1 8.1 31.0 10.8 64.9 54.2 45.8 100 0.0 56.0 44.0
324 GG Jackson MEM 19 40 11 29 24.1 47.5 52.5 37.1 2.3 45.0 13.3 17.9 17.8 34.9 61.6 38.4 91.3 8.8 74.9 25.1
324 Julian Phillips CHI 20 40 20 20 8.1 50.6 49.4 44.9 4.5 40.4 16.9 14.7 14.6 40.4 75.0 25.0 100 0.0 84.4 15.6
324 Nassir Little PHX 24 40 24 16 11.1 43.1 56.9 45.2 2.7 43.2 24.7 11.6 21.2 42.5 78.8 21.2 100 0.0 87.0 13.0
324 Richaun Holmes WAS 30 40 13 27 13.9 98.0 2.0 81.4 1.0 1.5 10.6 17.1 10.6 80.4 71.6 28.4 100 0.0 72.0 28.0
330 Cam Whitmore HOU 19 39 16 23 18.0 53.7 46.3 47.4 4.2 40.0 22.0 12.6 16.3 43.1 57.1 42.9 93.7 6.3 70.3 29.7
330 Gary Payton II GSW 31 39 23 16 15.3 70.7 29.3 70.1 0.0 24.4 14.7 5.5 23.4 70.1 82.6 17.4 100 0.0 85.9 14.1
330 Jacob Gilyard BKN 25 39 12 27 17.1 16.4 83.6 10.4 5.8 88.4 9.8 1.2 15.0 4.6 11.1 88.9 82.4 17.6 71.7 28.3
330 Malcolm Brogdon POR 31 39 15 24 28.7 59.9 40.1 44.4 11.1 40.1 9.8 15.5 12.1 33.3 25.7 74.3 75.6 24.4 44.5 55.5
330 Mason Plumlee LAC 34 39 25 14 14.3 99.2 0.8 71.4 0.0 0.0 4.8 28.6 11.9 71.4 74.7 25.3 0.0 0.0 74.7 25.3
330 Sandro Mamukelashvili SAS 24 39 8 31 6.9 57.3 42.7 62.4 5.5 24.8 13.8 12.8 19.3 56.9 58.8 41.2 100 0.0 67.4 32.6
336 Kobe Brown LAC 24 38 25 13 7.9 40.0 60.0 43.1 3.1 55.4 16.9 1.5 15.4 40.0 71.4 28.6 100 0.0 84.6 15.4
336 Nikola Jovic MIA 20 38 19 19 18.6 42.9 57.1 33.6 2.3 57.4 9.4 9.0 18.0 31.3 67.4 32.6 89.8 10.2 79.3 20.7
338 Bismack Biyombo OKC 31 37 18 19 20.5 100 0.0 85.0 0.0 0.0 7.5 15.0 18.1 85.0 76.5 23.5 0.0 0.0 76.5 23.5
338 Bruno Fernando ATL 25 37 18 19 14.0 97.2 2.8 79.8 0.0 0.0 1.9 20.2 10.8 79.8 76.5 23.5 0.0 0.0 76.5 23.5
338 Luke Kennard MEM 27 37 13 24 25.3 24.2 75.8 15.7 4.9 74.4 13.8 9.9 17.4 10.8 75.0 25.0 95.0 5.0 90.2 9.8
338 Maxi Kleber DAL 32 37 23 14 20.3 36.5 63.5 34.8 5.2 50.3 0.6 14.9 14.8 29.7 88.9 11.1 96.2 3.8 92.5 7.5
338 Thomas Bryant MIA 26 37 21 16 11.3 84.9 15.1 74.4 4.0 6.0 11.6 19.6 16.6 70.4 73.0 27.0 100 0.0 74.4 25.6
343 A.J. Lawson DAL 23 36 23 13 7.0 57.1 42.9 56.7 1.7 32.5 32.5 10.8 21.7 55.0 55.9 44.1 100 0.0 68.1 31.9
343 Bol Bol PHX 24 36 23 13 11.3 66.4 33.6 64.6 9.1 28.8 10.6 6.6 9.6 55.6 76.6 23.4 100 0.0 81.9 18.1
343 Davis Bertans CHA 31 36 18 18 14.3 13.4 86.6 7.2 1.8 80.7 13.0 12.1 23.8 5.4 87.5 12.5 96.7 3.3 95.6 4.4
343 De'Anthony Melton PHI 25 36 23 13 27.8 40.5 59.5 29.5 3.4 54.5 20.3 16.0 14.3 26.2 47.5 52.5 80.0 20.0 65.4 34.6
343 Eugene Omoruyi WAS 27 36 4 32 7.9 76.7 23.3 70.2 2.6 11.9 19.2 17.9 31.8 67.5 60.4 39.6 100 0.0 64.4 35.6
343 Jalen Wilson BKN 23 36 11 25 13.8 60.2 39.8 48.4 6.2 33.5 9.9 18.1 16.8 42.2 59.0 41.0 100 0.0 71.9 28.1
343 Luka Samanic UTA 24 36 13 23 7.0 57.9 42.1 48.5 1.9 29.1 11.7 22.4 8.7 46.6 80.0 20.0 100 0.0 85.7 14.3
343 Reggie Bullock Jr. HOU 33 36 21 15 9.6 18.9 81.1 14.1 4.7 84.7 10.6 1.2 5.9 9.4 100 0.0 95.8 4.2 96.7 3.3
343 Sasha Vezenkov SAC 28 36 19 17 12.5 39.9 60.1 36.8 1.0 58.2 8.5 5.0 10.4 35.8 78.4 21.6 97.4 2.6 88.2 11.8
343 Trent Forrest ATL 25 36 18 18 10.8 88.2 11.8 75.3 5.2 7.8 15.6 16.9 26.0 70.1 31.0 69.0 100 0.0 35.5 64.5
343 Tyler Herro MIA 24 36 19 17 33.6 54.8 45.2 44.3 13.1 46.9 14.6 8.8 13.1 31.2 41.0 59.0 80.3 19.7 57.2 42.8
354 Furkan Korkmaz PHI 26 35 22 13 8.6 47.4 52.6 36.4 2.3 47.7 15.9 15.9 35.2 34.1 75.0 25.0 71.4 28.6 73.3 26.7
354 Markelle Fultz ORL 25 35 21 14 21.5 94.7 5.3 90.3 11.9 3.4 16.4 6.3 19.0 78.4 38.8 61.2 100 0.0 40.3 59.7
354 Olivier-Maxence Prosper DAL 21 35 21 14 7.5 54.7 45.3 43.4 2.4 28.9 27.7 27.7 13.3 41.0 66.7 33.3 100 0.0 76.9 23.1
354 Skylar Mays LAL 26 35 13 22 12.2 65.8 34.2 60.6 11.6 31.0 7.1 8.4 14.8 49.0 27.7 72.3 87.5 12.5 42.9 57.1
358 Damian Jones CLE 28 34 22 12 7.3 81.5 18.5 75.5 4.1 6.1 12.2 18.4 19.4 71.4 81.1 18.9 100 0.0 82.1 17.9
358 Danuel House Jr. PHI 30 34 21 13 15.0 52.4 47.6 44.4 4.2 31.3 33.3 24.3 20.8 40.3 71.9 28.1 93.3 6.7 78.7 21.3
358 DeAndre Jordan DEN 35 34 23 11 11.3 100 0.0 81.7 0.0 0.0 1.4 18.3 5.6 81.7 72.4 27.6 0.0 0.0 72.4 27.6
358 Joel Embiid PHI 30 34 26 8 34.0 85.1 14.9 60.1 18.7 10.2 5.8 29.7 9.1 41.5 53.2 46.8 80.5 19.5 56.0 44.0
358 Lamar Stevens MEM 26 34 19 15 13.1 81.9 18.1 70.2 8.9 14.7 14.7 15.1 14.2 61.3 54.4 45.6 100 0.0 60.0 40.0
358 Yuta Watanabe MEM 29 34 18 16 13.7 26.7 73.3 27.4 3.4 64.1 20.5 8.5 22.2 23.9 56.3 43.8 100 0.0 82.9 17.1
364 Dominick Barlow SAS 20 33 7 26 12.7 92.0 8.0 73.6 12.5 6.3 4.2 20.1 9.0 61.1 69.8 30.2 100 0.0 71.4 28.6
364 Jared Butler WAS 23 33 5 28 12.4 59.7 40.3 59.6 4.7 28.1 17.0 12.3 15.2 55.0 43.1 56.9 81.3 18.8 52.2 47.8
364 Jeremiah Robinson-Earl NOP 23 33 18 15 9.3 60.5 39.5 55.6 9.3 33.3 14.8 11.1 17.6 46.3 76.7 23.3 100 0.0 83.3 16.7
364 Lester Quinones GSW 23 33 20 13 11.2 37.4 62.6 29.8 5.7 57.4 14.9 12.8 10.6 24.1 38.1 61.9 96.3 3.7 70.8 29.2
364 Orlando Robinson MIA 23 33 18 15 9.1 79.2 20.8 56.6 0.0 24.2 3.0 19.2 21.2 56.6 60.7 39.3 100 0.0 69.4 30.6
364 Svi Mykhailiuk BOS 26 33 26 7 8.9 17.5 82.5 15.4 1.9 80.8 21.2 3.8 15.4 13.5 75.0 25.0 92.9 7.1 88.9 11.1
364 Taylor Hendricks UTA 20 33 11 22 20.8 40.2 59.8 38.6 1.8 52.6 12.7 8.8 11.0 36.8 61.4 38.6 100 0.0 79.8 20.2
364 Tre Mann CHA 23 33 18 15 22.3 59.8 40.2 51.9 3.5 37.9 10.5 10.2 13.3 48.4 21.6 78.4 77.8 22.2 40.0 60.0
364 Wesley Matthews ATL 37 33 10 23 12.0 29.0 71.0 17.0 1.9 67.9 15.1 15.1 10.4 15.1 88.9 11.1 95.8 4.2 93.9 6.1
373 Bones Hyland LAC 23 32 18 14 13.6 45.0 55.0 38.9 5.4 53.5 13.0 7.6 17.3 33.5 36.1 63.9 57.6 42.4 46.4 53.6
373 Patrick Baldwin Jr. WAS 21 32 6 26 10.3 38.1 61.9 30.9 0.0 55.7 8.2 13.4 16.5 30.9 73.3 26.7 100 0.0 87.9 12.1
373 Shaedon Sharpe POR 20 32 8 24 33.1 58.5 41.5 45.5 9.8 35.3 13.5 19.2 19.2 35.7 46.6 53.4 71.7 28.3 55.1 44.9
376 Kevin Knox II DET 24 31 4 27 18.1 49.5 50.5 49.3 6.3 41.7 24.7 9.0 16.1 43.0 78.2 21.8 96.8 3.2 84.9 15.1
376 Lindy Waters III OKC 26 31 21 10 6.4 13.0 87.0 7.3 2.4 91.5 17.1 1.2 13.4 4.9 100 0.0 92.0 8.0 92.9 7.1
376 Ousmane Dieng OKC 20 31 19 12 11.0 35.6 64.4 38.3 6.7 50.0 17.5 11.7 36.7 31.7 91.3 8.7 100 0.0 95.3 4.7
376 Rayan Rupert POR 19 31 5 26 12.0 58.3 41.7 40.0 0.0 45.7 18.1 14.3 14.3 40.0 57.1 42.9 93.8 6.3 73.0 27.0
380 Jarace Walker IND 20 30 15 15 10.5 48.5 51.5 37.0 11.1 55.6 7.4 7.4 14.8 25.9 65.0 35.0 85.0 15.0 75.0 25.0
380 Patty Mills MIA 35 30 14 16 13.2 34.7 65.3 35.0 18.3 57.5 9.2 7.5 25.0 16.7 52.4 47.6 95.7 4.3 75.0 25.0
380 Terry Taylor CHI 24 30 12 18 5.9 75.7 24.3 81.0 0.0 14.3 14.3 4.7 0.0 81.0 64.7 35.3 100 0.0 68.4 31.6
383 Jake LaRavia MEM 22 29 5 24 20.6 48.9 51.1 36.6 1.6 39.7 11.7 23.7 14.8 35.0 53.2 46.8 91.2 8.8 69.1 30.9
383 Jarred Vanderbilt LAL 24 29 14 15 20.0 76.3 23.7 68.0 0.0 16.0 24.7 16.0 20.0 68.0 70.6 29.4 100 0.0 74.6 25.4
383 Robert Covington PHI 33 29 20 9 16.8 42.9 57.1 37.8 1.6 44.9 11.8 17.3 24.4 36.2 75.0 25.0 100 0.0 86.0 14.0
383 Thaddeus Young PHX 35 29 9 20 14.0 94.2 5.8 93.9 3.0 2.3 9.1 3.8 17.4 90.9 72.6 27.4 100 0.0 73.0 27.0
383 Thanasis Antetokounmpo MIL 31 29 19 10 4.7 96.2 3.8 100 0.0 0.0 23.1 0.0 15.4 100 76.9 23.1 0.0 0.0 76.9 23.1
388 Cody Martin CHA 28 28 7 21 26.9 60.0 40.0 52.1 8.5 38.4 16.1 9.5 17.5 43.6 43.6 56.4 70.4 29.6 52.4 47.6
388 Justin Minaya POR 25 28 2 26 7.7 36.6 63.4 35.3 0.0 52.9 38.2 11.8 29.4 35.3 33.3 66.7 83.3 16.7 58.3 41.7
388 Maxwell Lewis LAL 21 28 14 14 3.2 60.0 40.0 57.1 0.0 42.9 0.0 0.0 28.6 57.1 50.0 50.0 100 0.0 66.7 33.3
391 Ricky Council IV PHI 22 27 10 17 8.7 72.4 27.6 49.7 2.6 17.6 24.2 32.7 18.3 47.1 65.8 34.2 100 0.0 72.3 27.7
392 Brandon Boston Jr. LAC 22 26 15 11 8.5 69.1 30.9 60.4 15.1 25.5 9.4 14.1 17.9 45.3 56.3 43.8 66.7 33.3 58.5 41.5
392 Cory Joseph GSW 32 26 10 16 11.4 34.4 65.6 31.7 9.5 61.9 11.1 6.4 17.5 22.2 60.0 40.0 92.3 7.7 78.3 21.7
392 Jontay Porter TOR 24 26 6 20 13.8 42.3 57.7 34.8 1.7 52.2 5.2 13.0 12.2 33.0 65.0 35.0 100 0.0 82.5 17.5
392 Josh Minott MIN 21 26 20 6 2.7 70.4 29.6 52.6 0.0 15.8 21.1 31.6 13.2 52.6 60.0 40.0 100 0.0 66.7 33.3
392 Neemias Queta BOS 24 26 22 4 11.4 100 0.0 85.7 1.7 0.0 1.7 14.3 10.1 84.0 68.6 31.4 0.0 0.0 68.6 31.4
397 Brice Sensabaugh UTA 20 25 6 19 16.8 45.6 54.4 46.2 11.5 38.5 19.9 15.3 14.1 34.6 55.6 44.4 90.0 10.0 67.9 32.1
397 Evan Fournier DET 31 25 7 18 17.4 38.1 61.9 36.5 12.9 49.4 13.5 14.1 20.6 23.5 61.3 38.7 85.7 14.3 72.9 27.1
397 Kira Lewis Jr. UTA 22 25 10 15 8.1 62.5 37.5 60.9 2.9 17.4 26.1 21.7 23.2 58.0 42.9 57.1 75.0 25.0 48.0 52.0
397 Monte Morris MIN 28 25 16 9 14.6 57.0 43.0 47.6 20.6 42.9 13.5 9.5 15.1 27.0 26.7 73.3 88.9 11.1 50.0 50.0
397 Nathan Mensah CHA 25 25 3 22 12.3 100 0.0 72.7 6.1 0.0 0.0 27.3 12.1 66.7 66.7 33.3 0.0 0.0 66.7 33.3
397 P.J. Tucker LAC 38 25 10 15 15.6 25.6 74.4 15.4 0.0 76.9 20.5 7.7 5.1 15.4 66.7 33.3 100 0.0 92.3 7.7
397 Zach LaVine CHI 29 25 10 15 34.9 55.1 44.9 45.6 12.3 36.3 17.5 18.1 16.0 33.3 39.6 60.4 52.5 47.5 44.1 55.9
404 Collin Gillespie DEN 24 24 15 9 9.4 44.9 55.1 39.1 11.5 51.7 10.3 9.2 12.6 27.6 35.3 64.7 93.3 6.7 62.5 37.5
404 Derrick Rose MEM 35 24 6 18 16.6 75.2 24.8 63.9 13.6 23.6 7.3 12.5 16.8 50.3 42.6 57.4 86.7 13.3 51.3 48.7
404 Jalen Pickett DEN 24 24 17 7 4.8 30.3 69.7 30.8 15.4 61.5 10.3 7.7 20.5 15.4 50.0 50.0 75.0 25.0 64.3 35.7
404 Matt Ryan NOP 26 24 13 11 15.6 19.6 80.4 10.5 3.9 80.9 13.8 8.6 11.2 6.6 100 0.0 92.7 7.3 93.9 6.1
404 Stanley Umude DET 24 24 4 20 12.8 36.9 63.1 20.5 3.1 56.7 19.7 22.8 12.6 17.3 84.6 15.4 100 0.0 94.6 5.4
409 Colby Jones SAC 21 23 12 11 6.3 72.2 27.8 88.4 9.3 7.0 4.7 4.6 0.0 79.1 52.6 47.4 100 0.0 55.0 45.0
409 Isaiah Livers WAS 25 23 1 22 20.4 33.6 66.4 31.6 5.3 57.9 15.8 10.5 15.8 26.3 77.8 22.2 100 0.0 90.0 10.0
409 Mitchell Robinson NYK 26 23 13 10 28.1 100 0.0 88.3 0.0 0.0 1.4 11.7 13.8 88.3 51.6 48.4 0.0 0.0 51.6 48.4
412 Harry Giles III LAL 25 22 10 12 4.5 72.0 28.0 71.4 7.1 16.1 16.1 12.5 16.1 64.3 70.0 30.0 100 0.0 73.9 26.1
412 Jamal Cain MIA 25 22 11 11 11.5 60.8 39.2 47.4 10.3 34.0 10.3 18.6 15.5 37.1 65.2 34.8 72.7 27.3 67.6 32.4
412 LaMelo Ball CHA 22 22 7 15 32.3 53.4 46.6 43.0 1.5 39.9 9.5 17.1 14.6 41.4 15.9 84.1 58.6 41.4 32.2 67.8
412 Leaky Black CHA 24 22 1 21 9.9 61.5 38.5 40.0 0.0 42.0 36.0 18.0 12.0 40.0 60.0 40.0 100 0.0 76.5 23.5
412 Markieff Morris DAL 34 22 13 9 7.9 37.0 63.0 25.0 10.7 69.6 5.4 5.4 8.9 14.3 57.1 42.9 84.6 15.4 75.0 25.0
412 Tari Eason HOU 22 22 12 10 21.8 73.5 26.5 65.1 6.5 25.1 22.8 9.8 23.7 58.6 47.1 52.9 100 0.0 58.0 42.0
418 Admiral Schofield ORL 27 21 14 7 3.8 37.5 62.5 34.8 8.7 65.2 0.0 0.0 13.0 26.1 50.0 50.0 100 0.0 77.8 22.2
418 Garrett Temple TOR 37 21 4 17 7.1 48.7 51.3 37.7 0.0 45.3 28.3 17.0 32.1 37.7 60.0 40.0 100 0.0 77.8 22.2
418 Ibou Badji POR 21 21 5 16 10.3 100 0.0 81.3 12.5 0.0 6.3 18.7 3.1 68.8 46.2 53.8 0.0 0.0 46.2 53.8
418 Jalen Hood-Schifino LAL 20 21 10 11 5.2 66.7 33.3 47.1 23.5 17.6 14.7 35.3 5.9 23.5 62.5 37.5 100 0.0 70.0 30.0
418 Saben Lee PHX 24 21 12 9 8.5 69.8 30.2 47.8 0.0 9.0 26.9 43.2 17.9 47.8 56.3 43.8 100 0.0 61.1 38.9
423 Aleksej Pokusevski CHA 22 20 11 9 12.7 53.5 46.5 51.3 2.6 30.8 19.2 17.9 12.8 48.7 80.0 20.0 100 0.0 85.7 14.3
423 Gui Santos GSW 21 20 14 6 7.9 50.0 50.0 38.8 0.0 40.3 20.9 20.9 20.9 38.8 61.5 38.5 88.9 11.1 72.7 27.3
423 Luka Garza MIN 25 20 15 5 5.0 49.1 50.9 44.4 2.8 37.5 2.8 18.1 11.1 41.7 43.8 56.3 100 0.0 64.0 36.0
423 Marcus Smart MEM 30 20 7 13 30.2 43.5 56.5 41.5 6.2 43.6 10.4 14.9 15.6 35.3 25.0 75.0 90.5 9.5 52.0 48.0
423 Ryan Arcidiacono NYK 30 20 15 5 2.3 0.0 100 0.0 0.0 0.0 0.0 100 0.0 0.0 0.0 0.0 0.0 0.0 0.0 0.0
428 Braxton Key DEN 27 19 13 6 3.1 70.6 29.4 50.0 10.0 30.0 25.0 20.0 20.0 40.0 100 0.0 100 0.0 100 0.0
428 Charles Bassey SAS 23 19 3 16 10.8 97.5 2.5 92.1 0.0 0.0 6.3 7.9 0.0 92.1 79.3 20.7 0.0 0.0 79.3 20.7
428 Jerome Robinson GSW 27 19 14 5 3.6 48.3 51.7 53.8 0.0 23.1 15.4 23.1 15.4 53.8 100 0.0 100 0.0 100 0.0
428 Mark Williams CHA 22 19 7 12 26.8 100 0.0 81.0 0.0 0.0 6.6 19.0 12.4 81.0 63.3 36.7 0.0 0.0 63.3 36.7
428 Moses Brown POR 24 19 4 15 8.8 100 0.0 88.9 0.0 0.0 7.4 11.1 16.7 88.9 75.0 25.0 0.0 0.0 75.0 25.0
428 Wendell Moore Jr. MIN 22 19 15 4 2.8 63.6 36.4 100 0.0 0.0 40.0 0.0 40.0 100 40.0 60.0 0.0 0.0 40.0 60.0
434 AJ Griffin ATL 20 18 8 10 7.4 26.7 73.3 21.6 5.4 73.0 18.9 5.4 5.4 16.2 75.0 25.0 88.9 11.1 84.6 15.4
434 Nate Williams HOU 25 18 9 9 5.5 88.9 11.1 77.3 0.0 6.8 9.1 15.9 9.1 77.3 35.3 64.7 100 0.0 38.9 61.1
434 Onuralp Bitim CHI 25 18 8 10 12.5 47.0 53.0 48.6 11.4 47.1 17.1 4.3 15.7 37.1 70.6 29.4 100 0.0 82.1 17.9
434 Trey Jemison MEM 24 18 3 15 19.5 100 0.0 87.5 3.6 0.0 6.3 12.5 10.7 83.9 55.1 44.9 0.0 0.0 55.1 44.9
438 Chris Livingston MIL 20 17 11 6 4.2 77.8 22.2 73.7 0.0 15.8 31.6 10.5 21.1 73.7 57.1 42.9 100 0.0 62.5 37.5
438 Jay Huff DEN 26 17 13 4 2.6 30.8 69.2 42.1 0.0 47.4 0.0 10.5 15.8 42.1 100 0.0 100 0.0 100 0.0
438 Kenneth Lofton Jr. UTA 21 17 5 12 6.3 72.1 27.9 58.5 4.9 22.0 4.9 19.5 17.1 53.7 58.3 41.7 100 0.0 66.7 33.3
438 Taj Gibson DET 38 17 7 10 10.4 68.0 32.0 73.7 21.1 15.8 0.0 10.5 0.0 52.6 57.1 42.9 100 0.0 62.5 37.5
438 Theo Maledon PHX 22 17 5 12 12.5 57.1 42.9 50.8 0.0 25.4 13.6 23.8 20.3 50.8 60.0 40.0 100 0.0 70.0 30.0
443 Ashton Hagans POR 24 16 2 14 17.3 68.3 31.7 54.8 0.0 28.8 4.1 16.4 13.7 54.8 45.0 55.0 100 0.0 59.3 40.7
443 DaQuan Jeffries NYK 26 16 10 6 2.8 41.2 58.8 57.1 14.3 42.9 0.0 0.0 0.0 42.9 100 0.0 100 0.0 100 0.0
443 Devonte' Graham SAS 29 16 4 12 8.9 24.4 75.6 21.8 7.3 65.5 30.9 12.7 30.9 14.5 33.3 66.7 75.0 25.0 61.1 38.9
443 Dylan Windler ATL 27 16 9 7 5.1 13.0 87.0 12.9 0.0 87.1 0.0 0.0 6.5 12.9 100 0.0 88.9 11.1 90.9 9.1
443 Joe Harris DET 32 16 4 12 10.6 23.1 76.9 20.5 0.0 76.9 20.5 2.6 12.8 20.5 100 0.0 100 0.0 100 0.0
443 Noah Clowney BKN 19 16 7 9 10.3 60.0 40.0 58.3 0.0 25.0 4.2 16.7 8.3 58.3 71.4 28.6 100 0.0 77.8 22.2
443 Robin Lopez MIL 36 16 10 6 4.0 57.9 42.1 55.6 0.0 33.3 0.0 11.1 0.0 55.6 80.0 20.0 100 0.0 85.7 14.3
450 Ben Simmons BKN 27 15 7 8 23.9 100 0.0 93.5 0.0 0.0 19.6 6.5 27.2 93.5 58.1 41.9 0.0 0.0 58.1 41.9
450 Cole Swider MIA 24 15 6 9 5.5 22.2 77.8 23.8 4.8 71.4 23.8 4.8 19.0 19.0 80.0 20.0 100 0.0 93.3 6.7
450 Jules Bernard WAS 24 15 2 13 7.4 50.0 50.0 43.6 3.6 49.1 9.1 7.3 10.9 40.0 41.7 58.3 88.9 11.1 61.9 38.1
450 Otto Porter Jr. TOR 30 15 6 9 11.6 30.3 69.7 30.8 10.3 61.5 5.1 7.7 0.0 20.5 100 0.0 87.5 12.5 92.9 7.1
454 Hunter Tyson DEN 23 14 10 4 2.9 29.4 70.6 33.3 22.2 66.7 0.0 0.0 33.3 11.1 100 0.0 100 0.0 100 0.0
454 James Bouknight CHA 23 14 0 14 5.8 26.8 73.2 20.0 0.0 78.0 18.0 2.0 10.0 20.0 40.0 60.0 53.8 46.2 50.0 50.0
454 Javon Freeman-Liberty TOR 24 14 1 13 16.9 66.2 33.8 61.9 0.0 14.3 25.0 23.8 28.6 61.9 53.8 46.2 100 0.0 60.0 40.0
454 Jett Howard ORL 20 14 7 7 3.7 21.7 78.3 26.1 0.0 65.2 4.3 8.7 26.1 26.1 100 0.0 80.0 20.0 87.5 12.5
454 Johnny Juzang UTA 23 14 3 11 15.0 24.2 75.8 32.9 0.0 65.8 11.0 1.3 16.4 32.9 75.0 25.0 100 0.0 89.3 10.7
454 Olivier Sarr OKC 25 14 7 7 6.8 68.4 31.6 52.9 0.0 17.6 0.0 29.5 20.6 52.9 88.9 11.1 100 0.0 90.9 9.1
454 Tosan Evbuomwan DET 23 14 1 13 19.7 53.6 46.4 45.9 0.0 36.5 16.2 17.6 20.3 45.9 88.2 11.8 100 0.0 92.3 7.7
454 Udoka Azubuike PHX 24 14 10 4 7.7 100 0.0 91.4 0.0 0.0 5.7 8.6 8.6 91.4 56.3 43.8 0.0 0.0 56.3 43.8
454 Vit Krejci ATL 23 14 7 7 25.8 35.9 64.1 36.6 4.9 58.5 22.0 4.9 11.0 31.7 66.7 33.3 100 0.0 83.9 16.1
463 Emoni Bates CLE 20 13 7 6 7.8 24.3 75.7 17.6 5.9 79.4 5.9 3.0 29.4 11.8 33.3 66.7 100 0.0 83.3 16.7
463 Scotty Pippen Jr. MEM 23 13 2 11 23.4 60.6 39.4 40.0 4.0 42.0 24.0 18.0 14.7 36.0 40.0 60.0 85.7 14.3 58.8 41.2
463 Trevelin Queen ORL 27 13 5 8 12.5 55.3 44.7 55.0 5.0 22.5 17.5 22.5 35.0 50.0 72.7 27.3 66.7 33.3 71.4 28.6
466 Boban Marjanovic HOU 35 12 8 4 4.6 91.7 8.3 78.6 7.1 0.0 0.0 21.4 7.1 71.4 63.6 36.4 0.0 0.0 63.6 36.4
466 Brandon Williams DAL 24 12 7 5 4.9 72.7 27.3 50.0 0.0 25.0 0.0 25.0 4.2 50.0 50.0 50.0 50.0 50.0 50.0 50.0
466 Daishen Nix MIN 22 12 9 3 3.3 30.0 70.0 27.3 0.0 68.2 31.8 4.5 18.2 27.3 33.3 66.7 60.0 40.0 50.0 50.0
466 Kendall Brown IND 20 12 7 5 3.6 90.0 10.0 70.6 0.0 0.0 11.8 29.4 23.5 70.6 66.7 33.3 0.0 0.0 66.7 33.3
466 Micah Potter UTA 25 12 2 10 10.6 38.1 61.9 29.4 0.0 61.8 8.8 8.8 35.3 29.4 80.0 20.0 100 0.0 91.7 8.3
466 Terquavion Smith PHI 21 12 4 8 5.8 22.5 77.5 17.4 0.0 78.3 10.9 4.3 15.2 17.4 0.0 100 83.3 16.7 62.5 37.5
472 Jermaine Samuels Jr. HOU 25 11 6 5 4.8 81.8 18.2 88.9 0.0 0.0 33.3 11.1 0.0 88.9 62.5 37.5 0.0 0.0 62.5 37.5
472 Juan Toscano-Anderson SAC 30 11 7 4 4.8 66.7 33.3 57.1 0.0 42.9 28.6 0.0 0.0 57.1 100 0.0 100 0.0 100 0.0
472 Leonard Miller MIN 20 11 10 1 3.0 72.7 27.3 80.0 13.3 20.0 0.0 0.0 0.0 66.7 83.3 16.7 100 0.0 85.7 14.3
472 Moussa Diabate LAC 22 11 7 4 5.8 100 0.0 69.0 0.0 0.0 0.0 31.0 0.0 69.0 50.0 50.0 0.0 0.0 50.0 50.0
472 Nate Hinton HOU 24 11 6 5 5.2 45.0 55.0 19.4 0.0 67.7 22.6 12.9 6.5 19.4 0.0 100 71.4 28.6 50.0 50.0
477 Armoni Brooks BKN 25 10 3 7 10.4 30.4 69.6 19.0 0.0 78.6 19.0 2.4 7.1 19.0 75.0 25.0 90.9 9.1 86.7 13.3
477 Colin Castleton LAL 23 10 5 5 4.5 100 0.0 77.8 11.1 0.0 11.1 22.2 22.2 66.7 71.4 28.6 0.0 0.0 71.4 28.6
477 Ish Wainright PHX 29 10 2 8 6.1 16.7 83.3 0.0 0.0 91.3 21.7 8.7 0.0 0.0 0.0 0.0 100 0.0 100 0.0
477 Jared Rhoden DET 24 10 1 9 9.9 56.0 44.0 56.3 6.3 37.5 12.5 6.2 25.0 50.0 88.9 11.1 100 0.0 92.3 7.7
477 Justin Champagnie WAS 22 10 3 7 15.1 36.0 64.0 33.3 0.0 50.0 16.7 16.7 20.0 33.3 90.0 10.0 100 0.0 95.0 5.0
477 Ryan Rollins MIL 21 10 1 9 6.6 88.0 12.0 53.7 4.9 14.6 14.6 31.7 41.5 48.8 9.1 90.9 50.0 50.0 15.4 84.6
483 DeJon Jarreau MEM 26 9 2 7 16.6 74.0 26.0 60.5 0.0 27.9 4.7 11.6 9.3 60.5 7.7 92.3 100 0.0 29.4 70.6
483 Dru Smith MIA 26 9 7 2 14.5 48.5 51.5 41.0 0.0 53.8 0.0 5.2 7.7 41.0 50.0 50.0 85.7 14.3 66.7 33.3
483 Ja Morant MEM 24 9 6 3 35.3 70.0 30.0 58.4 3.5 18.6 13.3 23.0 10.2 54.9 28.8 71.2 50.0 50.0 32.5 67.5
483 Jacob Toppin NYK 23 9 2 7 4.2 55.6 44.4 61.5 15.4 23.1 30.8 15.4 0.0 46.2 75.0 25.0 100 0.0 80.0 20.0
483 Jalen Slawson SAC 24 9 6 3 3.5 60.0 40.0 100 0.0 0.0 66.7 0.0 0.0 100 66.7 33.3 0.0 0.0 66.7 33.3
483 Jaylen Nowell MEM 24 9 3 6 17.3 58.2 41.8 70.6 35.3 23.5 7.8 5.9 9.8 35.3 44.4 55.6 100 0.0 54.5 45.5
483 Keyontae Johnson OKC 23 9 7 2 7.4 81.3 18.8 72.7 18.2 27.3 18.2 0.0 0.0 54.5 50.0 50.0 100 0.0 60.0 40.0
483 Kobe Bufkin ATL 20 9 6 3 9.9 54.1 45.9 48.5 18.2 45.5 9.1 6.0 24.2 30.3 25.0 75.0 60.0 40.0 38.5 61.5
483 Seth Lundy ATL 23 9 2 7 5.8 23.5 76.5 14.3 14.3 64.3 21.4 21.4 21.4 0.0 100 0.0 100 0.0 100 0.0
483 Xavier Moon LAC 29 9 5 4 4.1 64.3 35.7 90.9 54.5 0.0 0.0 9.1 0.0 36.4 40.0 60.0 0.0 0.0 40.0 60.0
493 Amari Bailey CHA 20 8 0 8 3.9 58.3 41.7 85.7 28.6 0.0 28.6 14.3 28.6 57.1 33.3 66.7 0.0 0.0 33.3 66.7
493 Charlie Brown Jr. NYK 27 8 2 6 4.7 30.0 70.0 0.0 0.0 100 50.0 0.0 0.0 0.0 0.0 0.0 100 0.0 100 0.0
493 E.J. Liddell NOP 23 8 3 5 2.9 16.7 83.3 50.0 0.0 0.0 0.0 50.0 50.0 50.0 100 0.0 0.0 0.0 100 0.0
493 James Johnson IND 37 8 3 5 5.0 77.8 22.2 75.0 25.0 0.0 0.0 25.0 0.0 50.0 33.3 66.7 0.0 0.0 33.3 66.7
493 Jordan Miller LAC 24 8 5 3 3.5 77.8 22.2 61.5 0.0 23.1 15.4 15.4 0.0 61.5 0.0 100 100 0.0 20.0 80.0
493 Matt Hurt MEM 23 8 2 6 14.2 41.2 58.8 43.8 18.8 46.9 0.0 9.3 28.1 25.0 57.1 42.9 100 0.0 75.0 25.0
493 Mouhamadou Gueye TOR 25 8 0 8 8.0 95.0 5.0 85.7 0.0 0.0 0.0 14.3 14.3 85.7 50.0 50.0 0.0 0.0 50.0 50.0
493 Oscar Tshiebwe IND 24 8 2 6 5.2 100 0.0 76.9 7.7 0.0 7.7 23.1 11.5 69.2 80.0 20.0 0.0 0.0 80.0 20.0
493 R.J. Hampton MIA 23 8 3 5 9.5 42.9 57.1 60.0 0.0 30.0 40.0 10.0 10.0 60.0 33.3 66.7 100 0.0 50.0 50.0
493 T.J. Warren MIN 30 8 5 3 13.2 67.6 32.4 75.9 34.5 20.7 6.9 3.4 20.7 41.4 81.8 18.2 100 0.0 84.6 15.4
503 D'Moi Hodge LAL 25 7 1 6 5.9 20.0 80.0 28.6 14.3 64.3 21.4 7.1 42.9 14.3 100 0.0 100 0.0 100 0.0
503 Jahmi'us Ramsey TOR 22 7 0 7 17.3 46.3 53.7 51.1 8.5 38.3 31.9 10.6 21.3 42.6 58.3 41.7 100 0.0 72.2 27.8
503 Jeff Dowtin Jr. PHI 26 7 2 5 12.3 30.0 70.0 25.8 6.5 67.7 29.0 6.5 19.4 19.4 50.0 50.0 57.1 42.9 54.5 45.5
506 Dereon Seabron NOP 23 6 3 3 9.2 84.6 15.4 42.9 0.0 21.4 14.3 35.7 0.0 42.9 0.0 100 100 0.0 25.0 75.0
506 Gabe Vincent LAL 27 6 3 3 23.6 47.2 52.8 75.9 27.6 20.7 6.9 3.4 6.9 48.3 45.5 54.5 50.0 50.0 46.2 53.8
506 Greg Brown III DAL 22 6 3 3 6.6 72.7 27.3 53.3 0.0 20.0 46.7 26.7 13.3 53.3 75.0 25.0 100 0.0 80.0 20.0
506 Isaiah Mobley CLE 24 6 1 5 8.5 46.2 53.8 50.0 0.0 50.0 16.7 0.0 0.0 50.0 33.3 66.7 100 0.0 60.0 40.0
506 JD Davison BOS 21 6 6 0 1.9 0.0 100 0.0 0.0 75.0 0.0 25.0 0.0 0.0 0.0 0.0 100 0.0 100 0.0
506 Jamaree Bouyea SAS 24 6 0 6 9.5 61.9 38.1 100 20.0 0.0 40.0 0.0 60.0 80.0 40.0 60.0 0.0 0.0 40.0 60.0
506 Jordan Ford SAC 25 6 2 4 3.6 57.1 42.9 33.3 16.7 50.0 0.0 16.7 33.3 16.7 0.0 100 50.0 50.0 25.0 75.0
506 Jordan Walsh BOS 20 6 6 0 6.7 50.0 50.0 100 0.0 0.0 66.7 0.0 33.3 100 100 0.0 0.0 0.0 100 0.0
506 Robert Williams III POR 26 6 2 4 19.8 100 0.0 82.9 19.5 0.0 0.0 17.1 0.0 63.4 52.9 47.1 0.0 0.0 52.9 47.1
506 Sidy Cissoko SAS 19 6 1 5 5.3 33.3 66.7 33.3 0.0 0.0 66.7 66.7 33.3 33.3 100 0.0 0.0 0.0 100 0.0
516 Buddy Boeheim DET 24 5 0 5 9.8 15.0 85.0 8.0 8.0 72.0 0.0 20.0 36.0 0.0 100 0.0 100 0.0 100 0.0
516 Frank Ntilikina CHA 25 5 0 5 8.6 11.1 88.9 0.0 0.0 60.0 0.0 40.0 0.0 0.0 0.0 0.0 100 0.0 100 0.0
516 Mamadi Diakite NYK 27 5 4 1 4.8 83.3 16.7 66.7 0.0 0.0 16.7 33.3 0.0 66.7 100 0.0 0.0 0.0 100 0.0
516 Maozinha Pereira MEM 23 5 1 4 11.0 68.8 31.3 66.7 0.0 16.7 11.1 16.6 11.1 66.7 50.0 50.0 100 0.0 57.1 42.9
516 Tristan Vukcevic WAS 21 5 2 3 6.4 30.0 70.0 0.0 0.0 100 0.0 0.0 33.3 0.0 0.0 0.0 100 0.0 100 0.0
516 TyTy Washington Jr. MIL 22 5 3 2 4.1 57.1 42.9 0.0 0.0 100 0.0 0.0 100 0.0 0.0 0.0 100 0.0 100 0.0
516 Wenyen Gabriel MEM 27 5 1 4 16.2 72.7 27.3 82.4 0.0 17.6 11.8 0.0 0.0 82.4 71.4 28.6 100 0.0 75.0 25.0
523 Adama Sanogo CHI 22 4 1 3 2.9 100 0.0 80.0 0.0 0.0 0.0 20.0 0.0 80.0 25.0 75.0 0.0 0.0 25.0 75.0
523 Alex Fudge DAL 20 4 1 3 3.6 66.7 33.3 50.0 0.0 0.0 0.0 50.0 0.0 50.0 0.0 100 0.0 0.0 0.0 100
523 Alondes Williams MIA 24 4 3 1 2.9 50.0 50.0 66.7 0.0 0.0 0.0 33.3 0.0 66.7 0.0 100 0.0 0.0 0.0 100
523 D.J. Carton TOR 23 4 2 2 8.9 50.0 50.0 36.4 0.0 27.3 0.0 36.3 0.0 36.4 50.0 50.0 100 0.0 66.7 33.3
523 Dexter Dennis DAL 25 4 1 3 7.5 57.9 42.1 81.8 9.1 13.6 9.1 4.6 9.1 72.7 44.4 55.6 100 0.0 50.0 50.0
523 Jason Preston UTA 24 4 1 3 7.6 100 0.0 100 0.0 0.0 0.0 0.0 0.0 100 50.0 50.0 0.0 0.0 50.0 50.0
523 Keon Johnson BKN 22 4 0 4 12.8 52.6 47.4 21.4 7.1 42.9 0.0 35.7 21.4 14.3 66.7 33.3 100 0.0 85.7 14.3
523 Marques Bolden CHA 25 4 2 2 3.9 100 0.0 0.0 0.0 0.0 0.0 100 0.0 0.0 0.0 0.0 0.0 0.0 0.0 0.0
523 Pete Nance CLE 24 4 2 2 2.6 100 0.0 0.0 0.0 0.0 0.0 100 0.0 0.0 0.0 0.0 0.0 0.0 0.0 0.0
532 Darius Bazley UTA 23 3 0 3 3.3 100 0.0 0.0 0.0 0.0 0.0 100 0.0 0.0 0.0 0.0 0.0 0.0 0.0 0.0
532 Filip Petrusev SAC 23 3 2 1 3.1 100 0.0 66.7 0.0 0.0 0.0 33.3 0.0 66.7 100 0.0 0.0 0.0 100 0.0
532 Javonte Green CHI 30 3 2 1 17.0 54.5 45.5 40.0 0.0 60.0 13.3 0.0 26.7 40.0 66.7 33.3 100 0.0 83.3 16.7
532 Kobi Simmons TOR 26 3 0 3 19.1 66.7 33.3 80.0 13.3 20.0 46.7 0.0 13.3 66.7 50.0 50.0 100 0.0 57.1 42.9
532 Lindell Wigginton MIL 26 3 3 0 2.5 60.0 40.0 66.7 0.0 0.0 0.0 33.3 0.0 66.7 0.0 100 0.0 0.0 0.0 100
532 Mason Jones SAC 25 3 1 2 6.8 16.7 83.3 0.0 0.0 85.7 57.1 14.3 0.0 0.0 0.0 0.0 100 0.0 100 0.0
532 Pat Spencer GSW 27 3 1 2 2.0 100 0.0 100 0.0 0.0 100 0.0 0.0 100 100 0.0 0.0 0.0 100 0.0
532 Shaquille Harrison MEM 30 3 1 2 2.0 100 0.0 100 0.0 0.0 0.0 0.0 0.0 100 100 0.0 0.0 0.0 100 0.0
532 Taze Moore POR 25 3 1 2 3.4 60.0 40.0 100 0.0 0.0 33.3 0.0 33.3 100 0.0 100 0.0 0.0 0.0 100
532 Usman Garuba GSW 22 3 2 1 2.6 100 0.0 0.0 0.0 0.0 0.0 100 0.0 0.0 0.0 0.0 0.0 0.0 0.0 0.0
542 Andrew Funk CHI 24 2 1 1 1.3 100 0.0 0.0 0.0 0.0 0.0 100 0.0 0.0 0.0 0.0 0.0 0.0 0.0 0.0
542 Brandon Clarke MEM 27 2 0 2 20.3 87.5 12.5 94.7 10.5 0.0 10.5 5.3 0.0 84.2 100 0.0 0.0 0.0 100 0.0
542 D.J. Wilson PHI 28 2 1 1 7.7 66.7 33.3 40.0 0.0 60.0 0.0 0.0 0.0 40.0 100 0.0 100 0.0 100 0.0
542 Danny Green PHI 36 2 1 1 9.2 50.0 50.0 0.0 0.0 0.0 0.0 100 0.0 0.0 0.0 0.0 0.0 0.0 0.0 0.0
542 Dariq Whitehead BKN 19 2 1 1 12.0 40.0 60.0 66.7 0.0 0.0 0.0 33.3 0.0 66.7 100 0.0 0.0 0.0 100 0.0
542 Dmytro Skapintsev NYK 25 2 0 2 1.1 100 0.0 0.0 0.0 0.0 0.0 100 0.0 0.0 0.0 0.0 0.0 0.0 0.0 0.0
542 Hamidou Diallo WAS 25 2 1 1 2.4 100 0.0 100 0.0 0.0 0.0 0.0 0.0 100 0.0 100 0.0 0.0 0.0 100
542 Isaiah Thomas PHX 35 2 1 1 4.7 60.0 40.0 40.0 0.0 60.0 0.0 0.0 0.0 40.0 0.0 100 100 0.0 50.0 50.0
542 Joshua Primo LAC 21 2 2 0 5.1 66.7 33.3 100 0.0 0.0 0.0 0.0 0.0 100 100 0.0 0.0 0.0 100 0.0
542 Justin Jackson MIN 29 2 2 0 0.4 0.0 0.0 0.0 0.0 0.0 0.0 100 0.0 0.0 0.0 0.0 0.0 0.0 0.0 0.0
542 Kevon Harris ORL 26 2 1 1 3.0 100 0.0 100 50.0 0.0 0.0 0.0 0.0 50.0 50.0 50.0 0.0 0.0 50.0 50.0
542 Mouhamed Gueye ATL 21 2 2 0 2.2 0.0 100 0.0 0.0 0.0 0.0 100 0.0 0.0 0.0 0.0 0.0 0.0 0.0 0.0
542 Ty Jerome CLE 26 2 1 1 7.4 75.0 25.0 100 50.0 0.0 0.0 0.0 0.0 50.0 0.0 100 0.0 0.0 0.0 100
555 Adam Flagler OKC 24 1 1 0 5.5 0.0 100 0.0 0.0 0.0 0.0 100 0.0 0.0 0.0 0.0 0.0 0.0 0.0 0.0
555 Drew Peterson BOS 24 1 1 0 2.6 0.0 100 0.0 0.0 100 0.0 0.0 0.0 0.0 0.0 0.0 100 0.0 100 0.0
555 Henri Drell CHI 23 1 0 1 2.9 50.0 50.0 100 0.0 0.0 0.0 0.0 0.0 100 0.0 100 0.0 0.0 0.0 100
555 Izaiah Brockington NOP 24 1 1 0 3.4 80.0 20.0 100 0.0 0.0 50.0 0.0 0.0 100 50.0 50.0 0.0 0.0 50.0 50.0
555 Jalen Crutcher NOP 24 1 1 0 2.7 100 0.0 0.0 0.0 0.0 0.0 100 0.0 0.0 0.0 0.0 0.0 0.0 0.0 0.0
555 Javonte Smart PHI 24 1 1 0 0.7 0.0 0.0 0.0 0.0 0.0 0.0 100 0.0 0.0 0.0 0.0 0.0 0.0 0.0 0.0
555 Kaiser Gates NOP 27 1 0 1 7.4 50.0 50.0 0.0 0.0 0.0 0.0 100 0.0 0.0 0.0 0.0 0.0 0.0 0.0 0.0
555 Malcolm Cazalon DET 22 1 0 1 2.6 0.0 0.0 0.0 0.0 0.0 0.0 100 0.0 0.0 0.0 0.0 0.0 0.0 0.0 0.0
555 Markquis Nowell TOR 24 1 0 1 3.5 100 0.0 0.0 0.0 0.0 0.0 100 0.0 0.0 0.0 0.0 0.0 0.0 0.0 0.0
555 Quenton Jackson IND 25 1 1 0 1.8 0.0 0.0 0.0 0.0 0.0 0.0 100 0.0 0.0 0.0 0.0 0.0 0.0 0.0 0.0
555 Ron Harper Jr. TOR 23 1 1 0 3.7 0.0 0.0 0.0 0.0 0.0 0.0 100 0.0 0.0 0.0 0.0 0.0 0.0 0.0 0.0
555 Zavier Simpson MEM 27 1 0 1 8.9 100 0.0 0.0 0.0 0.0 0.0 100 0.0 0.0 0.0 0.0 0.0 0.0 0.0 0.0