PLAYER TEAM AGE GP W L MIN USG% %FGM %FGA %3PM %3PA %FTM %FTA %OREB %DREB %REB %AST %TOV %STL %BLK %BLKA %PF %PFD %PTS
1 Lindell Wigginton MIL 26 3 3 0 8.0 41.2 50.0 45.5 0.0 40.0 100 100 0.0 0.0 0.0 0.0 50.0 0.0 0.0 0.0 50.0 100 54.5
2 Joel Embiid PHI 30 34 26 8 1157.0 38.6 39.4 35.9 15.0 14.9 57.9 56.0 38.2 35.5 36.1 29.2 45.2 19.8 43.8 36.6 21.9 51.9 41.0
3 Izaiah Brockington NOP 24 1 1 0 3.0 38.5 40.0 38.5 0.0 25.0 0.0 0.0 25.0 33.3 28.6 0.0 0.0 0.0 0.0 100 0.0 0.0 33.3
4 Luka Doncic DAL 25 65 42 23 2432.0 35.5 33.6 33.9 33.6 33.3 50.6 48.7 11.3 32.2 27.6 49.4 42.4 27.2 13.4 25.4 14.9 43.0 36.1
5 Giannis Antetokounmpo MIL 29 69 44 25 2432.0 32.1 35.7 29.0 4.7 6.2 48.6 55.0 39.0 34.3 35.3 32.1 37.5 24.3 27.3 39.8 20.6 54.5 34.3
6 Shai Gilgeous-Alexander OKC 25 71 51 20 2444.0 31.6 33.1 30.8 13.3 14.3 53.7 52.1 14.1 19.7 18.6 33.2 27.1 34.2 18.8 28.5 17.9 46.1 34.2
7 Anthony Edwards MIN 22 71 49 22 2502.0 31.5 30.0 31.9 26.2 28.2 40.2 38.0 9.4 19.4 17.3 26.8 30.5 22.4 12.7 23.5 13.2 29.9 31.2
8 LaMelo Ball CHA 22 22 7 15 711.0 31.5 29.1 31.3 40.9 39.0 33.0 30.0 16.5 17.9 17.5 47.2 41.5 33.3 6.8 20.3 24.5 30.0 30.9
9 Victor Wembanyama SAS 20 66 16 50 1928.0 31.1 30.1 30.1 22.6 23.8 44.0 43.5 36.0 39.0 38.3 19.4 37.2 28.1 70.4 14.5 23.5 45.0 31.2
10 Jalen Brunson NYK 27 69 43 26 2421.0 30.5 32.0 31.8 27.9 26.2 38.1 35.4 5.8 12.6 10.6 36.2 26.0 16.8 6.5 22.3 14.7 39.9 32.5
11 Donovan Mitchell CLE 27 51 34 17 1795.0 30.3 29.2 30.5 33.7 32.9 41.3 38.1 11.2 17.2 15.8 30.8 29.9 29.6 13.1 27.1 17.1 30.8 31.5
12 Stephen Curry GSW 36 68 39 29 2223.0 30.3 29.2 31.5 45.9 44.2 36.5 31.7 6.7 16.3 13.8 24.7 28.2 16.0 11.5 21.7 12.1 29.4 32.4
13 De'Aaron Fox SAC 26 66 39 27 2358.0 30.1 29.3 30.4 25.6 26.4 35.5 36.4 12.3 14.6 14.0 27.5 28.4 35.0 13.7 26.6 18.0 32.2 29.7
14 Jaren Jackson Jr. MEM 24 64 20 44 2053.0 29.9 30.3 29.9 19.8 21.5 42.9 41.3 20.8 20.2 20.3 14.2 25.8 21.2 37.7 39.5 28.0 42.9 31.1
15 Cade Cunningham DET 22 61 9 52 2040.0 29.7 28.6 30.4 26.9 26.5 33.3 29.8 6.6 16.4 13.9 41.2 31.0 20.0 10.3 32.8 16.3 25.1 29.1
16 Jayson Tatum BOS 26 69 54 15 2480.0 29.7 28.2 29.2 25.4 26.2 44.6 44.0 12.5 27.7 24.4 24.8 29.6 20.1 12.2 35.3 16.7 35.0 30.1
17 Kyle Kuzma WAS 28 69 13 56 2243.0 29.7 29.4 30.3 27.4 28.6 27.7 27.4 15.4 26.7 24.3 21.8 30.5 10.6 18.9 20.2 16.9 24.4 29.0
18 Ja Morant MEM 24 9 6 3 318.0 29.6 29.6 29.8 16.1 20.4 42.6 40.0 10.3 20.3 18.2 42.9 27.6 15.2 11.1 44.4 15.1 33.3 30.2
19 Cam Thomas BKN 22 59 20 39 1831.0 29.4 29.2 30.5 25.8 25.5 40.8 36.9 6.1 13.9 11.9 17.4 22.9 16.0 6.8 38.0 17.7 34.3 30.4
20 Trae Young ATL 25 51 22 29 1862.0 29.2 24.7 27.1 31.2 30.1 42.5 40.0 4.3 9.6 8.1 53.3 42.3 23.3 5.9 25.6 14.5 39.6 28.4
21 Devin Booker PHX 27 60 37 23 2142.0 29.1 29.0 29.9 22.3 24.5 40.7 37.2 11.1 15.7 14.6 33.0 24.4 17.2 10.3 26.6 22.7 34.4 30.2
22 Paolo Banchero ORL 21 72 42 30 2504.0 29.0 27.5 28.1 18.8 19.0 36.2 37.8 13.4 25.4 22.4 30.4 29.7 15.6 15.9 32.9 13.8 30.7 28.1
23 Nikola Jokic DEN 29 72 50 22 2486.0 28.8 31.1 27.7 11.8 13.3 39.4 37.7 37.6 38.5 38.3 39.6 33.7 24.5 27.4 25.8 21.3 41.2 30.3
24 Julius Randle NYK 29 46 29 17 1630.0 28.7 27.3 27.6 16.2 20.1 35.6 35.7 23.3 28.6 27.2 27.5 33.7 9.9 9.0 36.6 20.6 30.9 27.4
25 Henri Drell CHI 23 1 0 1 3.0 28.6 25.0 33.3 0.0 50.0 0.0 0.0 100 0.0 50.0 66.7 0.0 0.0 0.0 0.0 0.0 0.0 22.2
25 Kevon Harris ORL 26 2 1 1 6.0 28.6 28.6 30.0 0.0 0.0 0.0 0.0 0.0 40.0 40.0 20.0 100 0.0 0.0 0.0 75.0 0.0 20.0
27 Kevin Durant PHX 35 67 38 29 2485.0 28.5 29.9 28.7 23.0 21.6 34.6 32.9 7.1 23.5 19.8 23.8 28.7 15.9 29.8 18.5 13.1 33.0 29.9
28 LeBron James LAL 39 65 36 29 2289.0 28.5 29.2 28.0 25.6 23.7 30.7 32.2 14.1 25.3 23.2 37.6 34.1 21.8 13.6 25.4 10.5 28.6 29.1
29 Jaylen Brown BOS 27 66 50 16 2216.0 28.2 29.3 28.9 19.2 20.9 25.4 28.6 18.0 17.3 17.4 19.3 27.0 25.4 10.3 43.2 22.9 27.5 27.4
30 Zion Williamson NOP 23 63 38 25 1966.0 28.1 31.4 26.4 1.1 1.1 44.7 48.0 26.2 18.6 20.4 28.3 31.4 17.3 17.7 46.3 19.0 43.4 30.3
31 Dexter Dennis DAL 25 4 1 3 30.0 27.8 47.6 34.5 33.3 40.0 5.0 10.7 16.7 32.0 29.0 30.8 27.3 0.0 25.0 0.0 11.1 16.7 33.8
32 Anfernee Simons POR 24 46 11 35 1582.0 27.6 27.4 28.6 38.3 36.4 31.5 27.5 5.5 14.8 12.1 32.8 27.0 9.5 4.2 25.5 15.2 23.5 29.3
33 Kyrie Irving DAL 32 52 34 18 1795.0 27.5 29.9 29.7 27.3 25.3 26.8 22.7 10.6 17.7 16.1 27.4 21.0 24.5 11.3 22.4 14.4 21.7 29.2
34 Desmond Bane MEM 25 42 14 28 1443.0 27.3 29.9 28.7 33.6 30.3 30.0 26.5 11.1 15.3 14.2 30.7 25.1 18.8 12.4 28.4 19.7 22.0 30.3
35 Damian Lillard MIL 33 68 46 22 2401.0 27.2 23.3 26.9 28.2 29.8 42.1 35.7 7.4 14.7 13.2 36.3 28.0 20.4 5.8 38.2 13.5 32.1 27.0
36 Tyrese Maxey PHI 23 65 38 27 2436.0 27.1 27.0 28.7 31.4 31.3 30.8 30.3 6.2 12.8 11.1 31.5 19.7 16.2 9.7 28.3 13.4 29.1 28.1
37 Jalen Green HOU 22 74 38 36 2345.0 27.1 25.0 27.4 29.1 30.8 30.1 29.4 7.3 20.6 17.5 20.6 27.7 17.8 12.9 34.8 10.5 26.7 26.3
38 Alperen Sengun HOU 21 63 29 34 2046.0 27.0 29.6 25.7 6.3 7.6 33.2 36.5 41.2 28.1 31.2 27.9 31.6 24.1 27.7 30.2 25.7 39.6 27.6
39 Brandon Ingram NOP 26 63 38 25 2079.0 27.0 26.2 26.7 16.9 18.1 33.7 32.2 9.8 18.8 16.7 30.1 27.9 14.9 18.9 21.5 17.9 31.0 26.4
40 Karl-Anthony Towns MIN 28 60 41 19 1969.0 26.9 27.4 27.0 25.9 24.6 33.4 30.3 25.3 29.5 28.7 16.1 29.0 15.2 18.3 35.4 25.6 30.9 28.2
41 Luka Garza MIN 25 20 15 5 99.0 26.9 29.8 29.1 36.0 34.9 41.9 43.9 44.8 15.7 24.2 6.4 16.7 13.3 25.0 57.1 43.2 44.4 32.1
42 Tyler Herro MIA 24 36 19 17 1209.0 26.9 27.7 29.4 35.2 34.2 16.0 15.5 7.2 20.8 17.6 23.4 23.3 15.4 3.4 33.1 12.2 15.1 26.9
43 Jamal Murray DEN 27 54 40 14 1733.0 26.9 26.3 28.4 30.5 28.1 27.4 25.3 10.2 15.4 14.2 34.3 25.1 20.0 15.0 28.4 16.3 23.3 26.9
44 Collin Sexton UTA 25 75 29 46 1995.0 26.5 27.5 26.4 22.2 20.5 36.8 36.1 13.0 9.5 10.5 31.1 24.7 21.2 7.7 36.5 18.9 35.0 28.4
45 Paul George LAC 33 68 44 24 2323.0 26.2 25.8 27.8 35.0 34.9 25.5 23.3 7.7 20.4 17.7 18.8 22.4 26.6 13.3 23.8 21.9 21.5 26.8
46 Kawhi Leonard LAC 32 68 44 24 2330.0 26.1 29.2 27.8 23.3 21.6 28.4 26.6 18.1 20.5 20.0 19.2 19.4 27.0 24.3 14.3 11.6 31.7 28.5
47 Joshua Primo LAC 21 2 2 0 10.0 25.9 11.1 17.6 0.0 12.5 0.0 0.0 50.0 0.0 9.1 0.0 66.7 0.0 50.0 100 0.0 0.0 9.1
48 Anthony Davis LAL 31 70 40 30 2511.0 25.9 28.8 26.0 4.6 5.9 37.3 36.8 52.0 36.4 39.3 16.4 20.9 21.3 53.5 31.3 21.0 35.7 27.9
49 Cam Whitmore HOU 19 39 16 23 700.0 25.8 28.5 27.6 38.2 33.6 23.3 25.7 17.9 22.9 21.4 5.3 17.8 19.4 14.3 29.2 15.1 21.9 28.7
50 Scoot Henderson POR 20 55 16 39 1513.0 25.8 20.9 24.1 17.6 20.8 28.6 28.2 12.3 13.9 13.4 38.8 35.6 16.5 9.0 22.3 25.9 30.6 21.7
51 Dejounte Murray ATL 27 71 32 39 2533.0 25.7 26.8 27.0 25.8 26.0 19.8 19.7 7.2 19.3 15.7 32.9 25.3 26.7 9.6 19.7 12.3 17.6 25.6
52 Jordan Clarkson UTA 31 55 22 33 1682.0 25.5 23.1 26.0 21.0 24.3 26.2 24.3 11.3 12.3 12.0 29.4 27.7 16.3 3.1 23.0 12.3 19.8 23.4
53 Jerami Grant POR 30 54 17 37 1830.0 25.5 25.8 25.7 26.7 24.0 38.8 38.7 9.1 13.7 12.5 17.8 20.9 16.4 19.3 27.6 15.5 30.7 28.0
54 Jordan Poole WAS 24 73 14 59 2168.0 25.5 22.9 26.1 30.2 32.0 26.3 23.4 7.2 11.5 10.5 23.8 28.6 24.6 10.7 27.9 25.7 24.7 24.1
55 Terry Rozier MIA 30 57 20 37 1926.0 25.3 25.8 26.8 27.2 28.0 26.8 25.3 9.3 16.2 14.7 32.7 20.8 20.4 11.6 28.5 14.0 24.7 26.1
56 RJ Barrett TOR 23 53 24 29 1676.0 25.2 25.6 25.1 20.4 20.5 30.5 32.8 12.1 20.9 18.7 18.3 24.6 10.5 13.1 39.9 17.6 27.9 25.8
57 Bam Adebayo MIA 26 63 35 28 2162.0 25.1 27.1 24.0 2.0 2.1 35.3 37.8 35.3 35.7 35.6 22.5 26.9 19.6 37.4 21.3 19.3 37.9 25.8
58 Dmytro Skapintsev NYK 25 2 0 2 2.0 25.0 0.0 25.0 0.0 0.0 0.0 0.0 0.0 0.0 0.0 0.0 0.0 0.0 0.0 0.0 0.0 0.0 0.0
58 Isaiah Thomas PHX 35 2 1 1 9.0 25.0 25.0 31.3 25.0 28.6 0.0 0.0 0.0 0.0 0.0 40.0 0.0 0.0 0.0 50.0 0.0 66.7 22.7
60 Darius Garland CLE 24 51 28 23 1694.0 25.0 22.9 24.9 25.1 26.1 24.4 22.4 8.2 9.2 9.0 33.4 31.8 23.8 3.2 22.2 13.6 21.7 23.4
61 Franz Wagner ORL 22 66 40 26 2155.0 25.0 26.2 26.4 19.4 23.4 29.0 25.7 13.6 19.7 18.3 23.4 20.1 19.1 11.3 31.6 17.7 25.8 26.1
62 Pascal Siakam IND 29 73 33 40 2453.0 24.9 27.2 25.3 13.2 14.5 31.6 32.0 23.8 23.3 23.4 21.5 21.0 17.5 9.3 16.2 17.8 31.2 26.4
63 Kristaps Porzingis BOS 28 52 39 13 1552.0 24.9 24.7 24.3 21.0 22.2 40.2 38.2 29.9 22.6 24.1 11.6 21.6 18.1 40.4 15.2 28.5 42.0 26.5
64 DeMar DeRozan CHI 34 73 35 38 2745.0 24.8 24.8 24.5 10.3 11.5 47.6 44.5 7.0 15.0 13.1 27.3 17.4 19.4 16.1 26.4 14.3 36.5 27.0
65 Malik Monk SAC 26 72 42 30 1872.0 24.7 23.7 25.5 28.1 28.4 23.8 21.6 6.7 14.6 12.6 34.6 28.3 17.2 22.9 28.8 18.9 21.1 24.2
66 Miles Bridges CHA 26 63 15 48 2376.0 24.3 26.3 25.9 23.8 24.4 23.3 22.8 14.9 26.3 23.7 16.7 19.5 19.5 14.9 23.4 13.0 19.5 25.6
67 Jalen Hood-Schifino LAL 20 21 10 11 109.0 24.2 13.9 25.0 11.1 21.7 25.5 31.7 9.5 13.6 12.7 17.4 21.4 27.3 18.2 41.7 29.5 22.7 16.3
68 Mikal Bridges BKN 27 75 29 46 2662.0 24.2 23.9 24.8 27.1 26.4 29.4 27.2 10.8 16.1 14.8 19.2 22.9 20.5 9.5 18.7 10.8 24.6 25.0
69 Tyrese Haliburton IND 24 62 35 27 1999.0 24.1 23.2 24.6 28.7 29.4 24.1 22.2 8.7 15.4 13.9 52.6 28.5 24.3 15.6 23.7 7.6 19.9 24.0
70 Bojan Bogdanovic NYK 34 49 14 35 1339.0 24.1 24.1 25.2 37.0 33.0 23.8 23.3 6.4 13.6 11.8 13.2 22.5 18.1 4.5 27.5 15.9 20.8 25.4
71 Dalano Banton POR 24 47 22 25 799.0 24.1 23.5 25.1 23.3 24.3 26.0 25.4 17.6 20.5 19.6 22.3 21.5 19.2 18.5 23.4 16.9 20.9 23.9
72 Lauri Markkanen UTA 26 55 22 33 1820.0 24.1 26.0 25.8 32.2 30.6 33.9 31.7 24.4 25.8 25.4 9.9 13.2 19.5 13.6 17.2 14.3 31.9 28.0
73 James Bouknight CHA 23 14 0 14 81.0 24.0 27.3 28.7 44.8 44.1 5.6 7.4 8.3 18.6 16.4 17.6 8.3 10.0 16.7 13.3 9.7 11.5 27.9
74 Jaden Ivey DET 22 69 13 56 1976.0 24.0 21.3 23.4 22.9 25.6 28.2 29.3 18.2 11.4 13.1 23.8 26.9 22.2 20.1 29.6 21.6 27.0 22.5
75 Scottie Barnes TOR 22 60 22 38 2094.0 24.0 23.7 23.9 20.0 20.9 28.1 27.1 28.8 25.1 26.1 28.2 28.8 22.8 38.1 19.8 15.2 27.5 24.0
76 Jonathan Kuminga GSW 21 70 36 34 1844.0 24.0 25.9 23.8 9.5 11.3 35.1 36.7 21.3 18.3 19.0 13.2 22.4 18.3 20.2 35.8 21.1 29.9 25.3
77 Jimmy Butler MIA 34 52 28 24 1762.0 23.8 23.5 22.4 10.7 10.0 47.8 46.2 28.5 15.3 18.2 26.5 19.7 24.6 12.6 32.5 9.4 38.6 26.3
78 CJ McCollum NOP 32 58 38 20 1851.0 23.8 24.1 26.1 41.0 37.6 15.1 14.4 7.8 16.4 14.5 24.7 18.7 18.6 18.6 16.7 16.5 14.2 24.6
79 Terquavion Smith PHI 21 12 4 8 69.0 23.8 23.2 28.8 57.1 52.5 5.6 6.1 0.0 4.8 3.4 23.3 18.2 38.9 0.0 50.0 16.0 8.8 23.6
80 Zach LaVine CHI 29 25 10 15 872.0 23.8 23.0 23.7 27.8 27.8 33.1 31.4 5.4 20.9 17.7 22.5 24.3 16.5 10.3 27.0 16.5 22.1 24.9
81 Harry Giles III LAL 25 22 10 12 98.0 23.7 25.3 25.4 20.0 20.6 21.9 30.2 28.6 28.1 28.3 10.9 17.1 16.7 37.5 15.4 31.9 29.4 24.5
82 Lonnie Walker IV BKN 25 53 22 31 893.0 23.7 24.2 26.5 34.4 33.2 14.3 14.9 5.0 15.7 13.1 13.4 17.5 19.1 18.3 25.3 17.4 12.9 24.2
83 Russell Westbrook LAC 35 62 41 21 1386.0 23.7 21.5 23.4 10.3 15.6 17.5 20.9 28.9 23.2 24.6 36.5 33.5 28.3 14.9 26.8 17.4 19.7 19.7
84 Alec Burks NYK 32 62 16 46 1180.0 23.6 22.0 26.3 39.5 38.5 31.0 28.0 8.5 15.9 13.9 14.9 12.4 18.2 9.7 14.0 15.1 26.0 25.6
85 Jaden Hardy DAL 21 65 39 26 882.0 23.6 23.4 26.3 28.7 29.2 15.4 15.1 8.1 16.2 14.2 21.1 19.4 14.5 5.0 28.4 18.6 18.8 22.8
86 Nikola Vucevic CHI 33 70 34 36 2397.0 23.5 26.3 25.6 13.6 17.4 12.7 12.7 41.4 34.0 35.7 18.1 19.1 13.5 25.3 19.4 19.3 15.7 23.0
87 Jalen Williams OKC 22 67 47 20 2124.0 23.4 25.4 24.0 18.3 16.5 24.3 24.5 10.2 15.6 14.5 25.3 22.3 20.8 13.7 21.6 20.6 22.0 24.5
88 Brandon Miller CHA 21 67 16 51 2156.0 23.3 23.5 25.0 31.3 29.7 18.9 18.3 13.0 16.7 15.8 14.4 18.9 19.3 18.3 19.2 20.7 22.2 23.8
89 Daishen Nix MIN 22 12 9 3 39.0 23.3 21.1 26.0 41.7 42.4 5.6 16.7 0.0 4.5 3.2 9.5 28.6 40.0 0.0 50.0 5.9 12.5 20.8
90 Myles Turner IND 28 71 40 31 1936.0 23.3 23.3 22.8 18.6 20.2 34.0 35.3 31.0 28.5 29.0 7.4 21.1 13.6 52.2 18.9 27.9 33.7 24.2
91 Ryan Rollins MIL 21 10 1 9 66.0 23.2 19.1 20.0 16.7 9.7 40.6 40.5 15.4 20.9 19.6 29.7 31.8 36.4 20.0 25.0 25.0 43.8 22.8
92 Bones Hyland LAC 23 32 18 14 435.0 23.2 19.3 24.8 30.3 33.3 9.6 9.5 4.4 10.6 9.1 35.1 26.9 28.6 6.5 32.7 22.6 16.9 19.1
93 Cole Anthony ORL 23 73 43 30 1675.0 23.2 22.0 23.9 23.7 23.8 25.0 23.6 16.3 21.6 20.2 26.0 23.1 21.3 18.0 18.1 22.9 20.9 22.7
94 GG Jackson MEM 19 40 11 29 962.0 23.0 25.0 24.7 31.1 29.2 26.1 26.1 20.0 17.0 17.7 8.5 15.4 11.2 16.4 23.3 14.4 21.5 26.0
95 Klay Thompson GSW 34 70 36 34 2075.0 23.0 22.9 25.6 36.4 36.2 16.7 14.3 6.4 13.8 11.9 12.3 17.0 15.5 17.5 10.4 14.1 10.8 23.8
96 Talen Horton-Tucker UTA 23 46 12 34 880.0 23.0 20.6 24.1 19.7 22.8 23.1 23.5 8.5 14.9 13.1 34.8 20.9 31.3 13.9 19.3 21.7 21.0 20.9
97 Devin Vassell SAS 23 68 17 51 2248.0 22.9 25.7 25.2 28.9 27.1 21.4 21.2 5.9 15.0 12.9 19.7 15.1 20.3 7.8 16.0 9.4 18.5 25.4
98 Immanuel Quickley TOR 24 62 26 36 1793.0 22.9 22.0 24.2 34.2 31.3 26.4 24.1 3.8 17.4 14.0 29.0 17.9 15.3 5.3 20.4 14.7 22.8 24.0
99 Bradley Beal PHX 30 45 27 18 1485.0 22.8 22.8 23.5 19.6 20.5 19.8 19.6 13.7 14.0 13.9 26.4 24.5 18.9 10.6 20.4 19.9 16.8 22.1
100 Cole Swider MIA 24 15 6 9 83.0 22.7 24.2 24.5 40.0 38.4 8.0 6.3 4.8 10.7 9.1 9.5 27.6 11.1 25.0 0.0 9.5 3.7 24.1
101 Khris Middleton MIL 32 49 30 19 1322.0 22.7 22.2 23.0 22.5 22.4 17.5 15.7 11.9 19.3 17.7 32.9 30.5 26.1 10.1 17.6 23.3 18.4 21.5
102 Malcolm Brogdon POR 31 39 15 24 1121.0 22.6 23.4 24.2 29.3 26.8 21.8 22.0 10.5 16.7 15.0 40.2 18.1 15.7 7.0 20.7 12.6 21.6 23.8
103 Bennedict Mathurin IND 21 59 33 26 1538.0 22.6 20.7 22.7 20.8 20.2 31.6 30.4 17.5 17.8 17.8 13.1 21.5 13.9 8.4 36.3 16.4 26.2 22.4
104 Ricky Council IV PHI 22 27 10 17 236.0 22.5 23.4 22.4 15.8 17.1 48.5 46.3 22.8 18.2 19.4 9.0 6.6 5.9 3.3 13.5 15.7 35.3 27.2
105 Marcus Smart MEM 30 20 7 13 605.0 22.5 20.0 21.1 22.8 26.1 21.9 22.2 5.5 10.5 9.5 27.2 33.7 37.6 6.5 6.8 18.9 25.7 20.7
106 D'Angelo Russell LAL 28 69 41 28 2235.0 22.5 21.6 23.6 34.7 31.7 18.1 17.4 7.5 11.4 10.7 32.1 23.3 18.8 12.2 15.2 20.1 18.2 22.4
107 Caris LeVert CLE 29 62 35 27 1781.0 22.4 19.9 23.2 18.6 21.7 21.4 21.9 9.8 17.9 16.1 32.1 21.9 26.3 17.4 26.0 15.7 19.0 20.0
108 T.J. McConnell IND 32 64 35 29 1151.0 22.4 24.6 23.1 5.0 5.1 12.8 12.6 13.6 19.4 17.9 47.3 31.0 33.0 5.7 24.6 11.6 21.8 21.3
109 Coby White CHI 24 72 34 38 2641.0 22.4 21.4 22.8 29.8 28.9 22.6 21.7 7.3 16.6 14.3 27.0 23.6 12.8 7.0 22.8 17.0 27.5 22.5
110 Brandon Boston Jr. LAC 22 26 15 11 221.0 22.4 22.5 24.1 19.1 19.1 22.1 24.4 17.2 14.0 15.0 6.7 16.4 15.4 24.1 28.0 32.5 20.5 22.1
111 Josh Giddey OKC 21 73 52 21 1814.0 22.3 21.0 22.5 15.3 18.2 13.1 13.6 30.6 28.7 29.1 30.6 30.5 16.8 15.0 30.8 14.1 11.8 19.3
112 Tim Hardaway Jr. DAL 32 71 44 27 1949.0 22.2 21.2 25.0 32.6 33.3 18.0 16.5 5.7 16.5 14.1 12.0 12.9 14.4 3.5 19.5 12.8 17.0 22.2
113 Kaiser Gates NOP 27 1 0 1 7.0 22.2 0.0 28.6 0.0 33.3 0.0 0.0 0.0 20.0 14.3 0.0 0.0 0.0 0.0 33.3 0.0 0.0 0.0
113 Keon Johnson BKN 22 4 0 4 51.0 22.2 16.3 19.8 33.3 28.1 34.5 29.4 15.8 9.5 12.5 10.0 36.4 60.0 100 12.5 23.5 31.8 22.0
113 Markquis Nowell TOR 24 1 0 1 4.0 22.2 0.0 16.7 0.0 0.0 50.0 50.0 100 0.0 40.0 100 0.0 50.0 0.0 50.0 0.0 50.0 22.2
116 Derrick Rose MEM 35 24 6 18 399.0 22.2 23.2 22.7 16.5 14.7 18.5 15.3 9.9 13.3 12.6 35.8 27.7 13.1 4.3 27.3 13.4 19.4 21.8
117 Bobby Portis MIL 29 74 47 27 1793.0 22.1 25.0 24.3 16.9 16.0 14.8 14.7 33.3 33.9 33.8 8.8 17.3 22.3 16.2 17.9 22.8 13.8 22.6
118 Keyonte George UTA 20 68 25 43 1822.0 22.1 18.7 22.0 28.7 29.0 23.1 22.4 3.2 14.1 11.3 31.4 26.3 15.5 3.1 19.9 12.3 24.4 20.6
119 Zach Collins SAS 26 62 15 47 1384.0 22.0 22.2 21.2 15.2 16.9 25.3 26.3 35.5 22.7 25.7 21.5 26.6 17.6 34.9 26.6 34.8 28.2 21.9
120 Shaedon Sharpe POR 20 32 8 24 1059.0 22.0 20.6 22.0 24.5 24.3 27.1 26.3 16.3 18.6 17.9 19.4 22.8 15.9 12.4 23.2 19.1 27.3 22.0
121 Bogdan Bogdanovic ATL 31 71 33 38 2144.0 21.9 22.1 24.2 33.8 33.8 15.7 14.0 8.9 13.8 12.4 18.8 17.2 25.4 10.6 19.6 20.8 13.2 22.5
122 Kelly Oubre Jr. PHI 28 61 33 28 1820.0 21.9 21.5 22.7 19.9 23.2 22.3 23.9 20.9 17.8 18.6 9.5 17.8 22.4 17.0 30.3 22.0 23.3 21.4
123 Moritz Wagner ORL 26 72 42 30 1288.0 21.8 27.0 21.9 11.5 12.5 28.5 27.5 37.8 26.0 29.1 12.9 23.1 16.7 15.3 29.2 25.5 30.4 25.7
124 Xavier Moon LAC 29 9 5 4 37.0 21.8 20.0 22.2 0.0 20.0 20.0 20.0 28.6 12.5 16.1 46.7 25.0 100 33.3 0.0 28.6 33.3 18.3
125 Domantas Sabonis SAC 27 74 43 31 2651.0 21.8 23.9 19.4 4.0 3.7 31.7 33.5 46.0 41.6 42.6 38.0 33.9 15.2 22.3 29.6 21.3 33.3 22.5
126 Lamar Stevens MEM 26 34 19 15 447.0 21.8 26.2 24.1 10.4 10.8 21.8 20.7 23.9 23.7 23.8 10.3 16.0 19.3 29.1 27.5 22.9 18.1 23.7
127 Naz Reid MIN 24 73 51 22 1750.0 21.8 24.1 23.9 31.8 29.7 15.0 15.1 20.1 24.5 23.6 9.9 18.8 17.0 25.9 30.3 21.9 13.8 23.5
128 Jordan Nwora TOR 25 45 13 32 583.0 21.7 23.2 23.7 28.9 28.7 17.9 16.7 17.4 24.6 22.9 15.0 20.2 21.4 16.1 18.2 18.6 17.1 22.9
129 Adam Flagler OKC 24 1 1 0 6.0 21.4 0.0 33.3 0.0 50.0 0.0 0.0 0.0 0.0 0.0 33.3 0.0 0.0 0.0 0.0 0.0 0.0 0.0
130 Eugene Omoruyi WAS 27 36 4 32 283.0 21.4 25.9 22.7 10.5 14.7 27.6 29.1 42.6 26.1 31.0 18.8 16.7 33.3 7.4 23.3 39.8 32.5 24.7
131 Jett Howard ORL 20 14 7 7 52.0 21.3 21.6 27.1 33.3 36.7 9.1 12.9 10.0 10.0 10.0 11.1 9.1 0.0 25.0 0.0 15.8 9.5 20.7
132 Keldon Johnson SAS 24 68 17 51 2015.0 21.2 22.2 22.3 24.9 24.3 24.4 24.1 21.3 19.9 20.2 16.0 16.3 17.2 8.1 28.0 18.3 21.6 22.8
133 Scotty Pippen Jr. MEM 23 13 2 11 305.0 21.2 22.2 19.1 23.9 16.6 25.0 27.3 15.7 15.5 15.6 37.1 32.0 27.9 18.9 17.1 28.2 29.1 22.9
134 Boban Marjanovic HOU 35 12 8 4 55.0 21.2 22.0 24.0 0.0 7.1 42.9 47.4 40.0 43.6 42.6 19.0 9.1 0.0 20.0 20.0 29.4 50.0 23.3
135 Alex Fudge DAL 20 4 1 3 14.0 21.1 20.0 30.0 0.0 18.2 22.2 16.7 66.7 0.0 20.0 0.0 12.5 0.0 0.0 100 16.7 16.7 20.0
136 Donte DiVincenzo NYK 27 73 44 29 2041.0 21.0 21.6 23.1 43.0 39.2 10.4 11.3 10.4 14.6 13.4 17.6 17.0 29.3 17.0 13.9 20.2 13.3 22.6
137 Kenneth Lofton Jr. UTA 21 17 5 12 108.0 21.0 17.6 20.8 7.7 11.1 22.2 30.0 8.3 23.9 19.8 23.0 25.0 18.8 16.7 38.9 30.6 23.9 16.7
138 JaVale McGee SAC 36 43 26 17 327.0 20.9 26.0 20.0 1.1 1.9 22.5 27.2 47.0 34.5 37.9 8.3 29.6 28.3 46.5 21.7 29.8 30.4 22.6
139 Reggie Jackson DEN 33 75 52 23 1659.0 20.7 20.3 22.4 23.4 23.8 13.2 12.5 7.8 9.7 9.2 29.0 20.7 17.7 5.4 18.0 19.5 14.0 19.7
140 Chet Holmgren OKC 21 74 52 22 2212.0 20.7 21.8 20.9 20.8 21.5 23.5 24.6 29.5 30.3 30.1 14.8 21.3 13.4 51.5 23.4 20.8 25.1 22.0
141 Oscar Tshiebwe IND 24 8 2 6 42.0 20.5 24.4 23.3 0.0 0.0 33.3 29.6 40.0 32.0 35.6 7.7 0.0 16.7 14.3 66.7 15.0 27.8 24.1
142 Tobias Harris PHI 31 66 37 29 2237.0 20.4 22.4 21.5 14.4 15.7 19.2 18.4 14.1 23.2 20.9 17.7 17.2 17.8 13.8 24.4 11.9 18.7 21.1
143 Marvin Bagley III WAS 25 49 6 43 1044.0 20.3 25.5 20.3 3.6 3.2 28.2 29.9 54.6 25.2 32.6 9.2 17.8 13.2 36.3 24.7 20.0 27.9 23.6
144 Jonas Valanciunas NOP 31 74 45 29 1773.0 20.3 22.7 20.2 8.3 9.9 24.0 23.4 45.5 38.0 39.8 15.0 20.6 10.7 34.2 23.6 29.7 25.8 21.4
145 Kobe Bufkin ATL 20 9 6 3 89.0 20.3 17.8 23.4 23.8 25.0 5.6 9.1 14.3 19.0 18.2 31.3 17.9 23.1 7.1 44.4 17.6 5.7 16.3
146 Craig Porter Jr. CLE 24 48 29 19 636.0 20.3 20.9 20.2 6.6 7.3 26.1 26.3 17.1 19.2 18.7 30.5 22.8 26.7 24.1 30.8 17.3 22.3 19.6
147 Kevin Love MIA 35 47 26 21 822.0 20.3 19.8 20.5 32.7 33.6 22.3 23.3 27.8 43.1 39.4 23.2 19.7 14.4 22.5 8.3 27.3 26.2 21.8
148 Andrew Wiggins GSW 29 65 33 32 1753.0 20.2 20.3 21.3 14.2 15.7 22.2 23.8 24.2 15.8 18.0 10.7 14.7 17.4 23.2 24.1 18.6 21.8 19.7
149 Duop Reath POR 27 60 15 45 1091.0 20.2 23.5 21.7 25.1 25.0 16.9 18.4 29.1 21.0 23.5 11.9 15.2 16.5 37.5 23.2 30.6 20.0 22.7
150 Andre Drummond CHI 30 75 36 39 1278.0 20.2 22.7 19.3 0.0 0.4 23.6 30.5 63.8 49.0 53.6 6.3 22.3 32.1 32.9 27.6 26.5 29.6 20.8
151 Dennis Schroder BKN 30 75 27 48 2327.0 20.2 18.8 20.5 22.8 21.7 20.8 18.4 6.6 11.6 10.4 33.2 22.7 18.3 7.7 23.9 17.3 18.8 19.5
152 De'Andre Hunter ATL 26 50 24 26 1449.0 20.1 20.4 20.8 24.9 23.7 25.6 24.3 8.0 17.5 14.8 8.8 17.2 15.4 10.5 16.3 22.9 29.2 21.7
153 Deandre Ayton POR 25 48 12 36 1543.0 20.0 27.3 21.7 0.3 0.4 11.2 11.5 41.4 38.1 39.0 10.2 17.6 19.0 27.7 18.5 17.2 12.2 22.4
154 Michael Porter Jr. DEN 25 74 52 22 2347.0 20.0 21.8 22.2 36.2 33.5 10.8 10.1 17.3 25.4 23.3 7.3 14.3 11.3 20.9 14.3 16.4 9.9 21.7
155 Evan Mobley CLE 22 43 26 17 1319.0 20.0 24.3 19.8 5.3 5.0 24.8 27.4 37.0 34.0 34.6 17.5 20.5 18.7 44.4 24.4 24.4 24.6 22.4
156 Brandon Williams DAL 24 12 7 5 59.0 20.0 17.8 20.2 13.3 16.7 37.5 39.3 20.0 9.1 11.9 42.9 16.7 14.3 12.5 28.6 12.5 50.0 19.8
156 Drew Peterson BOS 24 1 1 0 3.0 20.0 33.3 25.0 50.0 33.3 0.0 0.0 0.0 0.0 0.0 33.3 0.0 0.0 0.0 0.0 100 0.0 37.5
156 Hunter Tyson DEN 23 14 10 4 40.0 20.0 18.9 23.0 20.0 25.0 0.0 0.0 50.0 29.6 31.0 7.4 18.2 0.0 0.0 0.0 40.0 0.0 18.8
156 Jamaree Bouyea SAS 24 6 0 6 57.0 20.0 13.9 19.4 0.0 17.8 0.0 0.0 11.1 25.0 20.0 30.8 33.3 0.0 0.0 22.2 15.8 4.5 10.2
160 James Harden LAC 34 67 43 24 2332.0 20.0 16.2 18.6 27.8 27.6 29.7 28.5 7.0 19.8 16.9 44.8 27.9 19.7 22.6 20.3 14.5 23.8 19.8
161 John Collins UTA 26 68 27 41 1901.0 19.9 23.8 20.8 16.6 15.8 20.4 21.5 31.7 32.5 32.3 7.0 16.6 16.1 30.3 27.2 25.1 21.3 22.4
162 Jerome Robinson GSW 27 19 14 5 69.0 19.9 14.5 22.0 9.5 23.8 28.6 37.0 4.5 7.1 6.4 11.9 8.7 0.0 21.4 0.0 20.8 28.6 15.7
163 Austin Reaves LAL 25 75 42 33 2412.0 19.8 19.5 19.9 24.0 24.8 22.4 20.3 13.0 16.1 15.6 29.8 24.0 17.9 6.9 17.9 17.4 21.9 20.4
164 DaQuan Jeffries NYK 26 16 10 6 45.0 19.8 18.2 20.0 16.7 22.7 0.0 15.4 0.0 13.5 11.4 20.8 42.9 0.0 25.0 16.7 15.4 9.1 16.7
165 Trendon Watford BKN 23 56 22 34 670.0 19.8 23.1 20.2 13.8 12.4 24.5 21.8 24.1 23.5 23.7 19.3 19.5 21.9 28.6 22.5 32.0 21.6 22.3
166 Brice Sensabaugh UTA 20 25 6 19 419.0 19.7 15.8 19.4 20.4 26.4 14.3 14.1 11.1 21.4 18.7 17.7 29.2 20.4 5.4 15.6 18.9 13.1 16.0
167 Nick Smith Jr. CHA 19 46 8 38 643.0 19.5 19.7 21.2 30.3 24.8 6.1 5.5 14.7 10.8 11.7 18.4 19.4 8.9 12.5 13.3 21.2 5.9 19.3
168 Norman Powell LAC 30 70 44 26 1825.0 19.4 21.6 21.4 29.6 27.2 17.5 17.2 4.0 13.4 11.3 7.7 12.8 13.6 10.0 16.8 16.4 17.9 21.8
169 Jalen Suggs ORL 22 67 39 28 1794.0 19.4 19.2 20.0 31.7 29.7 15.1 14.9 10.9 13.6 12.9 19.0 21.4 30.3 21.8 12.6 24.7 19.4 19.9
170 Jake LaRavia MEM 22 29 5 24 597.0 19.4 18.8 20.6 24.6 26.3 23.8 23.7 25.7 14.6 18.0 15.3 12.9 25.6 10.8 18.6 21.7 20.3 20.5
171 Deni Avdija WAS 23 68 13 55 2013.0 19.4 19.7 18.7 15.6 14.2 26.8 27.9 22.0 29.7 28.1 21.8 23.5 17.5 14.1 26.6 20.4 28.6 20.2
172 Adama Sanogo CHI 22 4 1 3 12.0 19.4 44.4 19.0 0.0 0.0 50.0 60.0 60.0 40.0 46.7 0.0 16.7 0.0 0.0 0.0 0.0 40.0 43.5
173 Luka Samanic UTA 24 36 13 23 252.0 19.3 16.5 20.8 17.2 22.3 18.9 19.5 21.4 27.1 25.9 7.0 16.7 6.1 16.2 29.6 24.8 19.2 17.1
174 Mouhamadou Gueye TOR 25 8 0 8 64.0 19.3 16.7 19.4 0.0 3.2 11.1 23.1 61.5 8.3 22.4 10.5 23.1 7.7 81.8 25.0 46.2 33.3 14.6
175 Jules Bernard WAS 24 15 2 13 111.0 19.3 21.4 22.2 30.0 27.2 11.1 15.1 16.7 12.5 14.0 21.0 10.5 16.7 7.7 7.1 23.9 24.0 21.0
176 Ziaire Williams MEM 22 51 20 31 1038.0 19.2 19.1 20.1 21.3 23.2 17.0 15.8 15.1 21.5 19.8 14.6 20.1 19.7 7.2 19.1 21.2 16.9 19.0
177 Malaki Branham SAS 20 70 16 54 1431.0 19.2 19.6 21.0 20.3 22.1 11.8 10.3 8.9 11.3 10.7 17.0 17.6 13.2 4.0 24.7 16.7 10.9 18.6
178 Jared Butler WAS 23 33 5 28 408.0 19.2 19.6 18.7 16.3 18.6 15.6 13.3 6.8 11.9 10.6 41.6 31.7 30.2 13.9 14.3 24.7 20.8 18.6
179 Julian Strawther DEN 21 45 30 15 527.0 19.2 18.0 21.6 30.3 34.4 13.2 13.4 3.9 14.0 11.3 15.0 12.8 23.3 10.6 12.3 21.3 17.8 18.8
180 Corey Kispert WAS 25 73 14 59 1805.0 19.2 21.6 20.8 33.5 31.4 16.2 17.3 7.2 14.2 12.6 12.4 15.0 13.8 8.8 18.9 17.0 15.1 22.2
181 Jarrett Allen CLE 25 70 43 27 2209.0 19.2 23.8 18.4 0.0 0.3 30.0 32.1 48.3 34.0 37.2 14.1 18.7 13.8 37.4 26.7 18.2 35.3 21.9
182 Gary Trent Jr. TOR 25 66 22 44 1835.0 19.1 19.8 22.1 33.8 31.5 11.9 11.6 5.6 12.4 10.7 9.4 8.2 23.4 5.6 12.9 12.4 11.0 20.4
183 Cameron Johnson BKN 28 56 19 37 1550.0 19.1 20.7 20.7 30.2 27.8 16.3 15.8 14.2 18.6 17.4 15.9 14.0 22.0 9.0 20.8 17.5 15.7 21.2
184 Jusuf Nurkic PHX 29 69 42 27 1871.0 19.1 17.2 17.0 4.0 6.9 22.1 27.3 48.9 39.7 41.8 22.1 27.4 23.7 35.5 30.3 33.8 27.7 16.4
185 Jordan Hawkins NOP 21 63 37 26 1125.0 19.0 17.5 21.3 33.8 34.6 15.3 14.0 10.4 15.4 14.1 11.2 12.6 10.0 6.5 12.9 16.3 9.8 19.1
186 Cameron Payne PHI 29 71 39 32 1167.0 19.0 18.9 20.4 29.3 27.4 14.0 12.4 6.1 10.8 9.6 29.0 19.6 19.2 7.1 17.7 20.7 13.3 19.4
187 Evan Fournier DET 31 25 7 18 434.0 19.0 17.8 21.3 31.1 33.7 16.9 16.9 5.4 13.6 12.0 17.4 13.0 28.1 8.8 10.6 20.1 11.4 19.0
188 Amari Bailey CHA 20 8 0 8 31.0 18.9 11.1 21.1 0.0 20.0 14.3 20.0 33.3 0.0 7.4 20.0 12.5 25.0 0.0 0.0 0.0 12.5 10.1
189 Saben Lee PHX 24 21 12 9 178.0 18.9 13.4 18.1 5.9 14.8 29.9 32.8 23.7 17.1 18.6 35.7 14.3 30.4 9.4 35.0 21.7 30.6 16.8
190 Marcus Sasser DET 23 64 10 54 1137.0 18.9 19.2 20.1 25.4 23.9 10.7 10.1 3.3 13.6 11.1 34.6 20.2 26.0 8.6 16.1 18.9 14.0 18.4
191 Dario Saric GSW 29 62 33 29 1080.0 18.9 18.9 18.8 22.7 21.3 20.7 18.9 25.6 27.8 27.2 22.6 22.6 19.2 11.8 22.0 24.8 21.6 19.6
192 Fred VanVleet HOU 30 67 37 30 2452.0 18.9 17.7 19.8 30.8 29.1 18.4 16.6 4.7 12.7 10.8 41.7 18.5 22.8 24.7 9.7 15.4 16.5 19.3
193 Armoni Brooks BKN 25 10 3 7 104.0 18.8 15.2 22.2 40.7 42.1 2.1 3.2 17.5 15.3 16.1 7.9 13.6 7.7 14.3 36.4 7.5 2.3 15.4
194 Vasilije Micic CHA 30 53 31 22 999.0 18.8 16.1 18.0 13.1 17.2 18.5 17.9 8.1 9.4 9.1 39.2 27.7 17.1 6.4 27.5 16.2 16.9 16.0
195 Tari Eason HOU 22 22 12 10 480.0 18.8 22.1 21.1 14.8 14.8 9.6 11.7 34.8 29.8 31.2 12.1 15.3 36.9 33.3 28.8 21.1 10.8 18.9
196 Hamidou Diallo WAS 25 2 1 1 5.0 18.8 25.0 14.3 0.0 0.0 0.0 0.0 50.0 0.0 22.2 50.0 100 100 0.0 0.0 50.0 0.0 22.2
196 Taze Moore POR 25 3 1 2 10.0 18.8 25.0 22.7 0.0 18.2 0.0 0.0 0.0 0.0 0.0 16.7 25.0 25.0 0.0 0.0 28.6 16.7 17.6
198 Jeremy Sochan SAS 20 74 18 56 2193.0 18.7 18.0 19.0 12.6 14.3 15.9 16.4 29.2 22.3 24.0 18.4 19.5 19.0 13.7 32.1 22.1 16.9 17.1
199 Duncan Robinson MIA 29 64 36 28 1824.0 18.6 19.7 20.1 39.1 36.0 11.6 10.5 4.4 12.0 10.4 19.4 18.7 15.4 11.2 14.0 21.8 10.3 20.5
200 Day'Ron Sharpe BKN 22 57 23 34 863.0 18.6 21.5 17.1 1.9 2.2 23.3 28.1 56.3 35.3 41.6 18.1 24.9 17.0 45.1 26.5 34.1 29.7 19.7
201 Thomas Bryant MIA 26 37 21 16 418.0 18.5 22.2 18.6 3.2 7.1 28.9 28.7 45.7 32.9 35.7 9.4 16.1 16.7 41.7 20.9 30.2 22.8 20.6
202 Derrick White BOS 29 68 55 13 2223.0 18.5 18.0 19.1 24.1 24.2 16.3 14.9 11.0 14.7 13.9 27.9 20.0 22.3 26.7 16.8 19.1 17.5 18.5
203 Buddy Boeheim DET 24 5 0 5 49.0 18.5 18.9 22.7 40.0 34.7 15.6 14.3 9.1 17.1 15.4 10.0 0.0 0.0 14.3 25.0 14.3 9.5 20.7
204 Trey Murphy III NOP 23 49 31 18 1391.0 18.5 18.8 20.8 35.6 36.9 18.6 18.1 11.5 19.5 17.8 13.4 7.5 16.1 18.5 9.6 11.5 15.3 20.7
205 P.J. Washington DAL 25 66 25 41 1987.0 18.4 17.7 19.4 22.7 25.3 14.2 15.7 18.8 21.4 20.7 11.6 16.8 19.8 22.7 18.5 20.2 14.4 17.7
206 Jalen Smith IND 24 54 31 23 942.0 18.4 22.5 18.8 21.6 18.7 23.7 26.2 42.0 34.3 36.4 9.3 15.2 8.8 36.2 8.4 26.7 25.2 22.5
207 Kira Lewis Jr. UTA 22 25 10 15 203.0 18.4 16.8 19.6 11.8 18.8 15.8 14.0 14.8 9.4 10.8 32.6 20.7 24.0 12.5 20.0 13.3 13.3 16.2
208 Buddy Hield PHI 31 77 39 38 2020.0 18.4 18.4 20.2 33.7 32.6 6.8 6.1 11.8 15.2 14.3 18.4 17.4 20.9 16.1 13.3 17.8 4.9 18.8
209 Jordan Ford SAC 25 6 2 4 22.0 18.4 19.0 17.9 22.2 14.3 28.6 25.0 0.0 14.3 11.1 18.2 33.3 0.0 0.0 0.0 0.0 20.0 20.7
210 Tre Mann CHA 23 33 18 15 736.0 18.3 18.4 18.7 18.6 17.5 15.9 16.6 14.8 21.4 20.1 31.4 21.8 26.9 1.6 23.3 16.7 21.1 18.2
211 Josh Minott MIN 21 26 20 6 70.0 18.3 21.4 21.6 13.3 14.5 34.3 32.6 23.1 22.2 22.4 10.8 8.0 26.7 50.0 22.2 20.0 27.6 23.5
212 Jaime Jaquez Jr. MIA 23 67 39 28 1944.0 18.3 19.6 18.7 12.1 14.0 16.8 17.0 19.6 13.7 15.0 16.6 20.6 24.3 10.7 29.6 21.0 15.1 18.3
213 Anthony Gill WAS 31 44 8 36 307.0 18.2 17.8 18.3 9.2 12.3 20.0 19.7 38.4 19.1 24.3 13.5 19.6 20.0 20.0 15.0 25.2 13.4 17.2
214 Jalen Johnson ATL 22 51 25 26 1733.0 18.2 21.3 19.2 14.5 14.5 13.5 15.1 14.4 31.2 26.5 18.7 18.6 20.9 25.6 22.7 20.7 16.0 19.2
215 D.J. Wilson PHI 28 2 1 1 15.0 18.2 30.8 24.0 50.0 18.2 0.0 0.0 33.3 11.1 16.7 22.2 0.0 0.0 100 100 16.7 0.0 27.8
216 Rui Hachimura LAL 26 61 35 26 1615.0 18.1 21.3 20.3 21.1 19.6 14.5 15.3 18.8 16.9 17.2 6.8 9.5 15.6 12.1 21.5 19.1 13.0 20.3
217 Landry Shamet WAS 27 46 6 40 726.0 18.1 18.6 20.0 26.1 27.7 15.6 14.7 10.5 9.7 9.9 12.6 14.5 22.9 17.2 22.6 23.9 16.0 19.0
218 Emoni Bates CLE 20 13 7 6 102.0 18.1 16.0 21.6 31.0 35.9 5.6 12.1 5.9 17.9 15.1 12.5 6.1 7.1 22.2 25.0 13.2 15.6 17.3
219 Skylar Mays LAL 26 35 13 22 428.0 18.0 18.0 19.7 16.8 18.7 10.7 10.2 9.4 13.6 12.4 39.1 16.0 29.4 9.3 20.4 14.4 13.8 16.9
220 TyTy Washington Jr. MIL 22 5 3 2 21.0 18.0 9.1 21.2 20.0 15.8 0.0 0.0 0.0 6.3 5.6 12.5 18.2 40.0 0.0 0.0 0.0 12.5 8.3
221 Jalen McDaniels TOR 26 43 10 33 424.0 18.0 16.1 19.7 10.9 20.3 12.3 14.0 13.0 18.5 17.0 11.9 17.0 25.4 10.2 23.1 24.6 11.9 14.9
222 Jahmi'us Ramsey TOR 22 7 0 7 121.0 18.0 18.8 19.4 25.0 27.2 11.4 10.3 19.0 23.1 22.2 12.9 17.9 28.0 0.0 14.3 20.0 10.2 18.1
223 Gordon Hayward OKC 34 45 22 23 1127.0 17.9 16.8 17.8 12.1 11.5 22.9 23.6 14.2 17.5 16.7 24.8 18.1 20.0 9.5 14.2 13.9 21.2 17.1
224 Markelle Fultz ORL 25 35 21 14 753.0 17.9 19.3 19.9 1.8 3.0 6.8 7.7 26.5 13.5 16.7 26.1 16.9 23.8 20.3 29.6 18.7 11.3 15.8
225 Mamadi Diakite NYK 27 5 4 1 24.0 17.9 25.0 15.4 0.0 6.7 40.0 42.9 16.7 15.0 15.4 18.2 12.5 33.3 33.3 0.0 22.2 27.3 26.1
226 Santi Aldama MEM 23 60 22 38 1595.0 17.8 19.6 19.4 23.6 22.9 10.7 13.1 20.6 27.1 25.4 16.3 14.5 17.2 24.1 12.6 14.2 14.3 18.8
227 Moses Moody GSW 21 58 32 26 1000.0 17.8 19.6 19.2 21.4 22.0 18.1 17.4 20.6 16.0 17.3 8.2 13.6 25.5 25.6 22.8 17.9 18.6 19.6
228 Jordan Goodwin MEM 25 50 27 23 833.0 17.8 16.5 19.6 21.1 22.2 9.4 10.1 26.0 20.2 21.8 29.8 17.5 28.1 14.3 23.7 19.1 10.2 15.7
229 David Roddy PHX 23 62 22 40 1171.0 17.8 17.6 19.1 16.1 18.0 11.9 13.4 23.0 20.4 21.0 13.1 16.0 15.9 7.7 20.2 14.5 12.5 16.5
230 Greg Brown III DAL 22 6 3 3 40.0 17.8 14.7 14.9 12.5 15.0 21.1 32.1 23.1 17.1 18.8 18.2 23.5 0.0 57.1 20.0 41.7 27.8 15.8
231 A.J. Lawson DAL 23 36 23 13 254.0 17.7 20.3 19.7 16.9 20.7 13.5 15.1 15.6 13.3 14.0 10.6 13.3 24.4 10.7 25.0 20.6 11.7 18.8
232 Jalen Duren DET 20 56 13 43 1662.0 17.7 22.4 16.8 0.0 0.3 22.9 22.5 47.4 40.0 41.8 15.3 22.2 14.5 26.4 19.6 24.7 22.8 20.3
233 Malachi Flynn DET 25 61 27 34 719.0 17.7 17.3 18.1 25.3 23.5 15.0 15.5 10.4 17.4 15.3 27.3 21.6 23.5 9.9 19.2 19.7 17.6 17.9
234 Amen Thompson HOU 21 55 27 28 1177.0 17.7 19.7 17.0 2.8 6.5 20.2 21.9 35.4 27.3 29.7 22.5 24.1 28.0 27.2 19.8 24.7 23.8 18.1
235 Dillon Brooks HOU 28 65 34 31 2004.0 17.6 17.0 18.6 22.8 23.3 15.2 14.3 10.6 12.6 12.1 10.1 15.2 18.4 5.1 11.7 24.5 13.5 17.4
236 Keegan Murray SAC 23 69 40 29 2296.0 17.6 18.7 19.6 23.1 24.2 13.3 12.1 17.9 18.0 18.0 8.3 9.3 18.2 27.3 16.2 20.6 10.7 18.6
237 De'Anthony Melton PHI 25 36 23 13 1002.0 17.6 14.9 18.5 27.6 29.0 13.6 14.1 12.1 16.4 15.3 19.9 16.0 30.3 12.2 16.9 21.2 13.8 16.0
238 Aaron Gordon DEN 28 68 46 22 2145.0 17.5 18.5 17.0 7.4 9.4 21.8 26.1 32.3 18.7 22.2 17.3 18.4 16.0 19.2 28.6 18.6 24.6 17.9
239 Justin Champagnie WAS 22 10 3 7 151.0 17.4 16.0 16.9 26.3 25.0 21.3 19.0 26.2 20.0 22.0 14.5 20.9 31.6 33.3 19.0 16.9 13.2 17.9
240 Dennis Smith Jr. BKN 26 56 19 37 1059.0 17.4 16.7 17.6 11.6 14.2 12.9 13.4 20.1 16.6 17.5 35.0 22.6 37.6 13.3 19.8 26.7 12.8 15.5
241 Colby Jones SAC 21 23 12 11 144.0 17.4 17.4 19.8 2.9 13.8 4.3 8.5 25.0 17.4 20.1 20.0 14.6 17.4 6.3 23.1 31.1 10.9 13.8
242 Theo Maledon PHX 22 17 5 12 213.0 17.3 11.0 17.2 10.4 21.9 15.7 12.2 6.1 14.1 11.5 25.9 28.1 23.3 0.0 29.2 18.6 19.2 11.8
243 Georges Niang CLE 30 75 45 30 1697.0 17.3 18.0 19.2 26.6 26.5 9.2 8.2 7.2 20.5 17.8 9.3 14.3 11.0 10.6 9.3 26.2 8.2 18.0
244 Shake Milton NYK 27 47 31 16 581.0 17.3 16.4 18.3 15.0 17.6 16.9 16.2 11.1 14.5 13.7 20.3 18.2 20.9 8.2 20.5 22.5 17.1 16.4
245 Christian Wood LAL 28 50 28 22 872.0 17.3 16.5 17.6 19.3 21.4 18.3 19.7 26.5 33.0 31.8 10.4 18.2 13.1 30.0 17.1 23.2 20.3 17.1
246 Kevin Huerter SAC 25 64 37 27 1562.0 17.3 17.1 19.1 25.9 26.7 7.4 7.2 13.0 17.4 16.5 16.9 13.5 17.7 18.3 11.8 21.3 7.9 17.0
247 OG Anunoby NYK 26 44 26 18 1498.0 17.3 18.3 18.4 22.9 22.5 12.6 12.7 11.8 13.5 13.1 11.0 16.1 23.6 20.1 22.5 17.8 12.4 18.0
248 Jabari Smith Jr. HOU 20 68 36 32 2152.0 17.3 18.0 18.1 22.1 21.1 17.4 16.6 26.0 28.7 28.0 8.8 15.2 16.3 27.7 18.8 20.1 14.3 18.4
249 Bruno Fernando ATL 25 37 18 19 516.0 17.3 19.4 15.9 0.0 1.1 26.4 30.7 54.5 32.3 37.5 11.6 22.4 28.0 53.1 34.8 38.4 26.8 18.2
250 Wendell Carter Jr. ORL 24 47 26 21 1217.0 17.2 18.8 17.3 18.2 18.0 21.2 22.6 38.5 28.9 31.1 12.9 15.6 13.0 25.0 18.1 21.6 25.2 19.1
251 D'Moi Hodge LAL 25 7 1 6 41.0 17.2 18.5 22.4 60.0 40.0 5.9 8.3 0.0 0.0 0.0 27.8 7.1 14.3 25.0 0.0 30.8 6.3 18.4
252 Sasha Vezenkov SAC 28 36 19 17 450.0 17.1 18.9 20.0 25.7 24.7 7.6 7.2 31.3 19.8 22.6 6.0 8.5 33.3 14.9 24.3 17.1 8.8 18.5
253 Sam Merrill CLE 27 57 35 22 1014.0 17.1 18.1 20.4 42.2 37.6 8.2 6.5 10.9 13.1 12.7 17.7 6.6 14.2 4.6 13.3 18.4 12.3 20.3
254 Jose Alvarado NOP 25 51 34 17 908.0 17.1 15.9 18.7 26.9 27.4 9.2 10.4 9.9 14.9 13.6 20.9 15.7 29.9 17.6 21.2 21.4 11.8 16.0
254 Moussa Diabate LAC 22 11 7 4 64.0 17.1 18.2 16.4 0.0 0.0 31.0 36.8 53.6 25.0 37.5 12.1 10.0 50.0 25.0 42.9 14.8 38.5 19.0
256 Jaden Springer BOS 21 45 29 16 449.0 17.1 14.6 17.0 7.5 14.4 16.1 14.8 27.5 12.9 17.3 18.8 23.4 29.3 28.0 23.4 30.6 17.9 14.1
257 DeJon Jarreau MEM 26 9 2 7 150.0 17.1 14.4 17.2 12.1 11.5 10.0 14.3 16.3 32.4 27.5 38.8 19.6 22.2 14.3 5.0 30.4 12.5 13.5
258 Kelly Olynyk TOR 32 72 29 43 1584.0 17.0 17.7 15.3 14.3 12.4 21.7 21.4 27.1 25.9 26.2 34.1 26.3 27.3 16.5 10.4 32.2 26.9 18.0
259 Isaiah Jackson IND 22 55 33 22 706.0 17.0 21.7 16.4 0.0 0.9 28.9 31.1 50.9 31.9 37.1 10.7 16.4 25.8 54.6 28.4 37.6 30.9 20.7
260 Caleb Martin MIA 28 56 31 25 1518.0 16.9 17.0 17.9 19.4 19.7 12.8 13.0 21.3 18.6 19.2 15.1 17.6 19.1 22.7 18.7 20.7 15.4 16.6
261 Ish Wainright PHX 29 10 2 8 61.0 16.9 17.5 20.9 50.0 37.7 11.8 6.9 18.8 23.9 22.6 4.3 10.5 33.3 16.7 0.0 25.0 10.0 20.7
262 Danilo Gallinari MIL 35 45 15 30 592.0 16.8 16.0 17.3 16.7 19.5 33.3 31.1 20.2 22.2 21.8 18.0 10.3 15.8 16.7 11.9 20.2 31.1 19.0
263 Seth Lundy ATL 23 9 2 7 52.0 16.8 10.5 21.3 25.0 28.9 11.5 12.9 14.3 18.8 17.9 0.0 5.9 0.0 0.0 66.7 40.0 14.3 12.3
264 Max Strus CLE 28 63 40 23 2011.0 16.8 15.6 18.0 28.3 29.1 9.6 9.6 12.7 16.4 15.5 20.1 17.2 17.2 14.1 16.7 21.9 13.2 16.2
265 Chris Boucher TOR 31 50 16 34 705.0 16.7 17.5 16.4 16.9 17.7 28.9 27.8 32.3 30.9 31.3 5.5 14.9 12.5 34.3 19.7 24.0 30.2 19.1
266 Clint Capela ATL 29 66 31 35 1684.0 16.7 20.7 16.6 0.0 0.1 19.6 23.8 56.4 33.3 40.7 8.6 14.3 14.8 57.8 30.9 24.8 23.5 18.2
267 Alondes Williams MIA 24 4 3 1 12.0 16.7 16.7 25.0 0.0 28.6 20.0 20.0 0.0 11.1 9.1 0.0 11.1 0.0 0.0 100 0.0 33.3 16.7
267 Brandon Clarke MEM 27 2 0 2 41.0 16.7 24.3 20.3 0.0 6.3 7.7 20.0 25.0 26.1 25.7 13.8 0.0 20.0 25.0 0.0 17.6 21.4 18.8
267 Jalen Crutcher NOP 24 1 1 0 3.0 16.7 0.0 25.0 0.0 0.0 0.0 0.0 0.0 0.0 0.0 0.0 0.0 0.0 0.0 0.0 0.0 0.0 0.0
270 Omer Yurtseven UTA 25 41 15 26 376.0 16.6 21.1 16.8 5.3 6.7 10.5 13.0 47.2 36.4 39.6 9.6 21.1 12.2 41.5 14.0 29.6 17.5 17.7
271 Ayo Dosunmu CHI 24 73 36 37 2102.0 16.6 18.8 17.5 22.6 20.2 11.5 11.3 10.3 10.8 10.7 20.6 17.8 19.6 15.5 24.3 19.0 10.3 18.1
272 Moses Brown POR 24 19 4 15 167.0 16.6 18.6 16.3 0.0 0.0 10.3 28.1 60.0 35.8 43.4 7.1 14.5 13.6 43.8 33.3 38.6 31.4 14.9
273 Javon Freeman-Liberty TOR 24 14 1 13 236.0 16.6 14.8 16.3 6.9 14.0 33.3 27.5 14.8 25.2 22.1 16.1 15.2 10.0 12.5 22.6 19.8 22.4 16.0
274 Luke Kennard MEM 27 37 13 24 936.0 16.6 18.2 18.1 35.3 28.8 12.6 10.9 6.7 16.6 14.4 23.4 16.3 12.3 1.7 9.3 10.6 7.9 19.7
275 Jalen Pickett DEN 24 24 17 7 116.0 16.6 14.9 16.8 25.0 25.8 10.3 10.3 6.3 13.6 12.4 24.0 25.0 27.3 0.0 16.7 24.1 10.0 15.7
276 Wenyen Gabriel MEM 27 5 1 4 81.0 16.6 16.0 15.8 6.3 11.1 0.0 11.9 35.0 30.0 31.3 8.6 22.9 12.5 28.6 18.2 32.3 21.4 11.6
277 Collin Gillespie DEN 24 24 15 9 225.0 16.6 16.2 16.6 26.3 23.5 10.8 12.2 2.0 12.4 10.0 20.8 26.9 34.2 0.0 15.8 27.9 15.6 16.6
278 Andrew Nembhard IND 24 61 36 25 1507.0 16.6 16.9 16.8 13.4 13.9 8.6 8.2 11.0 9.3 9.7 26.6 22.7 23.3 2.7 12.0 19.6 14.5 15.5
279 Davis Bertans CHA 31 36 18 18 516.0 16.5 16.0 19.1 41.4 35.7 16.9 14.5 7.5 11.9 11.0 10.7 7.4 23.4 20.0 10.9 20.8 10.6 19.3
280 Jonathan Isaac ORL 26 51 31 20 783.0 16.5 19.6 18.3 22.6 19.4 16.8 17.9 32.8 30.6 31.2 5.9 10.8 25.2 54.9 19.0 16.9 18.1 19.4
281 Jevon Carter CHI 28 67 33 34 917.0 16.5 16.0 18.8 33.7 34.0 1.4 1.8 3.5 7.8 6.6 17.1 14.7 17.6 14.6 5.6 18.7 3.7 15.7
282 Spencer Dinwiddie LAL 30 69 33 36 1992.0 16.5 13.5 16.4 18.2 21.7 21.0 20.5 6.9 11.3 10.3 31.2 17.8 20.1 7.8 10.2 17.7 17.3 15.2
283 Eric Gordon PHX 35 61 36 25 1744.0 16.4 16.8 18.8 31.1 30.8 6.9 7.0 4.9 8.4 7.7 13.4 12.4 21.1 11.7 24.7 11.0 7.8 16.7
284 Nikola Jovic MIA 20 38 19 19 706.0 16.4 14.8 16.3 23.6 23.1 10.1 12.9 19.5 25.7 24.5 17.5 21.5 16.9 23.2 10.6 28.5 17.7 15.3
285 Miles McBride NYK 23 61 37 24 1127.0 16.4 19.4 18.7 29.5 24.5 11.5 10.0 8.6 7.4 7.8 17.4 8.3 26.3 6.2 14.5 23.2 13.4 19.7
286 Chimezie Metu DET 27 43 23 20 603.0 16.4 16.8 16.6 12.7 17.1 20.4 19.0 28.7 26.5 26.9 10.7 18.1 27.8 23.2 17.5 24.7 15.8 17.1
287 Gradey Dick TOR 20 53 16 37 1058.0 16.3 17.0 18.2 28.4 25.5 11.1 9.6 9.3 12.7 11.8 10.9 12.9 16.5 2.6 16.0 18.8 10.4 17.4
288 Patrick Williams CHI 22 43 19 24 1174.0 16.3 15.6 16.7 19.7 18.9 12.9 13.1 16.5 15.2 15.5 11.4 19.0 22.3 29.7 20.4 18.9 12.2 15.7
289 Admiral Schofield ORL 27 21 14 7 79.0 16.3 18.4 20.2 18.5 20.5 0.0 5.9 16.7 25.5 23.8 18.2 11.4 12.5 0.0 42.9 30.8 12.5 15.6
290 Peyton Watson DEN 21 73 51 22 1330.0 16.3 16.6 17.0 13.4 16.7 17.1 18.8 18.0 18.4 18.3 9.7 14.6 21.7 37.5 20.1 21.7 15.0 16.3
291 Marcus Morris Sr. CLE 34 44 25 19 757.0 16.3 17.7 17.9 26.3 21.7 10.5 10.3 12.2 22.3 19.7 9.6 14.7 12.2 16.4 7.2 19.3 10.8 17.2
292 Saddiq Bey ATL 24 63 28 35 2062.0 16.3 15.4 17.4 19.5 22.4 19.8 19.1 27.7 17.9 20.9 8.2 9.5 17.3 5.7 19.3 11.0 16.2 16.6
293 Nate Williams HOU 25 18 9 9 99.0 16.3 18.8 18.0 5.0 5.8 20.0 20.8 29.4 7.7 14.3 15.2 8.0 18.8 0.0 37.5 20.4 17.9 17.8
294 Jaylen Nowell MEM 24 9 3 6 156.0 16.2 16.7 18.6 9.1 18.5 6.3 5.5 8.6 10.8 10.2 20.8 10.6 10.3 0.0 0.0 21.0 7.3 14.3
295 Tristan Vukcevic WAS 21 5 2 3 32.0 16.2 13.0 19.2 50.0 30.4 0.0 0.0 0.0 31.0 28.1 12.5 14.3 16.7 50.0 20.0 37.5 7.1 15.0
296 Lester Quinones GSW 23 33 20 13 369.0 16.2 15.0 17.2 27.0 25.1 15.0 17.0 16.9 18.0 17.7 16.1 14.2 13.6 4.3 17.5 27.0 24.1 16.4
297 Mark Williams CHA 22 19 7 12 508.0 16.2 20.8 15.5 0.0 0.0 31.5 33.9 54.3 31.1 37.8 7.4 11.9 20.8 42.6 31.6 26.9 28.0 19.9
298 Jamal Cain MIA 25 22 11 11 254.0 16.2 16.3 17.5 19.0 18.0 20.5 20.0 23.4 12.7 15.7 7.9 9.9 25.6 38.5 13.6 21.9 14.6 17.3
299 Precious Achiuwa NYK 24 67 35 32 1522.0 16.1 18.2 16.0 6.3 8.1 13.8 17.3 43.3 27.6 32.3 11.9 18.6 19.0 41.0 21.1 24.5 14.8 16.1
300 Ivica Zubac LAC 27 62 38 24 1641.0 16.1 21.0 15.7 0.0 0.0 19.2 22.4 52.0 33.2 37.6 9.4 15.8 7.3 45.8 25.9 31.1 20.9 18.4
301 Ausar Thompson DET 21 63 10 53 1583.0 16.1 17.3 16.4 6.4 11.1 12.2 16.2 32.3 25.2 27.1 14.4 16.7 31.8 33.1 18.1 24.7 19.8 15.5
302 Jrue Holiday BOS 33 63 49 14 2089.0 16.1 16.3 16.5 18.4 16.3 8.1 8.0 18.4 17.1 17.4 27.3 22.3 21.0 17.8 17.3 14.7 10.8 15.4
303 Nate Hinton HOU 24 11 6 5 58.0 16.1 17.9 18.2 58.3 26.2 16.0 14.3 18.8 17.0 17.4 22.2 12.5 28.6 25.0 40.0 35.7 12.5 20.8
304 Sandro Mamukelashvili SAS 24 39 8 31 268.0 16.1 18.5 17.5 10.8 16.2 13.7 14.3 50.8 26.9 32.8 21.5 12.7 14.0 37.5 21.6 27.8 14.3 16.8
305 Bruce Brown TOR 27 62 25 37 1748.0 16.1 15.7 16.5 11.0 12.4 18.2 17.3 14.2 19.3 18.0 16.3 15.3 19.6 8.5 18.0 18.4 14.6 15.5
306 Tyus Jones WAS 27 66 11 55 1933.0 16.1 18.2 17.8 21.5 18.3 5.6 5.4 5.6 12.9 11.3 40.1 12.3 23.4 7.9 10.8 6.2 7.3 17.0
307 Ousmane Dieng OKC 20 31 19 12 342.0 16.0 15.1 16.7 20.4 23.1 12.3 11.9 14.5 17.1 16.5 17.9 17.3 10.2 7.7 8.6 17.9 10.8 15.4
308 James Wiseman DET 23 55 8 47 887.0 16.0 22.2 15.6 0.0 0.3 17.2 19.6 49.5 31.6 36.0 9.8 19.9 8.1 37.9 13.9 31.1 18.4 19.2
309 Aaron Nesmith IND 24 65 36 29 1797.0 16.0 16.5 17.0 26.3 23.4 15.6 15.9 16.3 15.7 15.8 8.6 12.3 21.6 20.7 22.5 27.6 18.8 17.5
310 Naji Marshall NOP 26 62 40 22 1198.0 16.0 15.7 16.4 18.1 18.3 13.2 13.0 19.5 21.2 20.8 18.4 20.2 21.0 11.5 14.4 18.2 13.1 15.5
311 Jakob Poeltl TOR 28 50 21 29 1319.0 16.0 20.4 15.3 0.0 0.0 13.9 18.3 48.0 30.9 35.1 15.4 21.2 16.7 53.1 24.8 33.1 19.9 17.7
312 Payton Pritchard BOS 26 74 58 16 1592.0 16.0 16.7 17.5 22.9 22.9 7.6 7.4 15.2 15.5 15.4 26.3 13.3 15.2 3.0 14.0 17.1 9.5 16.4
313 Lindy Waters III OKC 26 31 21 10 199.0 16.0 18.1 19.3 38.5 33.7 1.8 1.5 10.5 18.8 17.0 15.2 9.2 6.5 26.3 8.3 22.4 1.7 19.1
314 Simone Fontecchio DET 28 66 29 37 1644.0 15.9 17.3 17.5 29.5 25.8 8.7 8.8 16.1 15.4 15.6 10.2 13.6 17.1 12.8 14.9 16.9 9.4 17.4
315 Seth Curry CHA 33 44 25 19 615.0 15.9 15.4 18.1 20.7 21.4 12.9 10.8 14.5 12.0 12.5 13.4 11.7 20.6 9.7 15.3 16.5 10.3 15.7
316 Jaden McDaniels MIN 23 64 43 21 1879.0 15.9 17.3 17.3 17.3 19.0 7.8 8.5 14.7 11.3 12.1 8.7 14.7 19.9 17.4 14.8 27.0 11.1 15.9
317 Josh Richardson MIA 30 43 24 19 1103.0 15.9 17.4 18.0 24.3 24.4 11.9 10.3 9.4 14.0 13.1 17.9 11.6 15.1 21.5 8.4 17.3 11.4 17.2
318 Aaron Holiday HOU 27 71 37 34 1169.0 15.8 17.2 17.4 24.7 22.5 11.9 9.9 7.2 11.4 10.3 23.6 15.9 19.1 5.3 12.0 20.7 12.5 17.2
319 Cody Martin CHA 28 28 7 21 753.0 15.7 13.1 15.6 13.9 16.0 10.2 13.0 12.8 17.9 16.8 26.7 21.0 29.9 25.4 20.2 17.5 16.3 12.9
320 Monte Morris MIN 28 25 16 9 366.0 15.7 15.5 18.0 17.1 18.8 10.3 10.8 8.6 12.8 11.9 27.3 7.0 24.6 8.2 19.4 7.5 11.5 15.0
321 AJ Green MIL 24 50 33 17 509.0 15.7 16.9 19.4 35.5 35.1 8.7 7.3 9.8 14.0 13.1 9.8 5.6 7.6 7.5 7.7 19.4 9.4 18.4
322 Jabari Walker POR 21 65 16 49 1466.0 15.7 17.1 16.0 10.1 12.1 20.3 21.2 32.7 33.7 33.4 8.7 12.6 17.8 14.9 25.3 24.1 20.8 16.9
323 Aleksej Pokusevski CHA 22 20 11 9 255.0 15.7 14.3 16.0 11.4 15.5 21.9 22.5 27.1 23.6 24.4 19.0 15.0 34.3 46.7 15.0 18.7 16.5 14.8
324 Trayce Jackson-Davis GSW 24 60 33 27 945.0 15.7 22.7 15.5 0.0 0.1 22.3 29.8 41.9 25.5 30.4 12.2 14.0 18.1 55.3 31.1 27.3 23.2 20.1
325 Bol Bol PHX 24 36 23 13 407.0 15.7 23.2 18.0 21.1 16.8 9.0 9.6 27.5 28.6 28.3 7.2 12.0 13.3 33.3 5.4 26.4 6.5 20.9
326 Isaiah Joe OKC 24 70 49 21 1287.0 15.7 17.2 18.2 36.2 31.9 6.4 6.3 10.5 15.4 14.3 12.4 12.1 16.0 11.9 12.0 14.5 13.8 17.3
327 Devonte' Graham SAS 29 16 4 12 142.0 15.7 14.2 16.5 26.1 28.3 13.0 12.7 5.7 20.7 16.5 27.1 17.1 21.7 5.3 6.7 14.3 12.1 15.5
327 Kevin Knox II DET 24 31 4 27 560.0 15.7 17.7 17.7 24.4 24.5 9.1 7.6 13.6 15.2 14.8 7.3 13.5 17.1 17.1 16.9 21.1 9.7 16.9
329 Nic Claxton BKN 24 65 24 41 1939.0 15.6 21.3 15.4 0.2 0.3 18.0 23.5 44.4 35.7 37.8 12.9 15.9 16.7 58.2 19.7 22.5 30.5 18.3
330 AJ Griffin ATL 20 18 8 10 132.0 15.6 11.9 18.7 19.6 28.9 3.2 2.6 9.1 14.5 13.3 6.5 15.0 4.0 7.7 10.0 13.3 1.9 11.3
331 Quentin Grimes DET 23 51 32 19 1025.0 15.5 14.9 17.3 28.7 31.0 10.5 10.5 5.9 11.9 10.3 13.7 10.2 24.0 8.0 11.0 18.5 8.9 16.0
332 Obi Toppin IND 26 75 42 33 1601.0 15.5 18.5 16.6 20.2 18.6 12.4 12.9 22.5 20.4 20.9 10.6 14.0 14.9 18.4 15.6 17.4 12.5 17.8
333 Paul Reed PHI 24 75 40 35 1445.0 15.5 18.1 15.9 5.7 5.7 12.0 13.4 48.6 28.9 34.6 13.7 17.1 21.5 42.8 17.3 29.0 17.6 15.9
334 Svi Mykhailiuk BOS 26 33 26 7 294.0 15.5 13.7 17.8 30.1 30.5 4.3 5.7 9.5 13.5 12.3 12.9 10.5 20.8 0.0 12.5 11.7 9.3 14.7
335 Vince Williams Jr. MEM 23 52 18 34 1437.0 15.5 14.6 14.6 19.4 18.0 21.1 19.6 18.8 24.9 23.4 23.1 20.5 18.9 16.9 12.9 23.8 21.6 16.2
336 Jontay Porter TOR 24 26 6 20 360.0 15.5 13.1 15.8 19.8 21.7 13.3 12.6 35.1 23.4 26.2 29.0 17.5 31.7 51.3 6.5 24.0 9.6 14.0
337 Aaron Wiggins OKC 25 70 50 20 1037.0 15.5 18.4 15.9 19.6 15.9 12.1 12.5 27.8 15.5 18.2 11.2 18.0 22.5 11.0 21.1 19.8 11.8 17.6
338 Markieff Morris DAL 34 22 13 9 173.0 15.5 14.3 16.9 25.5 24.5 4.9 4.8 11.1 23.3 20.4 13.8 19.2 19.2 9.1 16.7 17.7 8.5 14.3
339 Zeke Nnaji DEN 23 53 37 16 522.0 15.4 14.6 14.2 4.5 6.0 30.9 31.2 49.6 16.2 24.9 11.8 18.4 16.5 38.1 35.0 28.6 37.7 15.6
340 Dante Exum DAL 28 48 31 17 926.0 15.4 16.7 15.3 16.2 12.5 16.1 15.6 13.1 15.5 15.0 25.4 20.1 17.4 5.9 21.6 21.2 18.1 16.6
341 Mike Conley MIN 36 69 49 20 1997.0 15.4 15.7 16.8 30.2 27.3 12.4 10.8 8.1 11.7 10.9 37.6 13.3 26.2 6.1 7.3 15.6 12.3 16.9
342 Mason Jones SAC 25 3 1 2 20.0 15.4 11.8 14.6 33.3 29.4 33.3 28.6 12.5 26.7 21.7 45.5 16.7 16.7 0.0 33.3 16.7 33.3 16.3
342 Shaquille Harrison MEM 30 3 1 2 6.0 15.4 33.3 20.0 0.0 0.0 0.0 0.0 0.0 50.0 50.0 0.0 0.0 0.0 100 0.0 0.0 0.0 33.3
344 Grant Williams CHA 25 70 32 38 1928.0 15.4 14.9 15.5 20.4 19.3 15.0 14.8 22.3 16.6 17.8 14.5 19.4 15.1 21.0 17.3 27.8 18.4 15.6
345 Christian Braun DEN 22 75 52 23 1466.0 15.4 15.6 15.9 16.8 15.4 19.6 20.6 19.1 20.0 19.7 13.0 12.8 17.2 16.5 23.2 20.3 14.2 16.3
346 Patrick Baldwin Jr. WAS 21 32 6 26 331.0 15.4 12.0 16.6 20.0 23.9 13.3 13.5 17.6 29.5 26.7 11.4 13.7 15.2 30.6 8.9 25.5 13.4 13.1
347 Harrison Barnes SAC 31 74 43 31 2171.0 15.3 16.5 16.4 22.9 20.6 19.4 18.1 13.2 10.7 11.3 6.8 9.3 13.6 7.3 11.7 10.7 18.2 17.7
348 Draymond Green GSW 34 49 29 20 1307.0 15.3 13.8 13.5 10.9 11.0 12.8 13.4 22.2 29.4 27.7 34.9 30.5 23.7 33.1 12.9 28.3 22.5 13.3
349 Jordan Miller LAC 24 8 5 3 28.0 15.3 21.7 17.6 16.7 11.8 25.0 18.2 37.5 11.8 20.0 0.0 9.1 0.0 0.0 66.7 18.2 11.1 21.7
350 Jarace Walker IND 20 30 15 15 315.0 15.3 12.8 16.7 26.3 25.7 7.3 6.3 13.9 23.1 20.4 18.3 17.2 21.5 28.2 4.2 19.7 8.9 13.3
351 Rudy Gobert MIN 31 68 48 20 2318.0 15.2 18.2 13.7 0.0 0.2 26.3 31.7 52.9 36.6 40.2 6.9 14.8 12.4 50.5 23.6 24.6 35.1 17.4
352 Brook Lopez MIL 36 71 46 25 2188.0 15.1 16.3 16.5 19.9 20.6 10.8 10.3 24.3 16.0 17.7 9.8 12.0 15.2 68.1 8.5 22.0 11.6 15.8
353 Brandin Podziemski GSW 21 66 35 31 1759.0 15.1 14.8 15.9 15.1 15.5 8.6 10.6 22.6 21.4 21.7 23.0 17.0 23.3 8.1 15.3 16.5 17.2 14.0
354 Patty Mills MIA 35 30 14 16 396.0 15.1 12.6 16.1 21.1 25.5 7.5 6.0 9.8 9.2 9.4 15.4 18.2 27.4 4.2 9.8 20.4 11.1 13.0
355 Mo Bamba PHI 25 53 26 27 703.0 15.1 16.7 14.5 12.8 11.2 14.1 16.5 43.5 33.1 36.0 11.2 21.2 18.0 57.3 15.4 31.3 17.6 15.8
356 Ashton Hagans POR 24 16 2 14 276.0 15.1 12.2 12.9 12.5 12.5 12.9 11.7 14.7 17.3 16.5 35.6 29.5 23.7 29.0 18.2 25.7 15.2 12.4
357 DeAndre Jordan DEN 35 34 23 11 386.0 15.0 18.2 13.1 0.0 0.0 25.0 34.4 50.0 38.3 41.7 13.1 19.7 14.6 33.3 22.4 28.6 36.1 17.0
358 Filip Petrusev SAC 23 3 2 1 9.0 15.0 11.1 14.3 0.0 0.0 50.0 40.0 0.0 11.1 11.1 0.0 0.0 0.0 0.0 0.0 50.0 20.0 13.6
359 Stanley Umude DET 24 24 4 20 307.0 15.0 15.0 15.8 33.8 28.5 23.6 20.9 14.3 18.8 17.9 6.7 12.1 22.9 24.1 11.4 26.1 18.1 18.5
360 Jeff Green HOU 37 70 36 34 1162.0 15.0 15.4 14.9 14.7 15.1 22.3 21.4 14.7 14.6 14.6 11.3 14.1 6.7 21.9 10.4 17.9 18.7 16.6
361 Damian Jones CLE 28 34 22 12 249.0 14.9 20.6 15.7 3.6 6.5 30.5 23.6 39.1 25.0 28.1 11.5 15.3 25.9 60.0 15.8 29.9 24.1 19.9
362 Chris Paul GSW 38 50 27 23 1316.0 14.9 15.0 15.9 17.5 16.5 9.8 9.2 5.5 19.7 16.0 43.3 16.7 28.6 3.0 7.6 16.2 11.1 14.6
363 Daniel Theis LAC 31 55 37 18 915.0 14.8 16.7 15.3 8.5 9.0 10.5 11.8 43.5 23.0 27.7 11.8 16.7 13.0 39.7 27.0 28.4 14.9 14.8
364 Leonard Miller MIN 20 11 10 1 33.0 14.8 26.9 19.0 12.5 12.5 0.0 0.0 66.7 50.0 52.2 27.8 7.1 9.1 25.0 16.7 26.7 0.0 23.4
365 Troy Brown Jr. DET 24 51 29 22 632.0 14.8 13.9 16.3 25.8 26.7 11.2 10.5 14.4 20.3 18.9 15.0 12.6 13.6 3.1 12.7 13.0 10.2 14.8
366 Matt Ryan NOP 26 24 13 11 375.0 14.8 15.3 16.2 39.8 32.7 9.3 7.5 6.9 12.7 11.2 8.5 14.6 10.0 2.6 2.5 20.0 9.9 17.2
367 Alex Caruso CHI 30 66 32 34 1864.0 14.8 15.1 15.0 28.4 24.8 10.0 10.7 15.8 15.5 15.6 22.8 19.1 34.6 32.7 11.4 25.2 17.1 15.7
368 Luguentz Dort OKC 24 72 50 22 2049.0 14.8 13.2 15.4 25.1 25.1 14.2 14.1 19.3 13.5 14.7 8.7 12.8 19.1 15.1 13.9 25.8 18.1 14.6
369 E.J. Liddell NOP 23 8 3 5 23.0 14.8 6.3 16.2 0.0 27.8 11.8 9.5 0.0 35.7 26.3 16.7 25.0 33.3 66.7 0.0 50.0 7.7 7.7
370 Braxton Key DEN 27 19 13 6 59.0 14.7 15.2 16.3 15.4 10.4 22.2 24.0 50.0 33.3 35.6 28.1 7.7 22.2 14.3 33.3 16.7 22.2 16.3
370 Ty Jerome CLE 26 2 1 1 15.0 14.7 15.4 14.8 0.0 9.1 0.0 0.0 33.3 0.0 10.0 42.9 25.0 0.0 0.0 0.0 20.0 0.0 12.5
372 Killian Hayes DET 22 42 7 35 1008.0 14.7 13.3 15.3 10.1 11.9 10.8 12.4 5.6 15.8 13.6 34.7 15.7 28.8 18.9 9.8 17.2 14.5 12.6
373 T.J. Warren MIN 30 8 5 3 106.0 14.6 13.5 15.9 6.5 13.1 3.2 5.3 17.9 15.6 16.2 12.5 14.8 15.0 11.1 10.0 26.8 2.5 11.4
374 Tre Jones SAS 24 70 17 53 1901.0 14.6 15.6 14.5 11.2 11.2 15.6 14.1 12.5 14.4 13.9 35.3 17.5 22.3 2.7 14.5 12.7 16.7 15.1
375 Colin Castleton LAL 23 10 5 5 45.0 14.6 23.3 15.3 0.0 0.0 22.2 17.4 57.1 24.0 31.3 17.6 13.3 12.5 0.0 16.7 52.6 15.4 22.0
376 Johnny Juzang UTA 23 14 3 11 209.0 14.5 15.3 17.1 26.7 28.9 1.7 1.4 10.0 11.4 11.1 10.0 9.7 0.0 0.0 12.5 20.5 5.5 15.0
377 Mason Plumlee LAC 34 39 25 14 556.0 14.5 15.0 12.4 0.0 0.3 27.5 31.1 48.6 38.4 40.7 14.4 17.7 12.9 25.0 18.3 25.4 30.1 15.3
378 Cedi Osman SAS 28 71 17 54 1251.0 14.5 16.7 15.9 25.6 22.5 8.6 10.0 9.4 18.5 16.3 15.6 12.6 20.0 7.4 14.2 20.7 14.5 16.6
379 Orlando Robinson MIA 23 33 18 15 300.0 14.5 14.7 14.1 8.9 7.2 16.5 17.9 43.1 27.7 31.5 21.1 17.5 17.9 47.1 20.6 28.7 19.4 14.2
380 Neemias Queta BOS 24 26 22 4 296.0 14.5 18.1 14.6 0.0 0.0 17.5 19.4 48.4 28.9 35.0 8.4 13.7 25.6 48.4 34.6 39.0 19.6 15.4
381 Kobi Simmons TOR 26 3 0 3 57.0 14.5 17.1 18.0 11.1 16.7 0.0 0.0 14.3 10.7 11.4 32.1 5.9 41.7 16.7 20.0 26.7 10.0 13.9
382 Derrick Jones Jr. DAL 27 69 42 27 1611.0 14.5 15.1 14.8 16.5 16.4 15.6 16.8 22.1 14.2 16.0 7.9 14.0 20.9 23.5 16.7 17.3 17.1 15.3
383 Doug McDermott IND 32 58 18 40 833.0 14.5 14.7 16.2 38.1 31.6 4.5 5.8 5.3 8.4 7.7 12.6 11.2 12.5 2.0 8.8 18.3 4.3 16.1
384 Xavier Tillman BOS 25 47 25 22 890.0 14.5 14.7 15.3 5.7 9.3 7.9 13.8 32.7 22.5 25.2 14.7 12.3 27.3 33.1 20.6 20.3 12.6 12.6
385 Charlie Brown Jr. NYK 27 8 2 6 37.0 14.5 6.9 14.9 20.0 23.3 0.0 0.0 10.0 3.8 5.6 0.0 16.7 0.0 40.0 100 33.3 9.1 7.9
386 Chris Duarte SAC 26 54 32 22 690.0 14.4 13.2 15.7 21.7 21.6 13.4 12.0 14.4 16.4 15.8 11.4 11.6 25.7 14.0 15.9 26.8 17.4 14.3
387 Daniel Gafford DAL 25 67 25 42 1655.0 14.4 19.6 13.5 0.0 0.0 23.2 25.9 55.4 29.4 35.3 10.0 15.0 23.6 58.5 18.9 30.8 25.0 18.1
388 Gui Santos GSW 21 20 14 6 158.0 14.4 15.5 14.2 22.0 16.2 26.4 22.1 30.0 22.1 24.3 12.2 14.3 15.8 10.0 22.2 26.8 16.9 17.7
389 Isaiah Stewart DET 22 46 9 37 1423.0 14.3 15.0 14.8 21.5 19.7 12.9 13.6 22.4 22.8 22.7 9.2 13.9 9.6 24.7 9.6 15.8 16.1 15.3
390 Patrick Beverley MIL 35 68 41 27 1334.0 14.3 13.1 14.6 18.2 18.9 12.5 12.4 14.3 18.5 17.5 30.8 18.5 17.3 19.6 8.7 21.0 15.6 13.5
391 Herbert Jones NOP 25 68 42 26 2038.0 14.3 14.6 14.4 21.3 19.1 17.0 15.1 16.8 11.9 13.0 15.1 15.2 27.1 26.4 17.4 24.6 16.3 15.6
392 Olivier-Maxence Prosper DAL 21 35 21 14 263.0 14.3 12.0 14.9 11.6 16.3 24.7 24.1 25.6 23.2 23.9 15.2 6.9 14.7 15.8 17.9 17.9 19.3 13.9
393 Andrew Funk CHI 24 2 1 1 3.0 14.3 0.0 16.7 0.0 0.0 0.0 0.0 0.0 0.0 0.0 0.0 0.0 0.0 0.0 100 0.0 0.0 0.0
393 JD Davison BOS 21 6 6 0 11.0 14.3 22.2 17.6 50.0 30.0 40.0 25.0 25.0 20.0 21.4 14.3 0.0 0.0 0.0 0.0 20.0 25.0 29.6
393 Jay Huff DEN 26 17 13 4 44.0 14.3 21.9 17.8 25.0 22.5 15.4 12.5 33.3 33.3 33.3 8.7 6.7 14.3 33.3 0.0 33.3 10.0 21.3
396 Malik Beasley MIL 27 71 44 27 2122.0 14.2 15.1 16.4 32.0 28.6 2.9 3.2 9.7 14.1 13.2 8.1 9.4 19.2 3.7 13.9 18.4 4.4 15.3
397 Maozinha Pereira MEM 23 5 1 4 55.0 14.2 18.4 14.8 7.7 11.6 15.0 16.7 38.1 20.0 25.8 4.0 13.3 26.7 50.0 14.3 27.3 17.4 16.5
398 Davion Mitchell SAC 25 64 38 26 908.0 14.1 15.2 15.4 17.9 17.1 8.9 9.1 7.5 10.0 9.4 20.9 13.8 11.8 4.4 13.3 19.9 12.8 14.7
399 Richaun Holmes WAS 30 40 13 27 554.0 14.1 16.9 13.8 0.8 0.8 18.3 18.7 49.0 29.7 35.1 8.5 15.4 13.6 42.2 25.7 29.8 16.4 15.6
400 Grayson Allen PHX 28 68 40 28 2284.0 14.0 14.8 14.8 30.1 25.7 12.7 11.6 9.3 13.5 12.6 16.0 13.0 18.6 15.6 10.0 16.9 13.2 16.1
401 Jeremiah Robinson-Earl NOP 23 33 18 15 308.0 14.0 16.3 15.5 17.9 17.3 9.9 9.3 24.4 22.2 22.8 12.8 12.3 22.7 17.4 11.5 18.5 9.9 15.3
402 Bilal Coulibaly WAS 19 63 11 52 1715.0 13.9 12.8 13.6 15.0 14.9 15.7 16.8 17.4 18.8 18.5 11.4 16.8 19.1 25.7 21.5 19.1 15.3 13.4
403 Robin Lopez MIL 36 16 10 6 65.0 13.9 13.2 16.2 9.5 13.6 20.0 13.3 23.1 5.0 9.4 13.8 8.3 10.0 75.0 16.7 24.1 28.6 13.1
404 Trey Lyles SAC 28 50 30 20 987.0 13.9 13.5 14.8 23.1 23.1 13.1 13.8 23.0 24.5 24.2 10.3 11.5 10.4 15.3 10.5 18.2 14.4 14.7
405 Sam Hauser BOS 26 71 56 15 1516.0 13.9 15.7 16.1 30.7 27.4 2.9 2.7 10.9 18.1 16.3 8.2 8.1 16.9 11.1 7.9 16.8 2.9 16.2
406 Dominick Barlow SAS 20 33 7 26 420.0 13.9 15.0 13.9 2.7 3.0 19.6 22.6 41.7 25.2 29.9 15.1 9.3 18.2 31.8 15.7 29.7 20.4 14.3
407 Nickeil Alexander-Walker MIN 25 74 51 23 1742.0 13.9 13.7 15.5 23.1 24.0 6.8 6.8 10.3 9.5 9.7 19.1 13.7 20.4 17.3 16.2 18.3 10.7 13.7
408 Bryce McGowens CHA 21 53 9 44 800.0 13.8 13.9 13.9 16.0 17.1 20.5 21.8 11.3 15.4 14.5 11.9 11.5 19.4 9.3 17.3 23.2 21.8 15.1
409 Kyle Anderson MIN 30 71 50 21 1624.0 13.8 13.7 13.7 2.3 3.8 14.1 15.3 17.7 17.4 17.5 35.0 17.5 21.8 18.3 11.5 17.1 13.8 12.5
410 Julian Champagnie SAS 22 67 15 52 1237.0 13.8 12.4 14.7 25.6 25.4 13.7 13.5 14.0 16.2 15.7 10.8 12.1 19.7 18.9 14.8 17.4 11.3 14.1
411 MarJon Beauchamp MIL 23 46 30 16 593.0 13.8 14.2 14.6 16.9 16.7 8.4 9.6 20.4 18.3 18.7 9.7 15.3 12.5 10.5 22.9 19.1 8.8 13.6
412 Onuralp Bitim CHI 25 18 8 10 226.0 13.8 15.2 16.0 20.8 24.1 3.8 3.9 10.3 16.1 14.5 10.4 11.9 9.4 11.1 16.0 24.1 7.5 14.0
413 Blake Wesley SAS 21 54 15 39 730.0 13.8 13.3 12.6 4.7 7.8 18.6 21.0 10.1 12.1 11.7 33.0 20.6 23.4 11.0 14.3 26.9 16.1 13.2
414 Isaac Okoro CLE 23 65 39 26 1781.0 13.8 14.7 14.4 16.0 14.9 15.5 17.2 17.9 10.7 12.3 12.0 11.2 20.6 18.3 19.5 20.7 15.8 15.0
415 Garrett Temple TOR 37 21 4 17 150.0 13.8 14.8 14.5 23.5 18.5 18.4 16.1 23.5 24.1 24.0 19.0 11.3 24.2 10.0 13.0 26.9 19.6 16.2
415 Trevelin Queen ORL 27 13 5 8 163.0 13.8 11.5 14.9 5.7 13.3 15.0 14.1 11.1 15.2 14.4 21.4 12.7 23.3 29.4 0.0 20.8 17.5 11.2
417 Jared Rhoden DET 24 10 1 9 99.0 13.7 16.0 15.2 16.7 16.2 3.9 3.4 14.3 24.1 22.2 13.7 19.4 9.1 40.0 16.7 31.6 4.3 13.5
418 James Johnson IND 37 8 3 5 40.0 13.7 7.5 11.3 0.0 7.1 16.7 11.8 7.7 18.8 13.8 25.9 40.0 35.7 50.0 50.0 58.3 14.3 7.9
419 Rayan Rupert POR 19 31 5 26 373.0 13.7 11.7 13.7 15.4 14.2 15.5 13.9 16.7 20.2 19.1 19.9 15.3 10.3 7.4 20.3 22.0 11.4 12.6
420 Trey Jemison MEM 24 18 3 15 351.0 13.6 17.6 13.3 0.0 0.0 13.0 11.8 42.2 16.7 24.0 8.2 16.7 12.3 47.1 24.3 37.2 17.2 14.7
421 Taylor Hendricks UTA 20 33 11 22 686.0 13.5 14.4 15.2 22.1 22.2 8.3 8.9 24.1 23.7 23.8 5.6 9.5 19.4 33.8 12.5 25.6 7.3 14.3
422 Mike Muscala OKC 32 46 13 33 543.0 13.5 11.4 14.5 16.4 20.6 10.0 10.8 30.9 20.9 23.2 11.6 12.3 12.3 27.3 17.2 22.8 13.0 11.9
423 Jock Landale HOU 28 48 25 23 583.0 13.5 14.7 14.0 4.3 6.4 17.3 16.1 41.2 16.0 23.4 16.4 12.0 13.4 40.0 26.1 23.5 18.4 13.9
424 Chris Livingston MIL 20 17 11 6 72.0 13.5 12.1 14.4 4.5 7.8 12.5 9.5 16.7 26.5 24.6 12.8 17.4 25.0 0.0 27.3 22.9 7.1 11.2
425 Kris Murray POR 23 54 10 44 1065.0 13.5 13.0 14.5 15.3 19.1 7.3 9.0 19.5 17.0 17.7 14.0 12.2 27.4 17.2 16.5 15.8 11.1 12.5
426 Royce O'Neale PHX 30 71 32 39 1760.0 13.5 12.8 14.9 26.8 26.8 3.4 3.8 12.8 22.9 20.3 20.4 13.1 18.0 19.0 9.6 22.1 6.3 13.2
427 Jalen Wilson BKN 23 36 11 25 496.0 13.4 13.4 14.5 13.7 14.7 17.5 15.0 24.7 19.3 21.1 13.7 9.5 10.9 2.5 16.7 20.4 11.5 14.0
428 Matt Hurt MEM 23 8 2 6 113.0 13.4 15.6 17.4 20.0 23.5 5.9 4.3 25.7 10.0 15.2 9.8 4.4 16.7 25.0 10.0 21.6 9.6 13.9
429 Toumani Camara POR 23 70 19 51 1739.0 13.4 13.9 13.5 13.9 14.3 12.7 13.1 27.9 18.2 21.2 10.4 14.7 22.7 22.1 11.2 23.8 17.7 13.7
430 Onyeka Okongwu ATL 23 55 23 32 1405.0 13.4 17.7 13.7 5.5 6.0 14.6 15.2 44.8 25.2 30.3 9.6 11.7 11.6 50.4 16.7 29.2 14.7 15.7
431 Kessler Edwards SAC 23 48 29 19 245.0 13.3 16.1 16.6 30.5 25.3 5.7 8.0 13.6 18.6 17.2 9.0 4.1 19.0 17.4 22.7 24.2 13.6 16.4
432 Kris Dunn UTA 30 64 25 39 1202.0 13.3 12.7 13.1 11.3 11.3 4.4 5.7 15.0 16.3 15.9 33.4 20.7 34.4 22.4 10.9 25.7 6.9 11.4
433 Ochai Agbaji TOR 23 72 29 43 1458.0 13.3 13.2 14.7 16.7 18.8 5.4 6.5 19.6 12.9 14.6 8.8 11.8 22.0 20.9 21.0 17.7 7.3 12.4
434 Josh Hart NYK 29 73 43 30 2410.0 13.3 12.3 13.5 11.4 13.4 9.3 9.3 17.0 29.5 25.8 24.0 15.9 17.6 10.4 17.6 17.2 11.3 11.8
435 Taurean Prince LAL 30 71 39 32 1959.0 13.3 13.2 14.6 26.4 26.2 6.1 6.6 4.8 13.7 11.9 9.5 12.0 18.1 14.8 11.3 21.5 7.9 13.5
436 Jacob Toppin NYK 23 9 2 7 38.0 13.3 19.2 14.1 10.0 14.8 16.7 14.3 60.0 20.0 28.0 20.0 8.3 0.0 50.0 25.0 23.1 7.1 17.6
437 Terance Mann LAC 27 67 43 24 1698.0 13.2 14.4 14.6 15.3 16.5 10.7 10.8 21.5 12.5 14.6 12.3 8.8 14.9 9.6 19.4 20.6 11.2 13.9
438 Dorian Finney-Smith BKN 30 65 26 39 1852.0 13.2 13.5 14.5 20.8 21.7 5.7 5.8 25.6 15.8 18.2 10.7 11.4 20.8 19.6 10.4 21.1 6.6 13.4
439 Noah Clowney BKN 19 16 7 9 164.0 13.1 13.0 13.3 9.3 13.7 12.3 15.2 23.4 27.8 26.3 11.3 12.2 13.8 23.1 10.3 19.4 15.6 12.5
440 Kyle Lowry PHI 38 55 27 28 1560.0 13.1 12.4 13.0 22.0 21.2 10.2 9.9 10.0 14.5 13.4 28.8 18.3 23.3 14.9 10.1 21.6 15.9 13.2
441 Drew Eubanks PHX 27 68 37 31 1069.0 13.1 16.5 12.4 1.3 0.4 15.6 17.0 42.5 27.2 30.8 11.0 17.3 16.6 37.9 20.4 26.1 18.4 14.8
442 Nick Richards CHA 26 64 13 51 1702.0 13.1 17.9 11.9 0.0 0.1 26.1 27.6 48.4 32.9 36.7 6.1 13.3 10.4 44.8 19.9 26.8 24.6 17.1
443 Jeff Dowtin Jr. PHI 26 7 2 5 86.0 13.1 14.7 12.7 28.0 21.9 8.3 6.1 8.0 16.7 13.9 34.0 23.8 36.4 9.1 5.3 3.8 7.7 15.6
444 Kendall Brown IND 20 12 7 5 43.0 13.0 18.8 12.8 0.0 4.0 41.7 42.1 15.8 3.6 8.5 19.0 5.0 0.0 0.0 0.0 29.4 40.0 21.5
445 Chuma Okeke ORL 25 43 22 21 421.0 13.0 13.2 15.2 20.5 23.4 2.8 3.4 17.1 21.0 19.9 10.6 11.5 15.5 15.9 6.1 10.9 2.6 12.4
446 Max Christie LAL 21 61 34 27 909.0 13.0 12.4 14.1 18.3 19.6 9.3 9.3 9.6 17.2 16.0 10.8 12.8 15.0 15.0 22.0 17.8 7.3 12.4
447 Jaylin Williams OKC 21 61 43 18 768.0 13.0 11.6 13.8 19.2 20.8 9.1 9.3 22.1 33.1 30.8 20.1 13.3 17.6 31.6 11.8 28.0 15.4 12.2
448 Yuta Watanabe MEM 29 34 18 16 464.0 12.9 10.9 14.0 21.2 25.4 5.9 7.9 11.2 14.1 13.4 6.6 12.7 16.7 11.3 10.7 21.8 7.3 11.2
449 Tristan Thompson CLE 33 45 27 18 532.0 12.9 15.7 11.7 0.0 0.2 8.2 18.1 53.8 25.7 32.9 17.6 18.2 17.6 35.9 23.8 25.8 23.1 12.4
450 Olivier Sarr OKC 25 14 7 7 95.0 12.9 14.3 11.7 6.5 8.0 32.3 39.5 43.5 33.3 35.7 4.7 8.6 0.0 53.8 0.0 56.3 33.3 15.7
451 Delon Wright MIA 31 44 13 31 674.0 12.9 11.5 14.1 11.0 11.9 14.6 13.8 12.6 13.8 13.6 29.2 6.3 40.7 17.9 12.0 11.6 15.0 12.0
452 Josh Green DAL 23 54 31 23 1436.0 12.9 13.4 13.4 15.6 15.2 7.4 8.3 13.8 14.2 14.1 15.9 15.3 21.7 7.0 24.0 17.7 11.7 12.8
453 Dylan Windler ATL 27 16 9 7 82.0 12.8 15.7 16.0 37.5 31.7 0.0 0.0 7.1 20.3 17.8 19.6 4.3 15.4 0.0 0.0 15.2 4.2 16.3
454 Keyontae Johnson OKC 23 9 7 2 66.0 12.8 9.6 14.0 6.7 6.8 0.0 0.0 28.6 11.8 15.4 12.9 13.8 10.0 0.0 33.3 27.8 0.0 7.9
455 Keita Bates-Diop BKN 28 53 29 24 665.0 12.8 13.7 14.8 14.2 16.6 10.8 11.3 21.7 18.1 19.0 11.3 7.2 27.5 22.4 21.3 14.0 9.1 13.2
456 Dru Smith MIA 26 9 7 2 131.0 12.8 16.7 14.1 25.9 18.5 3.5 3.2 20.7 9.9 12.7 28.0 13.5 34.6 23.1 8.3 25.5 10.3 14.8
457 Oshae Brissett BOS 25 48 40 8 561.0 12.8 11.8 12.1 7.4 9.6 23.8 27.7 32.1 21.3 24.3 11.9 10.1 19.3 8.2 12.8 22.6 22.3 12.7
458 KJ Martin PHI 23 56 29 27 668.0 12.8 14.6 13.1 4.8 6.1 8.8 12.0 21.3 20.7 20.8 13.2 14.4 16.7 12.2 24.7 31.2 10.8 12.7
459 Goga Bitadze ORL 24 57 32 25 933.0 12.7 15.8 12.0 1.0 2.2 15.1 17.2 46.0 26.9 32.0 17.6 14.5 20.3 53.8 15.5 26.5 18.9 14.3
460 Nassir Little PHX 24 40 24 16 446.0 12.7 15.2 14.8 21.6 22.8 9.8 9.2 13.0 19.0 17.4 10.0 8.7 13.5 13.9 12.8 20.4 10.8 14.9
461 Thaddeus Young PHX 35 29 9 20 407.0 12.7 17.2 13.8 1.0 2.3 3.5 7.4 43.8 21.6 27.6 22.0 12.5 31.3 13.2 20.4 29.7 8.8 13.5
462 Walker Kessler UTA 22 63 26 37 1484.0 12.6 18.0 12.9 1.1 1.8 9.6 12.9 45.0 29.9 33.8 7.3 13.2 15.5 71.8 17.4 25.1 14.3 14.8
463 Ben Simmons BKN 27 15 7 8 359.0 12.6 13.3 10.6 0.0 0.0 7.5 13.8 37.8 33.5 34.5 38.9 29.3 22.2 26.5 10.3 28.1 18.4 11.1
464 Javonte Green CHI 30 3 2 1 51.0 12.6 12.0 12.5 27.3 17.2 0.0 0.0 37.5 20.0 22.9 7.1 21.4 33.3 50.0 0.0 21.4 0.0 12.2
465 Kenrich Williams OKC 29 61 44 17 881.0 12.6 13.7 14.8 18.7 20.0 1.5 2.9 30.8 21.4 23.6 16.4 8.8 20.8 6.9 14.7 24.6 8.5 12.4
466 Furkan Korkmaz PHI 26 35 22 13 300.0 12.6 11.5 14.2 19.4 19.8 8.4 9.4 5.6 14.2 11.8 15.8 10.5 21.2 10.7 6.9 12.5 10.5 11.6
467 Kentavious Caldwell-Pope DEN 31 69 49 20 2195.0 12.5 11.5 13.1 20.5 20.0 13.2 11.1 6.1 9.0 8.3 11.8 12.4 27.8 16.7 7.2 18.2 11.1 12.6
468 Cason Wallace OKC 20 74 52 22 1528.0 12.5 14.3 14.2 21.3 19.5 4.9 5.3 17.0 12.3 13.3 12.4 9.0 20.3 15.2 11.3 18.9 6.4 13.8
468 D.J. Carton TOR 23 4 2 2 36.0 12.5 13.0 12.9 20.0 15.4 26.7 31.3 33.3 9.5 14.8 21.4 7.7 20.0 0.0 0.0 17.6 25.0 16.7
468 Isaiah Mobley CLE 24 6 1 5 51.0 12.5 11.9 14.8 11.1 16.7 0.0 0.0 0.0 18.8 14.6 22.2 7.1 16.7 0.0 0.0 35.7 0.0 11.0
471 Gary Payton II GSW 31 39 23 16 596.0 12.5 16.0 13.8 8.7 9.2 4.9 6.4 26.1 14.9 18.1 12.2 12.7 27.5 24.2 17.5 26.5 9.4 13.4
472 Torrey Craig CHI 33 46 19 27 934.0 12.5 12.7 13.1 25.6 22.5 8.1 8.6 27.2 21.1 22.8 11.1 13.3 16.7 23.8 10.3 26.5 8.4 13.4
473 Dereck Lively II DAL 20 55 35 20 1294.0 12.4 18.2 12.2 0.0 0.2 9.5 13.8 51.7 26.5 32.1 8.2 15.9 20.5 51.7 18.2 31.8 14.4 14.7
474 Josh Okogie PHX 25 56 34 22 949.0 12.4 10.7 12.2 12.3 14.4 16.9 18.3 32.2 12.2 17.5 13.4 11.1 28.7 19.8 16.5 18.5 21.8 12.1
475 Thanasis Antetokounmpo MIL 31 29 19 10 136.0 12.3 12.0 11.6 0.0 0.9 0.0 5.1 28.6 6.5 10.6 19.7 20.7 21.7 30.8 23.1 37.7 15.6 9.0
476 Ben Sheppard IND 22 50 27 23 666.0 12.3 11.5 14.0 23.3 26.1 9.7 8.7 6.7 15.1 12.9 10.2 6.2 21.1 2.6 12.9 24.1 7.1 12.4
477 Dalen Terry CHI 21 52 24 28 557.0 12.3 10.2 12.0 12.5 18.2 10.2 12.1 15.2 18.4 17.5 24.1 17.2 22.3 19.0 7.5 27.1 11.1 10.4
478 Cam Reddish LAL 24 46 27 19 961.0 12.3 10.5 13.1 16.6 17.5 11.3 11.5 14.7 10.5 11.4 8.7 10.3 26.3 12.7 19.1 18.9 11.4 11.2
479 Haywood Highsmith MIA 27 58 34 24 1153.0 12.3 13.7 14.0 23.3 20.6 5.2 6.2 22.3 14.8 16.4 9.6 9.0 24.0 29.2 13.5 25.1 8.2 13.3
480 Dyson Daniels NOP 21 53 30 23 1149.0 12.3 11.2 12.4 11.0 14.5 7.0 8.5 19.9 18.0 18.5 22.1 17.6 34.9 18.9 10.4 18.7 8.1 10.5
481 Anthony Black ORL 20 65 37 28 1134.0 12.3 11.9 12.2 14.2 13.2 11.2 13.6 13.6 13.9 13.8 15.7 13.5 18.6 14.0 13.6 23.2 16.2 12.0
482 Trent Forrest ATL 25 36 18 18 388.0 12.3 9.8 12.3 2.1 3.6 11.4 11.2 12.0 15.7 14.7 39.2 16.7 16.7 7.3 12.5 18.7 11.4 9.2
483 Robert Williams III POR 26 6 2 4 119.0 12.2 18.1 11.6 0.0 0.0 15.6 15.0 32.4 34.6 33.9 10.0 21.2 31.8 46.7 19.0 30.9 16.3 16.0
484 Caleb Houstan ORL 21 56 30 26 791.0 12.2 12.4 14.3 34.0 30.8 7.1 6.6 14.2 10.0 11.2 7.4 7.0 12.9 3.6 1.6 18.7 5.6 14.2
485 Dereon Seabron NOP 23 6 3 3 55.0 12.2 8.5 14.1 6.3 6.9 17.2 18.2 10.0 12.5 12.1 16.7 0.0 33.3 16.7 20.0 15.4 14.3 10.1
486 Isaiah Livers WAS 25 23 1 22 469.0 12.2 10.2 13.6 19.1 22.8 6.8 7.6 15.2 11.5 12.5 10.2 10.5 19.1 13.5 14.8 20.2 7.9 10.6
487 Julian Phillips CHI 20 40 20 20 323.0 12.1 11.3 12.9 15.6 18.6 11.2 11.5 13.5 11.3 11.9 7.5 11.6 12.3 16.7 15.9 26.3 14.3 11.8
488 Gary Harris ORL 29 47 31 16 1080.0 12.1 13.0 13.8 26.8 25.1 7.3 7.5 10.1 7.8 8.3 13.0 8.4 21.9 11.6 4.7 16.8 7.1 13.3
489 Jaxson Hayes LAL 23 63 36 27 759.0 12.0 16.2 11.3 0.0 1.6 17.7 20.6 46.1 22.0 26.6 6.7 14.3 26.2 38.7 19.2 39.1 25.3 14.5
490 Alex Len SAC 30 40 21 19 369.0 11.9 13.5 10.3 0.0 0.9 15.7 19.5 42.7 25.9 30.4 17.6 22.9 16.9 60.0 23.8 31.1 19.2 11.9
491 Udoka Azubuike PHX 24 14 10 4 107.0 11.9 17.4 11.7 0.0 0.0 6.7 16.2 39.3 29.2 32.0 7.3 12.5 8.3 30.0 16.7 39.5 17.0 14.1
492 Ish Smith CHA 35 43 6 37 741.0 11.9 10.9 11.5 2.6 1.7 1.5 1.5 7.5 13.8 12.3 38.0 23.0 18.9 5.4 8.3 17.4 5.4 8.8
493 Jordan McLaughlin MIN 27 48 30 18 506.0 11.9 13.2 13.0 24.7 19.1 5.9 6.3 17.0 13.9 14.5 28.4 11.8 30.3 12.3 10.9 14.4 11.9 13.8
494 Gabe Vincent LAL 27 6 3 3 141.0 11.9 11.9 14.6 7.7 20.0 1.7 2.6 8.3 3.7 4.6 24.2 6.4 25.0 0.0 7.7 25.9 4.7 9.6
495 Johnny Davis WAS 22 44 7 37 498.0 11.8 11.2 13.7 6.7 8.9 5.7 7.2 16.4 13.5 14.2 9.3 5.6 17.7 18.0 12.5 17.6 9.0 10.0
496 Cody Zeller NOP 31 40 24 16 304.0 11.8 9.1 10.1 1.2 1.3 17.3 21.3 49.0 29.7 35.7 21.6 18.3 14.5 31.3 25.0 32.1 28.7 9.7
497 Wesley Matthews ATL 37 33 10 23 396.0 11.7 10.3 12.7 20.5 19.9 10.3 10.9 11.1 17.0 15.6 11.0 8.7 24.2 25.0 11.1 23.0 12.0 11.6
498 Danuel House Jr. PHI 30 34 21 13 509.0 11.6 11.2 11.2 16.5 17.3 13.6 15.1 13.3 12.2 12.5 12.6 14.6 13.8 10.6 11.1 18.4 16.7 12.2
499 Al Horford BOS 37 60 47 13 1634.0 11.6 13.2 12.7 17.0 16.1 4.5 4.1 23.2 25.7 25.2 17.9 10.9 17.1 26.1 8.3 16.5 4.6 12.6
500 Keon Ellis SAC 24 49 30 19 773.0 11.6 11.4 12.2 20.6 20.3 7.4 8.1 13.1 13.4 13.3 14.2 12.9 31.8 28.6 6.4 27.5 12.8 12.1
501 Jae'Sean Tate HOU 28 64 32 32 1029.0 11.5 12.6 12.0 7.9 9.6 6.9 8.0 26.1 18.2 20.1 13.0 13.3 21.6 16.1 14.0 29.4 13.3 11.1
502 Tosan Evbuomwan DET 23 14 1 13 276.0 11.4 12.6 11.5 15.5 13.8 13.8 16.3 24.1 17.6 19.1 7.8 8.4 8.6 10.5 12.9 18.0 16.1 13.1
503 Jacob Gilyard BKN 25 39 12 27 669.0 11.3 11.7 12.0 23.6 20.4 1.0 0.8 5.8 9.1 8.3 35.8 15.3 27.2 7.2 5.1 13.9 6.2 12.0
504 Isaiah Hartenstein NYK 25 68 42 26 1698.0 11.3 13.4 10.2 0.2 0.2 15.6 17.0 50.5 29.3 35.0 17.0 17.3 26.6 48.1 14.7 29.5 18.0 12.3
505 Jason Preston UTA 24 4 1 3 30.0 11.3 6.5 10.2 0.0 0.0 0.0 0.0 42.9 16.7 22.6 35.0 28.6 20.0 0.0 0.0 9.1 0.0 5.1
506 Joe Ingles ORL 36 60 38 22 1033.0 11.2 9.7 11.4 25.4 22.9 6.0 5.5 9.0 16.5 14.7 30.0 17.9 22.0 3.7 5.4 18.4 6.1 10.6
507 Amir Coffey LAC 26 62 42 20 1216.0 11.2 12.6 12.3 17.7 16.4 10.3 9.8 8.8 12.2 11.3 10.4 8.6 18.3 8.0 9.7 18.5 9.5 12.8
508 Jarred Vanderbilt LAL 24 29 14 15 581.0 11.1 11.2 10.8 5.3 7.2 10.9 12.5 35.3 24.1 26.6 10.4 15.2 29.5 8.1 18.8 22.2 16.9 10.5
509 Frank Ntilikina CHA 25 5 0 5 43.0 11.1 2.6 11.0 5.6 18.2 14.3 9.1 14.3 15.6 15.4 13.3 12.5 0.0 0.0 0.0 22.2 5.9 4.6
510 Jae Crowder MIL 33 43 24 19 999.0 11.1 11.9 12.5 16.3 16.7 5.6 5.7 13.5 16.7 16.1 11.0 7.8 22.6 7.7 8.8 18.4 7.4 11.5
511 JT Thor CHA 21 56 13 43 660.0 11.0 11.0 12.7 12.8 14.3 3.2 4.7 24.8 17.9 19.7 7.4 6.9 10.3 36.2 21.4 18.8 5.2 10.0
512 Charles Bassey SAS 23 19 3 16 205.0 11.0 15.8 10.0 0.0 0.6 9.6 9.0 46.0 39.6 41.3 17.4 21.4 25.0 60.7 5.0 37.8 14.1 13.2
513 Larry Nance Jr. NOP 31 55 32 23 1082.0 10.8 13.5 11.0 8.2 7.3 9.4 9.9 37.3 26.9 29.3 15.3 13.3 27.3 19.4 11.9 21.1 16.1 12.2
514 Luke Kornet BOS 28 55 42 13 850.0 10.8 16.0 10.8 0.0 0.0 17.1 16.1 45.6 20.0 27.0 12.4 9.5 19.0 53.4 14.1 27.3 22.5 13.8
515 Terry Taylor CHI 24 30 12 18 178.0 10.8 12.0 11.4 6.1 8.3 3.8 4.1 41.7 15.9 21.6 10.3 16.3 13.8 11.1 9.1 27.0 3.2 10.4
516 Cory Joseph GSW 32 26 10 16 296.0 10.8 8.7 11.5 13.5 17.9 4.0 5.1 7.5 11.7 10.5 24.6 13.5 10.0 10.0 5.1 18.7 7.4 8.7
517 Jordan Walsh BOS 20 6 6 0 40.0 10.8 7.5 10.5 0.0 11.4 0.0 0.0 21.4 29.4 27.1 14.8 18.2 22.2 33.3 0.0 35.3 0.0 5.9
518 Maxwell Lewis LAL 21 28 14 14 88.0 10.7 5.9 10.8 10.0 11.3 0.0 0.0 7.1 3.3 4.1 15.6 19.0 18.2 11.1 22.2 10.8 4.0 4.9
519 Kevon Looney GSW 28 67 38 29 1108.0 10.7 13.4 10.2 0.0 0.1 13.7 16.0 42.6 32.4 35.2 19.5 13.5 17.6 27.4 22.4 32.4 15.5 11.6
520 Juan Toscano-Anderson SAC 30 11 7 4 53.0 10.6 7.5 12.9 7.7 10.0 0.0 0.0 22.2 22.7 22.6 14.3 9.1 16.7 10.0 66.7 42.3 0.0 6.4
521 Matisse Thybulle POR 27 65 18 47 1487.0 10.5 10.4 11.7 21.9 22.2 4.2 4.6 9.3 12.1 11.3 12.6 8.9 40.1 32.5 6.0 14.8 7.3 10.7
522 Pete Nance CLE 24 4 2 2 11.0 10.5 0.0 15.4 0.0 0.0 0.0 0.0 0.0 28.6 28.6 0.0 0.0 0.0 0.0 0.0 50.0 0.0 0.0
523 Bismack Biyombo OKC 31 37 18 19 758.0 10.5 10.4 8.8 0.0 0.0 11.3 17.2 35.9 25.8 28.2 13.2 17.9 11.5 36.5 12.7 27.5 16.1 9.2
524 Sidy Cissoko SAS 19 6 1 5 32.0 10.5 3.7 9.4 0.0 13.8 25.0 19.0 0.0 22.2 16.2 0.0 11.1 37.5 0.0 25.0 18.2 15.4 7.8
525 Joe Harris DET 32 16 4 12 170.0 10.4 9.9 12.6 23.8 25.4 1.5 2.3 7.5 9.6 9.0 11.4 7.3 13.6 8.7 16.7 22.4 5.5 10.0
526 Robert Covington PHI 33 29 20 9 488.0 10.4 10.3 11.2 15.6 17.6 11.1 11.1 26.5 19.8 21.5 9.6 7.7 36.8 32.7 11.5 26.2 10.2 11.0
527 Garrison Mathews ATL 27 58 27 31 825.0 10.4 11.1 11.5 26.8 22.4 11.0 10.7 8.8 12.5 11.6 6.8 6.9 12.0 11.5 4.2 29.5 17.4 13.1
528 Pat Connaughton MIL 31 68 43 25 1473.0 10.3 10.5 11.1 17.9 17.8 5.8 6.0 16.1 16.7 16.6 17.1 11.3 15.7 11.9 5.6 14.2 8.2 10.5
529 Justin Holiday DEN 34 51 33 18 746.0 10.2 11.4 12.1 25.6 24.2 1.3 1.3 5.0 10.8 9.4 12.5 5.6 24.4 7.6 2.6 19.6 3.4 11.5
530 Dean Wade CLE 27 54 36 18 1108.0 10.1 10.3 11.6 24.8 23.2 5.1 5.0 15.0 22.3 20.6 6.9 6.7 21.5 21.0 2.5 23.9 8.2 11.3
531 Leaky Black CHA 24 22 1 21 218.0 10.1 9.6 9.8 14.3 10.3 13.0 15.7 18.2 20.3 19.8 18.9 8.3 20.8 23.1 22.7 20.0 14.7 10.6
532 Kobe Brown LAC 24 38 25 13 299.0 10.1 10.3 11.8 16.2 19.4 1.0 1.6 11.8 20.8 17.9 11.5 8.2 17.1 10.0 10.5 30.2 2.7 9.5
533 Justin Minaya POR 25 28 2 26 216.0 10.0 7.5 10.5 14.3 16.8 5.6 8.0 21.5 13.2 15.9 10.6 10.0 18.2 43.8 11.5 20.5 9.0 7.9
534 Mitchell Robinson NYK 26 23 13 10 645.0 10.0 11.7 9.1 0.0 0.0 7.2 13.7 59.7 25.8 36.6 4.9 13.9 31.4 69.0 15.1 20.5 15.4 9.5
535 Wendell Moore Jr. MIN 22 19 15 4 53.0 9.9 11.4 11.3 0.0 10.0 0.0 0.0 0.0 20.0 15.9 7.7 13.0 38.5 20.0 0.0 14.8 0.0 8.9
536 Reggie Bullock Jr. HOU 33 36 21 15 346.0 9.9 10.1 11.5 26.4 23.3 0.9 0.7 7.4 23.1 19.3 8.3 7.6 17.0 8.6 4.7 14.4 2.6 10.7
537 R.J. Hampton MIA 23 8 3 5 76.0 9.8 6.0 10.1 4.8 13.3 3.1 4.4 14.3 6.5 7.9 20.0 15.8 0.0 0.0 11.1 30.8 3.3 5.3
538 John Konchar MEM 28 55 18 37 1174.0 9.6 9.5 9.8 11.1 12.8 5.9 5.3 26.7 24.3 24.9 18.0 12.0 25.8 29.7 8.2 17.0 8.5 9.2
539 Andre Jackson Jr. MIL 22 50 31 19 514.0 9.6 10.4 9.6 9.8 9.7 4.1 4.4 38.0 17.7 22.6 17.1 15.6 20.0 8.0 4.8 32.7 5.4 9.4
540 Darius Bazley UTA 23 3 0 3 10.0 9.5 0.0 6.7 0.0 0.0 0.0 0.0 0.0 25.0 20.0 28.6 33.3 0.0 0.0 100 0.0 0.0 0.0
541 Maxi Kleber DAL 32 37 23 14 752.0 9.5 8.1 9.5 10.7 13.2 7.4 8.8 20.0 18.4 18.7 15.2 12.1 14.3 35.0 6.3 25.5 11.2 8.3
542 Dariq Whitehead BKN 19 2 1 1 24.0 9.4 4.5 10.0 0.0 16.7 8.3 14.3 0.0 28.6 19.0 20.0 0.0 0.0 50.0 14.3 0.0 12.5 4.9
543 Jermaine Samuels Jr. HOU 25 11 6 5 53.0 9.2 16.0 11.3 0.0 6.1 12.5 9.1 18.2 24.3 22.9 8.0 0.0 16.7 20.0 25.0 16.7 17.6 14.6
544 Jalen Slawson SAC 24 9 6 3 31.0 9.0 12.0 9.3 0.0 9.1 0.0 0.0 8.3 35.3 24.1 11.1 15.4 33.3 33.3 0.0 41.2 9.1 9.5
544 Vit Krejci ATL 23 14 7 7 362.0 9.0 9.3 9.2 13.3 13.7 4.3 3.8 5.8 9.6 8.4 15.0 12.8 14.0 16.7 5.6 26.2 6.0 9.3
546 Dwight Powell DAL 32 58 36 22 763.0 8.9 10.0 6.9 0.4 0.3 19.4 21.3 51.5 20.8 28.4 18.8 14.2 19.8 42.2 19.4 33.3 26.8 10.3
547 Nicolas Batum PHI 35 53 29 24 1321.0 8.5 9.0 9.1 19.1 16.9 2.8 3.3 21.6 17.7 18.7 15.1 10.4 18.6 18.7 0.7 17.8 4.8 9.0
548 Micah Potter UTA 25 12 2 10 127.0 8.4 12.6 9.3 30.4 14.6 6.7 5.9 16.7 23.7 22.0 3.7 7.9 9.1 15.4 0.0 12.8 7.8 13.2
549 Mouhamed Gueye ATL 21 2 2 0 4.0 8.3 0.0 16.7 0.0 33.3 0.0 0.0 0.0 0.0 0.0 0.0 0.0 50.0 0.0 0.0 50.0 0.0 0.0
549 Otto Porter Jr. TOR 30 15 6 9 174.0 8.3 9.2 10.0 18.6 17.7 4.1 3.3 15.0 18.4 17.6 7.7 3.9 14.3 25.0 13.3 27.1 2.8 9.2
551 Zavier Simpson MEM 27 1 0 1 9.0 8.0 0.0 4.3 0.0 0.0 0.0 0.0 16.7 0.0 7.1 44.4 100 33.3 0.0 0.0 33.3 0.0 0.0
552 Ibou Badji POR 21 21 5 16 216.0 7.8 8.5 5.3 0.0 0.0 7.5 11.0 42.6 22.8 27.9 16.7 17.5 9.1 62.5 11.5 42.3 15.7 7.5
553 Taj Gibson DET 38 17 7 10 176.0 7.7 5.5 7.7 2.4 6.3 3.9 3.5 41.7 15.2 19.2 13.0 11.9 12.5 50.0 5.6 38.7 5.0 5.0
554 Ryan Arcidiacono NYK 30 20 15 5 45.0 7.4 0.0 8.0 0.0 15.0 0.0 0.0 0.0 21.6 17.8 22.2 11.8 20.0 0.0 0.0 35.7 22.2 0.0
555 Pat Spencer GSW 27 3 1 2 6.0 7.1 25.0 9.1 0.0 0.0 0.0 0.0 0.0 0.0 0.0 50.0 0.0 0.0 0.0 0.0 0.0 0.0 20.0
556 Nathan Mensah CHA 25 25 3 22 307.0 6.8 5.5 5.2 0.0 0.0 8.9 9.4 50.0 19.4 26.6 7.6 14.4 14.3 50.0 5.3 47.4 16.7 5.5
557 Jericho Sims NYK 25 43 28 15 561.0 6.0 8.6 5.4 0.0 0.0 9.5 11.6 35.5 23.5 26.9 9.2 9.6 11.3 40.0 2.8 22.8 12.7 7.6
558 P.J. Tucker LAC 38 25 10 15 389.0 5.3 4.2 5.7 9.4 10.2 2.0 1.7 26.7 18.0 20.2 6.9 7.0 19.1 14.9 4.8 29.8 6.7 4.5
559 Marques Bolden CHA 25 4 2 2 16.0 5.3 0.0 3.6 0.0 0.0 0.0 0.0 0.0 23.1 23.1 0.0 25.0 0.0 0.0 0.0 40.0 14.3 0.0
560 Danny Green PHI 36 2 1 1 18.0 4.3 0.0 5.7 0.0 7.7 0.0 0.0 0.0 15.4 12.5 7.7 0.0 50.0 0.0 0.0 12.5 0.0 0.0
561 Usman Garuba GSW 22 3 2 1 8.0 4.2 0.0 7.1 0.0 0.0 0.0 0.0 33.3 0.0 16.7 33.3 0.0 100 0.0 33.3 50.0 0.0 0.0
562 Javonte Smart PHI 24 1 1 0 1.0 0.0 0.0 0.0 0.0 0.0 0.0 0.0 0.0 0.0 0.0 0.0 0.0 0.0 0.0 0.0 0.0 0.0 0.0
562 Justin Jackson MIN 29 2 2 0 1.0 0.0 0.0 0.0 0.0 0.0 0.0 0.0 0.0 0.0 0.0 0.0 0.0 0.0 0.0 0.0 0.0 0.0 0.0
562 Malcolm Cazalon DET 22 1 0 1 3.0 0.0 0.0 0.0 0.0 0.0 0.0 0.0 0.0 0.0 0.0 0.0 0.0 0.0 0.0 0.0 0.0 0.0 0.0
562 Quenton Jackson IND 25 1 1 0 2.0 0.0 0.0 0.0 0.0 0.0 0.0 0.0 0.0 50.0 50.0 0.0 0.0 0.0 0.0 0.0 0.0 0.0 0.0
562 Ron Harper Jr. TOR 23 1 1 0 4.0 0.0 0.0 0.0 0.0 0.0 0.0 0.0 0.0 0.0 0.0 33.3 0.0 0.0 0.0 0.0 33.3 0.0 0.0